Code vehicule,Code chauffeur,Date (GMT),Latitude,Longitude,Vitesse,I/O,Valide
4553,02464,2022-05-25 12:09:54,0,0,0,04,0,
4553,02464,2022-05-25 12:09:58,25.49481,-103.39739,0,04,1,
4553,02464,2022-05-25 12:10:25,25.49481,-103.3974,0,04,1,
4553,02464,2022-05-25 12:10:55,25.49489,-103.39749,0,04,1,
4553,02464,2022-05-25 12:11:25,25.4949,-103.39748,0,04,1,
4553,02464,2022-05-25 12:11:56,25.4949,-103.39747,0,04,1,
4553,02464,2022-05-25 12:12:27,25.49459,-103.39754,10,04,1,
4553,02464,2022-05-25 12:12:57,25.49381,-103.39689,11,04,1,
4553,02464,2022-05-25 12:13:27,25.494,-103.39535,46,04,1,
4553,02464,2022-05-25 12:13:58,25.49464,-103.39118,51,04,1,
4553,02464,2022-05-25 12:14:28,25.49527,-103.38706,50,04,1,
4553,02464,2022-05-25 12:14:54,25.49576,-103.38385,42,04,1,
4553,02464,2022-05-25 12:15:24,25.49611,-103.38155,7,04,1,
4553,02464,2022-05-25 12:15:54,25.49621,-103.38033,19,04,1,
4553,02464,2022-05-25 12:15:59,25.49617,-103.3801,16,00,1,
4553,02464,2022-05-25 12:16:30,25.4962,-103.37958,0,00,1,
4553,02464,2022-05-25 12:17:00,25.49631,-103.37963,0,00,1,
4553,02464,2022-05-25 12:17:30,25.49672,-103.37989,18,00,1,
4553,02464,2022-05-25 12:18:01,25.49676,-103.37998,0,00,1,
4553,02464,2022-05-25 12:18:31,25.49676,-103.37998,1,00,1,
4553,02464,2022-05-25 12:18:57,25.49728,-103.38091,0,00,1,
4553,02464,2022-05-25 12:19:28,25.49822,-103.38259,32,00,1,
4553,02464,2022-05-25 12:19:53,25.4993,-103.38451,27,00,1,
4553,02464,2022-05-25 12:20:23,25.5006,-103.38684,34,00,1,
4553,02464,2022-05-25 12:20:53,25.5015,-103.3884,16,00,1,
4553,02464,2022-05-25 12:21:24,25.5022,-103.38992,12,00,1,
4553,02464,2022-05-25 12:21:54,25.5032,-103.39161,10,00,1,
4553,02464,2022-05-25 12:22:25,25.50374,-103.39118,18,00,1,
4553,02464,2022-05-25 12:22:55,25.50543,-103.38986,15,00,1,
4553,02464,2022-05-25 12:23:25,25.50484,-103.38871,20,00,1,
4553,02464,2022-05-25 12:23:56,25.50446,-103.38813,13,00,1,
4553,02464,2022-05-25 12:24:26,25.50418,-103.3877,11,00,1,
4553,02464,2022-05-25 12:24:56,25.50387,-103.38724,8,00,1,
4553,02464,2022-05-25 12:25:21,25.50368,-103.38694,0,00,1,
4553,02465,2022-05-25 12:25:42,25.50368,-103.38695,0,04,1,
4553,02465,2022-05-25 12:25:42,25.50368,-103.38695,0,00,1,
4553,02466,2022-05-25 12:25:47,25.50368,-103.38695,0,04,1,
4553,02466,2022-05-25 12:26:17,25.50342,-103.38654,28,04,1,
4553,02466,2022-05-25 12:26:48,25.50241,-103.38494,24,04,1,
4553,02466,2022-05-25 12:27:18,25.50151,-103.38357,15,04,1,
4553,02466,2022-05-25 12:27:48,25.50092,-103.38244,14,04,1,
4553,02466,2022-05-25 12:28:18,25.50233,-103.38132,0,04,1,
4553,02466,2022-05-25 12:28:49,25.50247,-103.38122,18,04,1,
4553,02466,2022-05-25 12:29:14,25.50372,-103.38045,0,04,1,
4553,02466,2022-05-25 12:29:44,25.50444,-103.38203,0,04,1,
4553,02466,2022-05-25 12:30:15,25.50591,-103.38097,14,04,1,
4553,02466,2022-05-25 12:30:45,25.50741,-103.38,0,04,1,
4553,02466,2022-05-25 12:31:16,25.50781,-103.38068,3,04,1,
4553,02466,2022-05-25 12:31:46,25.50843,-103.38165,24,04,1,
4553,02466,2022-05-25 12:32:16,25.50923,-103.38291,0,04,1,
4553,02466,2022-05-25 12:32:47,25.50897,-103.38346,29,04,1,
4553,02466,2022-05-25 12:33:17,25.5066,-103.38533,8,04,1,
4553,02466,2022-05-25 12:33:47,25.50752,-103.38695,46,04,1,
4553,02466,2022-05-25 12:34:13,25.50889,-103.38911,14,04,1,
4553,02466,2022-05-25 12:34:43,25.50941,-103.38992,14,04,1,
4553,02466,2022-05-25 12:35:13,25.51,-103.39079,18,04,1,
4553,02466,2022-05-25 12:35:44,25.51118,-103.39264,36,04,1,
4553,02466,2022-05-25 12:36:14,25.51229,-103.39436,0,04,1,
4553,02466,2022-05-25 12:36:45,25.51267,-103.39452,11,04,1,
4553,02466,2022-05-25 12:37:15,25.51505,-103.39405,49,04,1,
4553,02466,2022-05-25 12:37:45,25.51688,-103.39401,25,04,1,
4553,02466,2022-05-25 12:38:16,25.51878,-103.39402,37,04,1,
4553,02466,2022-05-25 12:38:46,25.52047,-103.39399,20,04,1,
4553,02466,2022-05-25 12:39:16,25.52182,-103.39398,0,04,1,
4553,02466,2022-05-25 12:39:41,25.52237,-103.39397,0,04,1,
4553,02466,2022-05-25 12:40:12,25.52346,-103.39396,33,04,1,
4553,02466,2022-05-25 12:40:42,25.52618,-103.39395,40,04,1,
4553,02466,2022-05-25 12:41:13,25.52778,-103.39393,20,04,1,
4553,02466,2022-05-25 12:41:43,25.52953,-103.39392,16,04,1,
4553,02466,2022-05-25 12:42:13,25.53091,-103.39388,3,04,1,
4553,02466,2022-05-25 12:42:44,25.53208,-103.3939,29,04,1,
4553,02466,2022-05-25 12:43:14,25.53411,-103.39387,0,04,1,
4553,02466,2022-05-25 12:43:44,25.53409,-103.39387,0,04,1,
4553,02466,2022-05-25 12:44:15,25.53471,-103.39387,0,04,1,
4553,02466,2022-05-25 12:44:40,25.5347,-103.39387,0,04,1,
4553,02466,2022-05-25 12:45:10,25.5347,-103.39387,0,04,1,
4553,02466,2022-05-25 12:45:40,25.53527,-103.39403,20,04,1,
4553,02466,2022-05-25 12:46:11,25.53535,-103.39516,0,04,1,
4553,02466,2022-05-25 12:46:41,25.53537,-103.39624,7,04,1,
4553,02466,2022-05-25 12:47:12,25.53536,-103.39922,47,04,1,
4553,02466,2022-05-25 12:47:42,25.53535,-103.40172,29,04,1,
4553,02466,2022-05-25 12:48:12,25.53535,-103.40349,22,04,1,
4553,02466,2022-05-25 12:48:43,25.53556,-103.40564,35,04,1,
4553,02466,2022-05-25 12:49:13,25.53557,-103.40777,5,04,1,
4553,02466,2022-05-25 12:49:43,25.53558,-103.41012,37,04,1,
4553,02466,2022-05-25 12:50:08,25.53559,-103.41118,2,04,1,
4553,02466,2022-05-25 12:50:39,25.53559,-103.41186,18,04,1,
4553,02466,2022-05-25 12:51:09,25.53559,-103.41259,0,04,1,
4553,02466,2022-05-25 12:51:40,25.53559,-103.41258,0,04,1,
4553,02466,2022-05-25 12:52:10,25.5356,-103.41347,23,04,1,
4553,02466,2022-05-25 12:52:40,25.5356,-103.41451,0,04,1,
4553,02466,2022-05-25 12:53:11,25.53561,-103.4145,0,04,1,
4553,02466,2022-05-25 12:53:41,25.5356,-103.41629,41,04,1,
4553,02466,2022-05-25 12:54:11,25.53561,-103.41805,0,04,1,
4553,02466,2022-05-25 12:54:42,25.53561,-103.41805,4,04,1,
4553,02466,2022-05-25 12:55:12,25.5356,-103.41999,22,04,1,
4553,02466,2022-05-25 12:55:37,25.53565,-103.42251,33,04,1,
4553,02466,2022-05-25 12:56:08,25.53567,-103.42303,20,04,1,
4553,02466,2022-05-25 12:56:38,25.53567,-103.42463,20,04,1,
4553,02466,2022-05-25 12:57:08,25.53567,-103.42876,62,04,1,
4553,02466,2022-05-25 12:57:39,25.53573,-103.43381,23,04,1,
4553,02466,2022-05-25 12:58:09,25.53576,-103.43393,0,04,1,
4553,02466,2022-05-25 12:58:39,25.53575,-103.43599,42,04,1,
4553,02466,2022-05-25 12:59:10,25.53577,-103.44043,37,04,1,
4553,02466,2022-05-25 12:59:40,25.53578,-103.44186,10,04,1,
4553,02466,2022-05-25 13:00:10,25.53579,-103.44195,12,04,1,
4553,02466,2022-05-25 13:00:36,25.53579,-103.44308,2,04,1,
4553,02466,2022-05-25 13:01:06,25.53581,-103.44559,14,04,1,
4553,02466,2022-05-25 13:01:36,25.53579,-103.44683,38,04,1,
4553,02466,2022-05-25 13:02:07,25.53579,-103.44774,0,04,1,
4553,02466,2022-05-25 13:02:37,25.53582,-103.44889,18,04,1,
4553,02466,2022-05-25 13:03:08,25.53582,-103.45242,41,04,1,
4553,02466,2022-05-25 13:03:38,25.53583,-103.45421,35,04,1,
4553,02466,2022-05-25 13:04:08,25.53586,-103.45608,11,04,1,
4553,02466,2022-05-25 13:04:38,25.53588,-103.4579,2,04,1,
4553,02466,2022-05-25 13:05:09,25.53588,-103.45977,20,04,1,
4553,02466,2022-05-25 13:05:37,25.53578,-103.46106,32,04,1,
4553,02466,2022-05-25 13:06:04,25.53522,-103.46348,33,04,1,
4553,02466,2022-05-25 13:06:35,25.53565,-103.46527,24,04,1,
4553,02466,2022-05-25 13:07:05,25.53741,-103.46571,18,04,1,
4553,02466,2022-05-25 13:07:35,25.53911,-103.46619,4,04,1,
4553,02466,2022-05-25 13:08:06,25.53913,-103.4662,0,04,1,
4553,02466,2022-05-25 13:08:36,25.53914,-103.4662,0,04,1,
4553,02466,2022-05-25 13:09:06,25.54076,-103.46668,22,04,1,
4553,02466,2022-05-25 13:09:37,25.5412,-103.46681,25,04,1,
4553,02466,2022-05-25 13:10:07,25.54068,-103.46772,26,04,1,
4553,02466,2022-05-25 13:10:38,25.54002,-103.46759,9,04,1,
4553,02466,2022-05-25 13:11:03,25.53996,-103.46756,0,04,1,
4553,02466,2022-05-25 13:11:33,25.53997,-103.46756,0,04,1,
4553,02466,2022-05-25 13:12:04,25.53997,-103.46755,0,04,1,
4553,02466,2022-05-25 13:12:34,25.5392,-103.46732,34,04,1,
4553,02466,2022-05-25 13:13:04,25.53766,-103.46691,25,04,1,
4553,02466,2022-05-25 13:13:35,25.53638,-103.46657,4,04,1,
4553,02466,2022-05-25 13:14:05,25.53638,-103.46657,0,04,1,
4553,02466,2022-05-25 13:14:35,25.53638,-103.46657,0,04,1,
4553,02466,2022-05-25 13:15:06,25.53611,-103.46647,12,04,1,
4553,02466,2022-05-25 13:15:36,25.53523,-103.46619,0,04,1,
4553,02466,2022-05-25 13:16:01,25.53515,-103.46608,6,04,1,
4553,02466,2022-05-25 13:16:32,25.53475,-103.46522,25,04,1,
4553,02466,2022-05-25 13:17:02,25.53543,-103.46204,39,04,1,
4553,02466,2022-05-25 13:17:32,25.53575,-103.45936,10,04,1,
4553,02466,2022-05-25 13:18:03,25.53575,-103.45797,20,04,1,
4553,02466,2022-05-25 13:18:33,25.53573,-103.45622,24,04,1,
4553,02466,2022-05-25 13:19:04,25.53574,-103.4547,30,04,1,
4553,02466,2022-05-25 13:19:34,25.53574,-103.453,0,04,1,
4553,02466,2022-05-25 13:20:04,25.53574,-103.45299,2,04,1,
4553,02466,2022-05-25 13:20:35,25.53572,-103.44973,37,04,1,
4553,02466,2022-05-25 13:20:50,25.53569,-103.44917,0,04,1,
4553,02466,2022-05-25 13:21:15,25.53569,-103.44919,0,04,1,
4553,02466,2022-05-25 13:21:45,25.5357,-103.44919,0,04,1,
4553,02466,2022-05-25 13:22:16,25.53567,-103.44838,23,04,1,
4553,02466,2022-05-25 13:22:46,25.53566,-103.44605,10,04,1,
4553,02466,2022-05-25 13:23:16,25.53566,-103.44496,28,04,1,
4553,02466,2022-05-25 13:23:46,25.53564,-103.44278,2,04,1,
4553,02466,2022-05-25 13:24:17,25.53564,-103.44278,0,04,1,
4553,02466,2022-05-25 13:24:47,25.53564,-103.4418,32,04,1,
4553,02466,2022-05-25 13:25:18,25.53564,-103.43861,43,04,1,
4553,02466,2022-05-25 13:25:48,25.5356,-103.43672,0,04,1,
4553,02466,2022-05-25 13:26:14,25.5356,-103.43649,0,04,1,
4553,02466,2022-05-25 13:26:44,25.53562,-103.43535,32,04,1,
4553,02466,2022-05-25 13:27:14,25.53559,-103.43368,2,04,1,
4553,02466,2022-05-25 13:27:45,25.53559,-103.43239,43,04,1,
4553,02466,2022-05-25 13:28:15,25.53558,-103.42796,52,04,1,
4553,02466,2022-05-25 13:28:45,25.53554,-103.42519,27,04,1,
4553,02466,2022-05-25 13:29:16,25.53553,-103.42279,3,04,1,
4553,02466,2022-05-25 13:29:46,25.53554,-103.4228,0,04,1,
4553,02466,2022-05-25 13:29:56,25.53553,-103.42264,11,04,1,
4553,02466,2022-05-25 13:30:21,25.53552,-103.42212,0,04,1,
4553,02466,2022-05-25 13:30:52,25.53553,-103.42097,19,04,1,
4553,02466,2022-05-25 13:31:22,25.53553,-103.42035,9,04,1,
4553,02466,2022-05-25 13:31:53,25.5355,-103.41922,11,04,1,
4553,02466,2022-05-25 13:32:23,25.5355,-103.41783,35,04,1,
4553,02466,2022-05-25 13:32:54,25.53549,-103.41603,0,04,1,
4553,02466,2022-05-25 13:33:24,25.53551,-103.41604,0,04,1,
4553,02466,2022-05-25 13:33:54,25.53551,-103.41578,23,04,1,
4553,02466,2022-05-25 13:34:25,25.53549,-103.41247,40,04,1,
4553,02466,2022-05-25 13:34:50,25.53544,-103.41073,3,04,1,
4553,02466,2022-05-25 13:35:20,25.5353,-103.40784,36,04,1,
4553,02466,2022-05-25 13:35:51,25.5353,-103.40642,20,04,1,
4553,02466,2022-05-25 13:36:21,25.53531,-103.40629,0,04,1,
4553,02466,2022-05-25 13:36:51,25.5353,-103.40597,17,04,1,
4553,02466,2022-05-25 13:37:22,25.53513,-103.40225,42,04,1,
4553,02466,2022-05-25 13:37:52,25.53509,-103.39839,37,04,1,
4553,02466,2022-05-25 13:38:22,25.53476,-103.39609,4,04,1,
4553,02466,2022-05-25 13:38:53,25.53475,-103.39611,0,04,1,
4553,02466,2022-05-25 13:39:23,25.53431,-103.3961,29,04,1,
4553,02466,2022-05-25 13:39:43,25.53255,-103.39609,43,00,1,
4553,02466,2022-05-25 13:40:14,25.52961,-103.39612,19,00,1,
4553,02466,2022-05-25 13:40:45,25.528,-103.39616,4,00,1,
4553,02466,2022-05-25 13:41:15,25.52598,-103.39613,43,00,1,
4553,02466,2022-05-25 13:41:45,25.52338,-103.39614,10,00,1,
4553,02466,2022-05-25 13:42:16,25.52214,-103.39618,17,00,1,
4553,02466,2022-05-25 13:42:41,25.52208,-103.39618,0,00,1,
4553,02466,2022-05-25 13:43:12,25.52209,-103.39618,0,00,1,
4553,02466,2022-05-25 13:43:42,25.52105,-103.39618,15,00,1,
4553,02466,2022-05-25 13:44:12,25.51816,-103.39616,46,00,1,
4553,02466,2022-05-25 13:44:43,25.51756,-103.39494,28,00,1,
4553,02466,2022-05-25 13:45:13,25.51756,-103.39132,51,00,1,
4553,02466,2022-05-25 13:45:43,25.51751,-103.38971,1,00,1,
4553,02466,2022-05-25 13:46:13,25.51661,-103.39055,35,00,1,
4553,02466,2022-05-25 13:46:44,25.51486,-103.39244,45,00,1,
4553,02466,2022-05-25 13:47:14,25.5136,-103.39378,27,00,1,
4553,02466,2022-05-25 13:47:40,25.51285,-103.39458,0,00,1,
4553,02466,2022-05-25 13:48:10,25.51238,-103.39507,19,00,1,
4553,02466,2022-05-25 13:48:41,25.51076,-103.39674,30,00,1,
4553,02466,2022-05-25 13:49:11,25.50973,-103.39784,32,00,1,
4553,02466,2022-05-25 13:49:41,25.50867,-103.39897,0,00,1,
4553,02466,2022-05-25 13:50:12,25.50793,-103.39977,0,00,1,
4553,02466,2022-05-25 13:50:42,25.50794,-103.39976,0,00,1,
4553,02466,2022-05-25 13:51:12,25.50706,-103.40079,19,00,1,
4553,02466,2022-05-25 13:51:43,25.50611,-103.40191,27,00,1,
4553,02466,2022-05-25 13:52:13,25.50434,-103.40403,36,00,1,
4553,02466,2022-05-25 13:52:39,25.50269,-103.40559,0,00,1,
4553,02466,2022-05-25 13:53:09,25.50097,-103.40685,34,00,1,
4553,02466,2022-05-25 13:53:39,25.4984,-103.40919,51,00,1,
4553,02466,2022-05-25 13:54:10,25.4968,-103.41049,19,00,1,
4553,02466,2022-05-25 13:54:40,25.49666,-103.4106,0,00,1,
4553,02466,2022-05-25 13:55:10,25.49646,-103.41066,15,00,1,
4553,02466,2022-05-25 13:55:41,25.49615,-103.41037,0,00,1,
4553,02466,2022-05-25 13:56:11,25.49615,-103.41037,0,00,1,
4553,02466,2022-05-25 13:56:41,25.49616,-103.41038,0,00,1,
4553,02466,2022-05-25 13:57:12,25.49616,-103.41038,0,00,1,
4553,02466,2022-05-25 13:57:37,25.49616,-103.41038,0,00,1,
4553,02466,2022-05-25 13:58:08,25.49616,-103.41038,0,00,1,
4553,02466,2022-05-25 13:58:38,25.49576,-103.40978,23,00,1,
4553,02466,2022-05-25 13:59:08,25.49596,-103.4089,21,00,1,
4553,02466,2022-05-25 13:59:39,25.497,-103.40742,22,00,1,
4553,02466,2022-05-25 14:00:09,25.49665,-103.40588,5,00,1,
4553,02466,2022-05-25 14:00:39,25.49593,-103.40511,13,00,1,
4553,02466,2022-05-25 14:01:10,25.49493,-103.40395,27,00,1,
4553,02466,2022-05-25 14:01:40,25.49352,-103.40259,12,00,1,
4553,02466,2022-05-25 14:02:11,25.49261,-103.40368,22,00,1,
4553,02466,2022-05-25 14:02:36,25.49185,-103.4045,0,00,1,
4553,02466,2022-05-25 14:03:06,25.49217,-103.40498,7,00,1,
4553,02466,2022-05-25 14:03:37,25.49343,-103.40657,26,00,1,
4553,02466,2022-05-25 14:04:07,25.49475,-103.40824,24,00,1,
4553,02466,2022-05-25 14:04:38,25.49523,-103.40884,0,00,1,
4553,02466,2022-05-25 14:05:08,25.49496,-103.4088,0,00,1,
4553,02466,2022-05-25 14:05:38,25.49496,-103.40879,0,00,1,
4553,02466,2022-05-25 14:06:09,25.4948,-103.40857,13,00,1,
4553,02466,2022-05-25 14:06:39,25.49318,-103.40645,37,00,1,
4553,02466,2022-05-25 14:07:04,25.49194,-103.40495,6,00,1,
4553,02466,2022-05-25 14:07:35,25.49195,-103.40495,0,00,1,
4553,02466,2022-05-25 14:08:10,25.49195,-103.40494,0,00,1,
4553,02466,2022-05-25 14:08:20,25.49195,-103.40494,0,00,1,
4553,02466,2022-05-25 14:08:31,25.49192,-103.40495,0,00,1,
4553,02466,2022-05-25 14:08:56,25.49193,-103.40496,0,00,1,
4553,02466,2022-05-25 14:09:26,25.49193,-103.40496,0,00,1,
4553,02466,2022-05-25 14:09:42,25.49193,-103.40496,0,00,1,
4553,02466,2022-05-25 14:10:07,25.49194,-103.40494,0,00,1,
4553,02466,2022-05-25 14:10:37,25.49193,-103.40494,0,00,1,
4553,02467,2022-05-25 14:26:24,0,0,0,00,0,
4553,02467,2022-05-25 14:26:55,0,0,0,00,0,
4553,02467,2022-05-25 14:27:25,25.49238,-103.40389,12,00,1,
4553,02467,2022-05-25 14:27:51,25.49291,-103.40332,10,00,1,
4553,02467,2022-05-25 14:28:21,25.49351,-103.40259,0,00,1,
4553,02467,2022-05-25 14:28:51,25.4936,-103.40255,0,00,1,
4553,02467,2022-05-25 14:29:22,25.4936,-103.40255,0,00,1,
4553,02467,2022-05-25 14:29:52,25.49413,-103.40303,13,00,1,
4553,02467,2022-05-25 14:30:22,25.49486,-103.40381,0,00,1,
4553,02467,2022-05-25 14:30:53,25.49544,-103.40456,37,00,1,
4553,02467,2022-05-25 14:31:23,25.49686,-103.40612,26,00,1,
4553,02467,2022-05-25 14:31:53,25.49706,-103.40686,18,00,1,
4553,02467,2022-05-25 14:32:24,25.49646,-103.40851,0,00,1,
4553,02467,2022-05-25 14:32:49,25.49575,-103.40916,14,00,1,
4553,02468,2022-05-25 14:33:04,25.49572,-103.4092,0,04,1,
4553,02468,2022-05-25 14:33:09,25.49572,-103.4092,0,00,1,
4553,02469,2022-05-25 14:33:14,25.49572,-103.4092,0,04,1,
4553,02469,2022-05-25 14:33:45,25.49633,-103.41022,26,04,1,
4553,02469,2022-05-25 14:34:16,25.49691,-103.41018,0,04,1,
4553,02469,2022-05-25 14:34:41,25.49773,-103.40958,31,04,1,
4553,02469,2022-05-25 14:35:11,25.50006,-103.4078,38,04,1,
4553,02469,2022-05-25 14:35:42,25.5022,-103.40578,0,04,1,
4553,02469,2022-05-25 14:36:08,25.50271,-103.40538,16,04,1,
4553,02469,2022-05-25 14:36:38,25.50415,-103.40405,41,04,1,
4553,02469,2022-05-25 14:37:09,25.50563,-103.40225,32,04,1,
4553,02469,2022-05-25 14:37:39,25.50661,-103.40107,35,04,1,
4553,02469,2022-05-25 14:38:09,25.50789,-103.39952,27,04,1,
4553,02469,2022-05-25 14:38:40,25.50877,-103.3986,30,04,1,
4553,02469,2022-05-25 14:39:10,25.51009,-103.39722,0,04,1,
4553,02469,2022-05-25 14:39:40,25.51008,-103.39722,0,04,1,
4553,02469,2022-05-25 14:40:05,25.51008,-103.39723,0,04,1,
4553,02469,2022-05-25 14:40:36,25.51028,-103.39702,26,04,1,
4553,02469,2022-05-25 14:41:06,25.51259,-103.3946,25,04,1,
4553,02469,2022-05-25 14:41:37,25.51326,-103.39406,30,04,1,
4553,02469,2022-05-25 14:42:07,25.51521,-103.39403,28,04,1,
4553,02469,2022-05-25 14:42:37,25.51743,-103.39402,32,04,1,
4553,02469,2022-05-25 14:43:08,25.51929,-103.39401,38,04,1,
4553,02469,2022-05-25 14:43:38,25.52154,-103.39399,31,04,1,
4553,02469,2022-05-25 14:44:08,25.52188,-103.39399,0,04,1,
4553,02469,2022-05-25 14:44:39,25.52292,-103.39398,42,04,1,
4553,02469,2022-05-25 14:45:04,25.52432,-103.39397,30,04,1,
4553,02469,2022-05-25 14:45:34,25.52605,-103.39395,22,04,1,
4553,02469,2022-05-25 14:46:05,25.52704,-103.39394,12,04,1,
4553,02469,2022-05-25 14:46:35,25.5299,-103.39392,48,04,1,
4553,02469,2022-05-25 14:47:05,25.53158,-103.3939,14,04,1,
4553,02469,2022-05-25 14:47:36,25.53389,-103.39383,46,04,1,
4553,02469,2022-05-25 14:48:06,25.53482,-103.39382,0,04,1,
4553,02469,2022-05-25 14:48:36,25.53501,-103.39381,6,04,1,
4553,02469,2022-05-25 14:49:07,25.53537,-103.39525,20,04,1,
4553,02469,2022-05-25 14:49:37,25.53537,-103.39545,0,04,1,
4553,02469,2022-05-25 14:50:07,25.53536,-103.39777,34,04,1,
4553,02469,2022-05-25 14:50:33,25.53537,-103.4002,34,04,1,
4553,02469,2022-05-25 14:51:03,25.53536,-103.4018,26,04,1,
4553,02469,2022-05-25 14:51:33,25.53536,-103.40337,23,04,1,
4553,02469,2022-05-25 14:52:04,25.53546,-103.40471,26,04,1,
4553,02469,2022-05-25 14:52:34,25.53558,-103.4076,22,04,1,
4553,02469,2022-05-25 14:53:04,25.53557,-103.40939,31,04,1,
4553,02469,2022-05-25 14:53:35,25.5356,-103.41131,26,04,1,
4553,02469,2022-05-25 14:54:05,25.53561,-103.41391,18,04,1,
4553,02469,2022-05-25 14:54:35,25.53563,-103.41704,6,04,1,
4553,02469,2022-05-25 14:55:06,25.53564,-103.41816,16,04,1,
4553,02469,2022-05-25 14:55:35,25.53565,-103.41969,12,04,1,
4553,02469,2022-05-25 14:56:01,25.53565,-103.42009,0,04,1,
4553,02469,2022-05-25 14:56:32,25.53565,-103.42008,0,04,1,
4553,02469,2022-05-25 14:57:02,25.53564,-103.42112,24,04,1,
4553,02469,2022-05-25 14:57:32,25.53567,-103.42232,0,04,1,
4553,02469,2022-05-25 14:58:03,25.53568,-103.42279,2,04,1,
4553,02469,2022-05-25 14:58:33,25.53568,-103.42439,22,04,1,
4553,02469,2022-05-25 14:59:03,25.53569,-103.42632,17,04,1,
4553,02469,2022-05-25 14:59:34,25.53571,-103.42884,0,04,1,
4553,02469,2022-05-25 15:00:04,25.53572,-103.42882,0,04,1,
4553,02469,2022-05-25 15:00:34,25.53571,-103.42955,35,04,1,
4553,02469,2022-05-25 15:01:00,25.53572,-103.43313,42,04,1,
4553,02469,2022-05-25 15:01:30,25.53575,-103.43445,15,04,1,
4553,02469,2022-05-25 15:02:00,25.53574,-103.43568,26,04,1,
4553,02469,2022-05-25 15:02:31,25.53574,-103.43701,37,04,1,
4553,02469,2022-05-25 15:03:01,25.53578,-103.43984,10,04,1,
4553,02469,2022-05-25 15:03:31,25.5358,-103.44214,0,04,1,
4553,02469,2022-05-25 15:04:02,25.5358,-103.44214,8,04,1,
4553,02469,2022-05-25 15:04:32,25.53581,-103.44498,40,04,1,
4553,02469,2022-05-25 15:04:47,25.53578,-103.44575,0,04,1,
4553,02469,2022-05-25 15:05:02,25.53584,-103.44632,31,04,1,
4553,02469,2022-05-25 15:05:18,25.53582,-103.44696,23,04,1,
4553,02469,2022-05-25 15:05:33,25.53583,-103.44758,0,04,1,
4553,02469,2022-05-25 15:05:43,25.5358,-103.44786,10,04,1,
4553,02469,2022-05-25 15:06:08,25.53579,-103.44798,3,04,1,
4553,02469,2022-05-25 15:06:38,25.53581,-103.45024,37,04,1,
4553,02469,2022-05-25 15:07:09,25.53581,-103.45309,15,04,1,
4553,02469,2022-05-25 15:07:39,25.53585,-103.45456,16,04,1,
4553,02469,2022-05-25 15:08:10,25.53585,-103.45624,5,04,1,
4553,02469,2022-05-25 15:08:35,25.53586,-103.45802,22,04,1,
4553,02469,2022-05-25 15:09:00,25.5359,-103.45935,0,04,1,
4553,02469,2022-05-25 15:09:30,25.53589,-103.4605,7,04,1,
4553,02469,2022-05-25 15:10:01,25.53549,-103.46235,0,04,1,
4553,02469,2022-05-25 15:10:31,25.53534,-103.46268,27,04,1,
4553,02469,2022-05-25 15:11:01,25.53495,-103.46508,19,04,1,
4553,02469,2022-05-25 15:11:32,25.53533,-103.46516,0,04,1,
4553,02469,2022-05-25 15:12:02,25.53539,-103.46517,0,04,1,
4553,02469,2022-05-25 15:12:32,25.53648,-103.46545,19,04,1,
4553,02469,2022-05-25 15:13:03,25.53845,-103.466,34,04,1,
4553,02469,2022-05-25 15:13:33,25.54007,-103.46646,0,04,1,
4553,02469,2022-05-25 15:14:02,25.54005,-103.46645,0,04,1,
4553,02469,2022-05-25 15:14:29,25.54005,-103.46645,0,04,1,
4553,02469,2022-05-25 15:14:59,25.5413,-103.46684,6,04,1,
4553,02469,2022-05-25 15:15:29,25.54148,-103.46693,20,04,1,
4553,02469,2022-05-25 15:16:00,25.54041,-103.46765,22,04,1,
4553,02469,2022-05-25 15:16:30,25.54008,-103.46758,6,04,1,
4553,02469,2022-05-25 15:17:00,25.5389,-103.46722,16,04,1,
4553,02469,2022-05-25 15:17:31,25.53751,-103.46684,16,04,1,
4553,02469,2022-05-25 15:18:01,25.53722,-103.46679,0,04,1,
4553,02469,2022-05-25 15:18:31,25.53723,-103.46678,0,04,1,
4553,02469,2022-05-25 15:19:02,25.53687,-103.46668,13,04,1,
4553,02469,2022-05-25 15:19:27,25.53632,-103.46652,1,04,1,
4553,02469,2022-05-25 15:19:58,25.53567,-103.46632,10,04,1,
4553,02469,2022-05-25 15:20:28,25.53519,-103.46614,0,04,1,
4553,02469,2022-05-25 15:20:58,25.53517,-103.46612,5,04,1,
4553,02469,2022-05-25 15:21:29,25.53479,-103.46566,2,04,1,
4553,02469,2022-05-25 15:21:59,25.53497,-103.46399,37,04,1,
4553,02469,2022-05-25 15:22:29,25.53543,-103.46184,4,04,1,
4553,02469,2022-05-25 15:23:00,25.53569,-103.46083,15,04,1,
4553,02469,2022-05-25 15:23:30,25.53577,-103.4585,38,04,1,
4553,02469,2022-05-25 15:24:01,25.53573,-103.45709,0,04,1,
4553,02469,2022-05-25 15:24:26,25.53574,-103.45521,38,04,1,
4553,02469,2022-05-25 15:24:56,25.53572,-103.45242,29,04,1,
4553,02469,2022-05-25 15:25:27,25.53569,-103.4493,16,04,1,
4553,02469,2022-05-25 15:25:57,25.53568,-103.44923,0,04,1,
4553,02469,2022-05-25 15:26:27,25.53572,-103.44895,19,04,1,
4553,02469,2022-05-25 15:26:58,25.53568,-103.44685,23,04,1,
4553,02469,2022-05-25 15:27:28,25.53566,-103.44564,0,04,1,
4553,02469,2022-05-25 15:27:58,25.53567,-103.44564,0,04,1,
4553,02469,2022-05-25 15:28:29,25.53566,-103.44409,38,04,1,
4553,02469,2022-05-25 15:28:59,25.53564,-103.44164,31,04,1,
4553,02469,2022-05-25 15:29:24,25.53562,-103.43978,0,04,1,
4553,02469,2022-05-25 15:29:55,25.53561,-103.43799,31,04,1,
4553,02469,2022-05-25 15:30:25,25.5356,-103.43667,0,04,1,
4553,02469,2022-05-25 15:30:55,25.53563,-103.43647,0,04,1,
4553,02469,2022-05-25 15:31:26,25.5356,-103.43588,17,04,1,
4553,02469,2022-05-25 15:31:56,25.53558,-103.43383,0,04,1,
4553,02469,2022-05-25 15:32:26,25.53559,-103.43207,42,04,1,
4553,02469,2022-05-25 15:32:57,25.53555,-103.42932,0,04,1,
4553,02469,2022-05-25 15:33:27,25.53554,-103.42934,0,04,1,
4553,02469,2022-05-25 15:33:57,25.53554,-103.42826,38,04,1,
4553,02469,2022-05-25 15:34:27,25.53554,-103.4257,25,04,1,
4553,02469,2022-05-25 15:34:53,25.53553,-103.42248,32,04,1,
4553,02469,2022-05-25 15:35:23,25.53552,-103.42196,1,04,1,
4553,02469,2022-05-25 15:35:54,25.53553,-103.4207,9,04,1,
4553,02469,2022-05-25 15:36:24,25.53552,-103.42001,25,04,1,
4553,02469,2022-05-25 15:36:54,25.5355,-103.41861,0,04,1,
4553,02469,2022-05-25 15:37:25,25.5355,-103.41855,5,04,1,
4553,02469,2022-05-25 15:37:55,25.53549,-103.41573,34,04,1,
4553,02469,2022-05-25 15:38:25,25.53547,-103.41286,41,04,1,
4553,02469,2022-05-25 15:38:56,25.53543,-103.40996,43,04,1,
4553,02469,2022-05-25 15:39:26,25.53529,-103.40709,0,04,1,
4553,02469,2022-05-25 15:39:51,25.53529,-103.40687,0,04,1,
4553,02469,2022-05-25 15:40:22,25.53531,-103.40624,28,04,1,
4553,02469,2022-05-25 15:40:52,25.53515,-103.40307,43,04,1,
4553,02469,2022-05-25 15:41:23,25.53511,-103.3992,41,04,1,
4553,02469,2022-05-25 15:41:53,25.53508,-103.39622,15,04,1,
4553,02469,2022-05-25 15:42:23,25.53475,-103.3961,0,04,1,
4553,02469,2022-05-25 15:42:54,25.53476,-103.39611,0,04,1,
4553,02469,2022-05-25 15:43:24,25.53476,-103.39612,0,04,1,
4553,02469,2022-05-25 15:43:54,25.53476,-103.39612,0,04,1,
4553,02469,2022-05-25 15:44:25,25.53476,-103.39612,0,04,1,
4553,02469,2022-05-25 15:44:50,25.53462,-103.39612,0,04,1,
4553,02469,2022-05-25 15:45:20,25.5334,-103.39611,21,04,1,
4553,02469,2022-05-25 15:45:51,25.53028,-103.39611,39,04,1,
4553,02469,2022-05-25 15:46:21,25.528,-103.39616,6,04,1,
4553,02469,2022-05-25 15:46:51,25.52664,-103.39617,0,04,1,
4553,02469,2022-05-25 15:47:22,25.52465,-103.39615,40,04,1,
4553,02469,2022-05-25 15:47:52,25.52248,-103.39619,13,04,1,
4553,02469,2022-05-25 15:48:23,25.52172,-103.39619,28,04,1,
4553,02469,2022-05-25 15:48:53,25.52038,-103.3962,13,04,1,
4553,02469,2022-05-25 15:49:23,25.51762,-103.3961,21,04,1,
4553,02469,2022-05-25 15:49:49,25.51756,-103.39477,33,04,1,
4553,02469,2022-05-25 15:50:19,25.51755,-103.39156,46,04,1,
4553,02469,2022-05-25 15:50:49,25.51753,-103.38994,7,04,1,
4553,02469,2022-05-25 15:51:20,25.51626,-103.39094,35,04,1,
4553,02469,2022-05-25 15:51:45,25.51464,-103.39265,41,00,1,
4553,02469,2022-05-25 15:52:15,25.51351,-103.39389,23,00,1,
4553,02469,2022-05-25 15:52:46,25.51305,-103.39443,0,00,1,
4553,02470,2022-05-25 15:53:01,25.51306,-103.39442,0,04,1,
4553,02470,2022-05-25 15:53:32,25.51306,-103.39442,0,04,1,
4553,02470,2022-05-25 15:54:02,25.51263,-103.39473,2,00,1,
4553,02470,2022-05-25 15:54:32,25.51264,-103.39473,0,00,1,
4553,02470,2022-05-25 15:55:03,25.51234,-103.39465,14,00,1,
4553,02470,2022-05-25 15:55:33,25.5112,-103.39284,29,00,1,
4553,02470,2022-05-25 15:56:03,25.51015,-103.39118,28,00,1,
4553,02470,2022-05-25 15:56:34,25.5097,-103.39048,17,00,1,
4553,02470,2022-05-25 15:57:04,25.50852,-103.38864,31,00,1,
4553,02470,2022-05-25 15:57:30,25.50803,-103.38787,21,00,1,
4553,02470,2022-05-25 15:58:00,25.50716,-103.3865,0,00,1,
4553,02470,2022-05-25 15:58:30,25.50656,-103.38555,0,00,1,
4553,02470,2022-05-25 15:59:01,25.50657,-103.38556,0,00,1,
4553,02470,2022-05-25 15:59:31,25.50684,-103.38484,28,00,1,
4553,02470,2022-05-25 16:00:02,25.50862,-103.38348,33,00,1,
4553,02470,2022-05-25 16:00:32,25.50915,-103.3827,15,00,1,
4553,02470,2022-05-25 16:01:03,25.50827,-103.38136,15,00,1,
4553,02470,2022-05-25 16:01:33,25.50755,-103.38025,19,00,1,
4553,02470,2022-05-25 16:01:58,25.50694,-103.38016,23,00,1,
4553,02470,2022-05-25 16:02:29,25.50571,-103.38115,21,00,1,
4553,02470,2022-05-25 16:02:59,25.50439,-103.38213,2,00,1,
4553,02470,2022-05-25 16:03:29,25.50388,-103.38123,28,00,1,
4553,02470,2022-05-25 16:04:00,25.50246,-103.38138,25,00,1,
4553,02470,2022-05-25 16:04:30,25.50096,-103.38257,8,00,1,
4553,02470,2022-05-25 16:05:01,25.50166,-103.38373,26,00,1,
4553,02470,2022-05-25 16:05:31,25.50284,-103.38558,14,00,1,
4553,02470,2022-05-25 16:06:01,25.50194,-103.38636,17,00,1,
4553,02470,2022-05-25 16:06:32,25.50093,-103.38645,24,00,1,
4553,02470,2022-05-25 16:06:57,25.50001,-103.38477,29,00,1,
4553,02470,2022-05-25 16:07:27,25.49909,-103.38398,0,00,1,
4553,02470,2022-05-25 16:07:58,25.4985,-103.38327,34,00,1,
4553,02470,2022-05-25 16:08:28,25.49689,-103.38042,30,00,1,
4553,02470,2022-05-25 16:08:59,25.49663,-103.38008,0,00,1,
4553,02470,2022-05-25 16:09:29,25.49662,-103.38006,0,00,1,
4553,02470,2022-05-25 16:09:59,25.49661,-103.38005,0,00,1,
4553,02470,2022-05-25 16:10:30,25.49661,-103.38005,0,00,1,
4553,02470,2022-05-25 16:11:00,25.49662,-103.38005,0,00,1,
4553,02470,2022-05-25 16:11:30,25.49662,-103.38006,0,00,1,
4553,02470,2022-05-25 16:11:56,25.49662,-103.38006,0,00,1,
4553,02470,2022-05-25 16:12:26,25.49662,-103.38006,0,00,1,
4553,02470,2022-05-25 16:12:57,25.49662,-103.38006,0,00,1,
4553,02470,2022-05-25 16:13:27,25.49662,-103.38006,0,00,1,
4553,02470,2022-05-25 16:13:58,25.49661,-103.38005,0,00,1,
4553,02471,2022-05-25 16:34:00,25.49669,-103.37981,15,04,1,
4553,02471,2022-05-25 16:34:26,25.49678,-103.37997,0,04,1,
4553,02471,2022-05-25 16:34:56,25.49776,-103.38171,32,04,1,
4553,02471,2022-05-25 16:35:26,25.49898,-103.38388,27,04,1,
4553,02471,2022-05-25 16:35:57,25.50008,-103.38585,25,04,1,
4553,02471,2022-05-25 16:36:27,25.50124,-103.38791,31,04,1,
4553,02471,2022-05-25 16:36:58,25.5017,-103.38873,12,04,1,
4553,02471,2022-05-25 16:37:28,25.50249,-103.39041,23,04,1,
4553,02471,2022-05-25 16:37:58,25.50335,-103.39151,0,04,1,
4553,02471,2022-05-25 16:38:29,25.50457,-103.39057,25,04,1,
4553,02471,2022-05-25 16:38:54,25.50553,-103.38974,0,04,1,
4553,02471,2022-05-25 16:39:24,25.50474,-103.3885,6,04,1,
4553,02471,2022-05-25 16:39:55,25.50395,-103.38729,12,04,1,
4553,02471,2022-05-25 16:40:25,25.50337,-103.38642,16,04,1,
4553,02471,2022-05-25 16:40:56,25.50281,-103.38553,14,04,1,
4553,02471,2022-05-25 16:41:22,25.50206,-103.38436,16,04,1,
4553,02471,2022-05-25 16:41:52,25.50114,-103.38294,2,04,1,
4553,02471,2022-05-25 16:42:23,25.50123,-103.38221,29,04,1,
4553,02471,2022-05-25 16:42:53,25.50236,-103.38136,0,04,1,
4553,02471,2022-05-25 16:43:23,25.50345,-103.38056,37,04,1,
4553,02471,2022-05-25 16:43:49,25.50442,-103.38197,27,04,1,
4553,02471,2022-05-25 16:44:19,25.50592,-103.38101,9,04,1,
4553,02471,2022-05-25 16:44:50,25.50743,-103.38,14,04,1,
4553,02471,2022-05-25 16:45:20,25.50827,-103.38135,25,04,1,
4553,02471,2022-05-25 16:45:50,25.50915,-103.38273,23,04,1,
4553,02471,2022-05-25 16:46:21,25.50868,-103.3837,30,04,1,
4553,02471,2022-05-25 16:46:51,25.50684,-103.38514,21,04,1,
4553,02471,2022-05-25 16:47:22,25.50683,-103.3858,23,04,1,
4553,02471,2022-05-25 16:47:52,25.50788,-103.38741,6,04,1,
4553,02471,2022-05-25 16:48:22,25.50856,-103.38848,0,04,1,
4553,02471,2022-05-25 16:48:47,25.50899,-103.38915,21,04,1,
4553,02471,2022-05-25 16:49:18,25.50964,-103.39016,13,04,1,
4553,02471,2022-05-25 16:49:48,25.51078,-103.39195,16,04,1,
4553,02471,2022-05-25 16:50:18,25.51178,-103.39352,31,04,1,
4553,02471,2022-05-25 16:50:49,25.51249,-103.39459,1,04,1,
4553,02471,2022-05-25 16:51:19,25.5127,-103.3945,0,04,1,
4553,02471,2022-05-25 16:51:50,25.51269,-103.39449,0,04,1,
4553,02471,2022-05-25 16:52:20,25.51272,-103.39446,6,04,1,
4553,02471,2022-05-25 16:52:50,25.51326,-103.39405,0,04,1,
4553,02471,2022-05-25 16:53:21,25.51406,-103.39403,29,04,1,
4553,02471,2022-05-25 16:53:49,25.5154,-103.39405,30,04,1,
4553,02471,2022-05-25 16:54:16,25.51698,-103.39403,2,04,1,
4553,02471,2022-05-25 16:54:47,25.5175,-103.39403,0,04,1,
4553,02471,2022-05-25 16:55:17,25.51749,-103.39402,0,04,1,
4553,02471,2022-05-25 16:55:48,25.51852,-103.39402,30,04,1,
4553,02471,2022-05-25 16:56:18,25.52062,-103.39401,26,04,1,
4553,02471,2022-05-25 16:56:48,25.52224,-103.39399,15,04,1,
4553,02471,2022-05-25 16:57:18,25.52464,-103.39397,21,04,1,
4553,02471,2022-05-25 16:57:49,25.52636,-103.39396,29,04,1,
4553,02471,2022-05-25 16:58:19,25.52787,-103.39394,0,04,1,
4553,02471,2022-05-25 16:58:49,25.52996,-103.39393,38,04,1,
4553,02471,2022-05-25 16:59:15,25.53165,-103.39391,11,04,1,
4553,02471,2022-05-25 16:59:45,25.53362,-103.39383,27,04,1,
4553,02471,2022-05-25 17:00:15,25.53469,-103.39382,0,04,1,
4553,02471,2022-05-25 17:00:46,25.53534,-103.39402,17,04,1,
4553,02471,2022-05-25 17:01:16,25.53538,-103.39589,25,04,1,
4553,02471,2022-05-25 17:01:47,25.53538,-103.39846,34,04,1,
4553,02471,2022-05-25 17:02:17,25.53538,-103.40151,36,04,1,
4553,02471,2022-05-25 17:02:48,25.53546,-103.40461,22,04,1,
4553,02471,2022-05-25 17:03:18,25.53549,-103.40477,0,04,1,
4553,02471,2022-05-25 17:03:44,25.53559,-103.40556,38,04,1,
4553,02471,2022-05-25 17:04:14,25.5356,-103.40735,12,04,1,
4553,02471,2022-05-25 17:04:44,25.53561,-103.40954,30,04,1,
4553,02471,2022-05-25 17:05:15,25.53561,-103.41132,26,04,1,
4553,02471,2022-05-25 17:05:45,25.53563,-103.41414,30,04,1,
4553,02471,2022-05-25 17:06:16,25.53564,-103.41495,0,04,1,
4553,02471,2022-05-25 17:06:46,25.53564,-103.41494,0,04,1,
4553,02471,2022-05-25 17:07:17,25.53564,-103.41501,9,04,1,
4553,02471,2022-05-25 17:07:47,25.53565,-103.41654,25,04,1,
4553,02471,2022-05-25 17:08:13,25.53566,-103.41767,11,04,1,
4553,02471,2022-05-25 17:08:43,25.53566,-103.41895,18,04,1,
4553,02471,2022-05-25 17:09:13,25.53566,-103.41999,6,04,1,
4553,02471,2022-05-25 17:09:44,25.53566,-103.42053,9,04,1,
4553,02471,2022-05-25 17:10:14,25.53568,-103.42238,21,04,1,
4553,02471,2022-05-25 17:10:45,25.53569,-103.42392,32,04,1,
4553,02471,2022-05-25 17:11:15,25.53572,-103.42656,4,04,1,
4553,02471,2022-05-25 17:11:45,25.53572,-103.42846,3,04,1,
4553,02471,2022-05-25 17:12:16,25.53571,-103.42878,23,04,1,
4553,02471,2022-05-25 17:12:43,25.53573,-103.43116,4,04,1,
4553,02471,2022-05-25 17:13:12,25.53574,-103.4335,30,04,1,
4553,02471,2022-05-25 17:13:42,25.53574,-103.43399,0,04,1,
4553,02471,2022-05-25 17:14:12,25.53573,-103.43405,8,04,1,
4553,02471,2022-05-25 17:14:43,25.53576,-103.4363,25,04,1,
4553,02471,2022-05-25 17:15:13,25.53577,-103.43965,50,04,1,
4553,02471,2022-05-25 17:15:44,25.53581,-103.44183,0,04,1,
4553,02471,2022-05-25 17:16:14,25.5358,-103.44206,23,04,1,
4553,02471,2022-05-25 17:16:44,25.53581,-103.44435,10,04,1,
4553,02471,2022-05-25 17:17:15,25.53583,-103.44536,1,04,1,
4553,02471,2022-05-25 17:17:40,25.53582,-103.44538,1,04,1,
4553,02471,2022-05-25 17:18:10,25.53583,-103.44541,10,04,1,
4553,02471,2022-05-25 17:18:20,25.53585,-103.44612,33,04,1,
4553,02471,2022-05-25 17:18:31,25.53581,-103.44725,40,04,1,
4553,02471,2022-05-25 17:18:56,25.53582,-103.44846,0,04,1,
4553,02471,2022-05-25 17:19:26,25.53582,-103.44844,0,04,1,
4553,02471,2022-05-25 17:19:57,25.53582,-103.44844,0,04,1,
4553,02471,2022-05-25 17:20:27,25.53583,-103.45093,49,04,1,
4553,02471,2022-05-25 17:20:58,25.53585,-103.45325,18,04,1,
4553,02471,2022-05-25 17:21:28,25.53587,-103.45633,14,04,1,
4553,02471,2022-05-25 17:21:58,25.53585,-103.4567,0,04,1,
4553,02471,2022-05-25 17:22:29,25.5359,-103.45812,16,04,1,
4553,02471,2022-05-25 17:22:59,25.53589,-103.45931,14,04,1,
4553,02471,2022-05-25 17:23:29,25.53588,-103.46067,18,04,1,
4553,02471,2022-05-25 17:23:55,25.53539,-103.4628,35,04,1,
4553,02471,2022-05-25 17:24:25,25.53507,-103.46433,26,04,1,
4553,02471,2022-05-25 17:24:56,25.53607,-103.46537,0,04,1,
4553,02471,2022-05-25 17:25:26,25.53636,-103.46544,0,04,1,
4553,02471,2022-05-25 17:25:57,25.53635,-103.46543,0,04,1,
4553,02471,2022-05-25 17:26:27,25.53697,-103.46559,21,04,1,
4553,02471,2022-05-25 17:26:58,25.53907,-103.4662,30,04,1,
4553,02471,2022-05-25 17:27:28,25.53906,-103.46699,1,04,1,
4553,02471,2022-05-25 17:27:58,25.53875,-103.4672,8,04,1,
4553,02471,2022-05-25 17:28:24,25.53833,-103.46707,6,04,1,
4553,02471,2022-05-25 17:28:54,25.538,-103.46699,10,04,1,
4553,02471,2022-05-25 17:29:25,25.53733,-103.46682,1,04,1,
4553,02471,2022-05-25 17:29:55,25.53733,-103.46682,0,04,1,
4553,02471,2022-05-25 17:30:26,25.53733,-103.46682,0,04,1,
4553,02471,2022-05-25 17:30:56,25.5371,-103.46676,11,04,1,
4553,02471,2022-05-25 17:31:27,25.5363,-103.46652,4,04,1,
4553,02471,2022-05-25 17:31:57,25.53627,-103.4665,0,04,1,
4553,02471,2022-05-25 17:32:22,25.53627,-103.4665,0,04,1,
4553,02471,2022-05-25 17:32:53,25.53619,-103.46648,14,04,1,
4553,02471,2022-05-25 17:33:23,25.53517,-103.46611,1,04,1,
4553,02471,2022-05-25 17:33:54,25.53483,-103.46571,0,04,1,
4553,02471,2022-05-25 17:34:24,25.53494,-103.4642,43,04,1,
4553,02471,2022-05-25 17:34:55,25.53551,-103.46161,19,04,1,
4553,02471,2022-05-25 17:35:25,25.53575,-103.46016,21,04,1,
4553,02471,2022-05-25 17:35:55,25.53577,-103.45923,0,04,1,
4553,02471,2022-05-25 17:36:26,25.53578,-103.45794,4,04,1,
4553,02471,2022-05-25 17:36:56,25.53575,-103.45551,39,04,1,
4553,02471,2022-05-25 17:37:22,25.53575,-103.45229,41,04,1,
4553,02471,2022-05-25 17:37:52,25.5357,-103.44942,2,04,1,
4553,02471,2022-05-25 17:38:23,25.5357,-103.44917,14,04,1,
4553,02471,2022-05-25 17:38:53,25.53569,-103.44742,23,04,1,
4553,02471,2022-05-25 17:39:23,25.53568,-103.44613,0,04,1,
4553,02471,2022-05-25 17:39:54,25.53566,-103.44564,0,04,1,
4553,02471,2022-05-25 17:40:24,25.53566,-103.44481,28,04,1,
4553,02471,2022-05-25 17:40:55,25.53565,-103.44228,12,04,1,
4553,02471,2022-05-25 17:41:25,25.53565,-103.44177,15,04,1,
4553,02471,2022-05-25 17:41:50,25.53564,-103.43982,30,04,1,
4553,02471,2022-05-25 17:42:21,25.53562,-103.43714,26,04,1,
4553,02471,2022-05-25 17:42:51,25.53561,-103.43665,6,04,1,
4553,02471,2022-05-25 17:43:22,25.53561,-103.4356,0,04,1,
4553,02471,2022-05-25 17:43:52,25.53562,-103.4356,0,04,1,
4553,02471,2022-05-25 17:44:22,25.53562,-103.4356,1,04,1,
4553,02471,2022-05-25 17:44:53,25.53562,-103.43296,42,04,1,
4553,02471,2022-05-25 17:45:23,25.53561,-103.42952,28,04,1,
4553,02471,2022-05-25 17:45:53,25.53558,-103.42666,38,04,1,
4553,02471,2022-05-25 17:46:19,25.53555,-103.42398,31,04,1,
4553,02471,2022-05-25 17:46:49,25.53555,-103.42306,0,04,1,
4553,02471,2022-05-25 17:47:20,25.53554,-103.4222,6,04,1,
4553,02471,2022-05-25 17:47:50,25.53555,-103.42195,6,04,1,
4553,02471,2022-05-25 17:48:20,25.53556,-103.421,3,04,1,
4553,02471,2022-05-25 17:48:51,25.53555,-103.42033,7,04,1,
4553,02471,2022-05-25 17:49:21,25.53553,-103.41876,16,04,1,
4553,02471,2022-05-25 17:49:52,25.53551,-103.41654,25,04,1,
4553,02471,2022-05-25 17:50:22,25.53549,-103.41595,0,04,1,
4553,02471,2022-05-25 17:50:52,25.53549,-103.41596,0,04,1,
4553,02471,2022-05-25 17:51:17,25.53548,-103.41444,33,04,1,
4553,02471,2022-05-25 17:51:48,25.53546,-103.41137,15,04,1,
4553,02471,2022-05-25 17:52:18,25.53542,-103.40951,34,04,1,
4553,02471,2022-05-25 17:52:49,25.53529,-103.40741,4,04,1,
4553,02471,2022-05-25 17:53:19,25.53528,-103.40709,6,04,1,
4553,02471,2022-05-25 17:53:49,25.53531,-103.40543,38,04,1,
4553,02471,2022-05-25 17:54:20,25.53515,-103.40229,43,04,1,
4553,02471,2022-05-25 17:54:50,25.53512,-103.3982,47,04,1,
4553,02471,2022-05-25 17:55:20,25.53476,-103.39611,2,04,1,
4553,02471,2022-05-25 17:55:50,25.53476,-103.39612,0,04,1,
4553,02471,2022-05-25 17:56:21,25.53476,-103.39613,0,04,1,
4553,02471,2022-05-25 17:56:46,25.53476,-103.39613,0,04,1,
4553,02471,2022-05-25 17:56:46,25.53476,-103.39613,0,00,1,
4553,02472,2022-05-25 18:39:56,0,0,0,04,0,
4553,02472,2022-05-25 18:40:01,25.49429,-103.39838,26,04,1,
4553,02472,2022-05-25 18:40:26,25.49356,-103.39895,16,04,1,
4553,02472,2022-05-25 18:40:57,25.49327,-103.3986,0,04,1,
4553,02472,2022-05-25 18:41:27,25.49303,-103.3983,27,04,1,
4553,02472,2022-05-25 18:41:58,25.49218,-103.39879,26,04,1,
4553,02472,2022-05-25 18:42:28,25.49096,-103.40025,15,04,1,
4553,02472,2022-05-25 18:42:58,25.49029,-103.40247,34,04,1,
4553,02472,2022-05-25 18:43:28,25.49126,-103.40381,18,04,1,
4553,02472,2022-05-25 18:43:59,25.49198,-103.40434,0,04,1,
4553,02472,2022-05-25 18:44:29,25.49248,-103.40385,4,04,1,
4553,02472,2022-05-25 18:45:00,25.49264,-103.40367,1,04,1,
4553,02472,2022-05-25 18:45:25,25.49296,-103.40331,23,04,1,
4553,02472,2022-05-25 18:45:55,25.49355,-103.4026,0,04,1,
4553,02472,2022-05-25 18:46:22,25.49369,-103.40258,15,04,1,
4553,02472,2022-05-25 18:46:52,25.4948,-103.40373,16,04,1,
4553,02472,2022-05-25 18:47:23,25.49584,-103.40499,24,04,1,
4553,02472,2022-05-25 18:47:53,25.49686,-103.4061,22,04,1,
4553,02472,2022-05-25 18:48:23,25.49709,-103.40673,23,04,1,
4553,02472,2022-05-25 18:48:54,25.49657,-103.40844,31,04,1,
4553,02472,2022-05-25 18:49:24,25.49566,-103.40936,5,04,1,
4553,02472,2022-05-25 18:49:50,25.49632,-103.41021,23,04,1,
4553,02472,2022-05-25 18:50:20,25.49686,-103.41025,14,04,1,
4553,02472,2022-05-25 18:50:50,25.49778,-103.40958,21,04,1,
4553,02472,2022-05-25 18:51:21,25.49983,-103.40804,33,04,1,
4553,02472,2022-05-25 18:51:51,25.50212,-103.40592,26,04,1,
4553,02472,2022-05-25 18:52:21,25.50308,-103.40513,0,04,1,
4553,02472,2022-05-25 18:52:52,25.50444,-103.40376,31,04,1,
4553,02472,2022-05-25 18:53:22,25.50582,-103.40208,6,04,1,
4553,02472,2022-05-25 18:53:53,25.50722,-103.40037,19,04,1,
4553,02472,2022-05-25 18:54:23,25.50817,-103.3993,35,04,1,
4553,02472,2022-05-25 18:54:48,25.50863,-103.3988,21,04,1,
4553,02472,2022-05-25 18:55:19,25.511,-103.39633,45,04,1,
4553,02472,2022-05-25 18:55:49,25.51273,-103.39449,0,04,1,
4553,02472,2022-05-25 18:56:19,25.51272,-103.39451,0,04,1,
4553,02472,2022-05-25 18:56:50,25.51298,-103.39428,15,04,1,
4553,02472,2022-05-25 18:57:20,25.5142,-103.39406,18,04,1,
4553,02472,2022-05-25 18:57:51,25.51495,-103.39406,0,04,1,
4553,02472,2022-05-25 18:58:21,25.51627,-103.39406,25,04,1,
4553,02472,2022-05-25 18:58:51,25.51734,-103.39404,32,04,1,
4553,02472,2022-05-25 18:59:21,25.51842,-103.39404,21,04,1,
4553,02472,2022-05-25 18:59:47,25.52017,-103.39403,10,04,1,
4553,02472,2022-05-25 19:00:17,25.52178,-103.39402,29,04,1,
4553,02472,2022-05-25 19:00:48,25.52233,-103.39401,0,04,1,
4553,02472,2022-05-25 19:01:18,25.5225,-103.39401,18,04,1,
4553,02472,2022-05-25 19:01:48,25.52507,-103.39399,34,04,1,
4553,02472,2022-05-25 19:02:18,25.52664,-103.39397,26,04,1,
4553,02472,2022-05-25 19:02:49,25.52805,-103.39396,23,04,1,
4553,02472,2022-05-25 19:03:19,25.53037,-103.39394,37,04,1,
4553,02472,2022-05-25 19:03:50,25.53104,-103.39393,13,04,1,
4553,02472,2022-05-25 19:04:20,25.53237,-103.39394,27,04,1,
4553,02472,2022-05-25 19:04:50,25.53413,-103.39391,8,04,1,
4553,02472,2022-05-25 19:05:15,25.53441,-103.39393,0,04,1,
4553,02472,2022-05-25 19:05:46,25.53496,-103.39396,3,04,1,
4553,02472,2022-05-25 19:06:16,25.535,-103.39396,0,04,1,
4553,02472,2022-05-25 19:06:46,25.535,-103.39396,0,04,1,
4553,02472,2022-05-25 19:07:17,25.53537,-103.39472,33,04,1,
4553,02472,2022-05-25 19:07:47,25.5354,-103.39593,18,04,1,
4553,02472,2022-05-25 19:08:18,25.53541,-103.39875,39,04,1,
4553,02472,2022-05-25 19:08:48,25.53541,-103.40145,43,04,1,
4553,02472,2022-05-25 19:09:18,25.53542,-103.40391,34,04,1,
4553,02472,2022-05-25 19:09:49,25.5355,-103.40474,0,04,1,
4553,02472,2022-05-25 19:10:14,25.53551,-103.40482,15,04,1,
4553,02472,2022-05-25 19:10:44,25.53561,-103.40755,28,04,1,
4553,02472,2022-05-25 19:11:15,25.53563,-103.41089,34,04,1,
4553,02472,2022-05-25 19:11:45,25.53566,-103.41379,15,04,1,
4553,02472,2022-05-25 19:12:15,25.53566,-103.41387,0,04,1,
4553,02472,2022-05-25 19:12:46,25.53566,-103.41417,21,04,1,
4553,02472,2022-05-25 19:13:16,25.53566,-103.41548,9,04,1,
4553,02472,2022-05-25 19:13:46,25.53568,-103.41785,13,04,1,
4553,02472,2022-05-25 19:14:17,25.53569,-103.41849,13,04,1,
4553,02472,2022-05-25 19:14:47,25.53567,-103.42008,0,04,1,
4553,02472,2022-05-25 19:15:18,25.53568,-103.42167,24,04,1,
4553,02472,2022-05-25 19:15:43,25.53569,-103.42214,0,04,1,
4553,02472,2022-05-25 19:16:13,25.5357,-103.42273,17,04,1,
4553,02472,2022-05-25 19:16:43,25.5357,-103.42532,35,04,1,
4553,02472,2022-05-25 19:17:14,25.53573,-103.42807,31,04,1,
4553,02472,2022-05-25 19:17:44,25.53573,-103.429,21,04,1,
4553,02472,2022-05-25 19:18:14,25.53576,-103.4313,6,04,1,
4553,02472,2022-05-25 19:18:45,25.53577,-103.43258,25,04,1,
4553,02472,2022-05-25 19:19:15,25.53577,-103.43369,9,04,1,
4553,02472,2022-05-25 19:19:46,25.53579,-103.43576,33,04,1,
4553,02472,2022-05-25 19:20:16,25.5358,-103.43771,0,04,1,
4553,02472,2022-05-25 19:20:46,25.5358,-103.43912,24,04,1,
4553,02472,2022-05-25 19:21:12,25.53581,-103.43995,27,04,1,
4553,02472,2022-05-25 19:21:42,25.53583,-103.44197,0,04,1,
4553,02472,2022-05-25 19:22:12,25.53583,-103.44222,19,04,1,
4553,02472,2022-05-25 19:22:43,25.53582,-103.44517,36,04,1,
4553,02472,2022-05-25 19:23:13,25.53586,-103.44793,31,04,1,
4553,02472,2022-05-25 19:23:39,25.53585,-103.4482,0,04,1,
4553,02472,2022-05-25 19:24:09,25.53585,-103.44823,6,04,1,
4553,02472,2022-05-25 19:24:39,25.53585,-103.45075,42,04,1,
4553,02472,2022-05-25 19:25:09,25.53588,-103.45298,2,04,1,
4553,02472,2022-05-25 19:25:40,25.53588,-103.45428,28,04,1,
4553,02472,2022-05-25 19:26:10,25.53588,-103.45669,23,04,1,
4553,02472,2022-05-25 19:26:40,25.53592,-103.45924,9,04,1,
4553,02472,2022-05-25 19:27:11,25.53592,-103.45968,18,04,1,
4553,02472,2022-05-25 19:27:41,25.53562,-103.4619,27,04,1,
4553,02472,2022-05-25 19:28:11,25.53509,-103.46425,29,04,1,
4553,02472,2022-05-25 19:28:42,25.53566,-103.46526,0,04,1,
4553,02472,2022-05-25 19:29:07,25.53636,-103.46543,0,04,1,
4553,02472,2022-05-25 19:29:38,25.53637,-103.46543,0,04,1,
4553,02472,2022-05-25 19:30:08,25.53637,-103.46542,0,04,1,
4553,02472,2022-05-25 19:30:38,25.53731,-103.46567,0,04,1,
4553,02472,2022-05-25 19:31:09,25.53923,-103.46629,15,04,1,
4553,02472,2022-05-25 19:31:39,25.5391,-103.46688,10,04,1,
4553,02472,2022-05-25 19:32:09,25.53892,-103.46726,9,04,1,
4553,02472,2022-05-25 19:32:40,25.53855,-103.46713,0,04,1,
4553,02472,2022-05-25 19:33:10,25.53717,-103.46675,10,04,1,
4553,02472,2022-05-25 19:33:41,25.53637,-103.46655,0,04,1,
4553,02472,2022-05-25 19:34:06,25.53633,-103.46653,0,04,1,
4553,02472,2022-05-25 19:34:36,25.53633,-103.46653,0,04,1,
4553,02472,2022-05-25 19:35:06,25.53576,-103.46635,33,04,1,
4553,02472,2022-05-25 19:35:37,25.53522,-103.46615,0,04,1,
4553,02472,2022-05-25 19:36:07,25.53487,-103.46574,22,04,1,
4553,02472,2022-05-25 19:36:38,25.53528,-103.4628,40,04,1,
4553,02472,2022-05-25 19:37:03,25.53569,-103.46093,9,04,1,
4553,02472,2022-05-25 19:37:13,25.53572,-103.46067,16,04,1,
4553,02472,2022-05-25 19:37:38,25.53576,-103.4594,6,04,1,
4553,02472,2022-05-25 19:38:09,25.53578,-103.45875,29,04,1,
4553,02472,2022-05-25 19:38:39,25.53575,-103.45648,28,04,1,
4553,02472,2022-05-25 19:39:10,25.53574,-103.45325,33,04,1,
4553,02472,2022-05-25 19:39:40,25.53572,-103.45298,0,04,1,
4553,02472,2022-05-25 19:40:10,25.53573,-103.45289,0,04,1,
4553,02472,2022-05-25 19:40:41,25.53574,-103.44999,49,04,1,
4553,02472,2022-05-25 19:41:11,25.5357,-103.44887,0,04,1,
4553,02472,2022-05-25 19:41:42,25.53574,-103.44891,0,04,1,
4553,02472,2022-05-25 19:42:12,25.53571,-103.44848,26,04,1,
4553,02472,2022-05-25 19:42:37,25.53569,-103.44583,24,04,1,
4553,02472,2022-05-25 19:43:07,25.53568,-103.44528,12,04,1,
4553,02472,2022-05-25 19:43:38,25.53567,-103.44315,26,04,1,
4553,02472,2022-05-25 19:44:08,25.53565,-103.44267,0,04,1,
4553,02472,2022-05-25 19:44:38,25.53565,-103.44257,5,04,1,
4553,02472,2022-05-25 19:45:09,25.53566,-103.44107,31,04,1,
4553,02472,2022-05-25 19:45:39,25.53564,-103.4383,35,04,1,
4553,02472,2022-05-25 19:46:09,25.53562,-103.43657,0,04,1,
4553,02472,2022-05-25 19:46:40,25.53562,-103.43658,0,04,1,
4553,02472,2022-05-25 19:47:10,25.53562,-103.43615,15,04,1,
4553,02472,2022-05-25 19:47:37,25.53562,-103.43554,25,04,1,
4553,02472,2022-05-25 19:48:06,25.5356,-103.43366,1,04,1,
4553,02472,2022-05-25 19:48:36,25.5356,-103.43247,29,04,1,
4553,02472,2022-05-25 19:49:07,25.53559,-103.43063,23,04,1,
4553,02472,2022-05-25 19:49:37,25.53558,-103.42923,1,04,1,
4553,02472,2022-05-25 19:50:07,25.53556,-103.42634,51,04,1,
4553,02472,2022-05-25 19:50:38,25.53555,-103.42492,0,04,1,
4553,02472,2022-05-25 19:51:08,25.53555,-103.42409,31,04,1,
4553,02472,2022-05-25 19:51:39,25.53555,-103.42255,18,04,1,
4553,02472,2022-05-25 19:52:09,25.53554,-103.42193,9,04,1,
4553,02472,2022-05-25 19:52:34,25.53554,-103.42115,0,04,1,
4553,02472,2022-05-25 19:53:05,25.53555,-103.41975,21,04,1,
4553,02472,2022-05-25 19:53:35,25.53553,-103.41888,10,04,1,
4553,02472,2022-05-25 19:54:05,25.53553,-103.41869,0,04,1,
4553,02472,2022-05-25 19:54:35,25.53552,-103.41858,3,04,1,
4553,02472,2022-05-25 19:55:06,25.53551,-103.4157,38,04,1,
4553,02472,2022-05-25 19:55:36,25.5355,-103.41286,42,04,1,
4553,02472,2022-05-25 19:56:06,25.53547,-103.41079,17,04,1,
4553,02472,2022-05-25 19:56:37,25.53533,-103.40802,34,04,1,
4553,02472,2022-05-25 19:57:07,25.53529,-103.40715,8,04,1,
4553,02472,2022-05-25 19:57:38,25.53529,-103.40519,0,04,1,
4553,02472,2022-05-25 19:58:03,25.53528,-103.40511,14,04,1,
4553,02472,2022-05-25 19:58:33,25.53514,-103.40324,18,04,1,
4553,02472,2022-05-25 19:59:03,25.53516,-103.40152,35,04,1,
4553,02472,2022-05-25 19:59:34,25.53511,-103.39792,39,04,1,
4553,02472,2022-05-25 20:00:04,25.53478,-103.39609,3,04,1,
4553,02472,2022-05-25 20:00:34,25.53478,-103.39611,0,04,1,
4553,02472,2022-05-25 20:01:05,25.53391,-103.3961,30,04,1,
4553,02472,2022-05-25 20:01:35,25.53142,-103.3961,41,04,1,
4553,02472,2022-05-25 20:02:06,25.52927,-103.39613,30,04,1,
4553,02472,2022-05-25 20:02:36,25.52774,-103.39617,16,04,1,
4553,02472,2022-05-25 20:03:02,25.52551,-103.39615,38,04,1,
4553,02472,2022-05-25 20:03:32,25.52433,-103.39617,0,04,1,
4553,02472,2022-05-25 20:04:02,25.52293,-103.39619,26,04,1,
4553,02472,2022-05-25 20:04:33,25.52257,-103.39619,11,04,1,
4553,02472,2022-05-25 20:05:03,25.52213,-103.39619,18,04,1,
4553,02472,2022-05-25 20:05:33,25.52025,-103.39619,36,04,1,
4553,02472,2022-05-25 20:06:04,25.51785,-103.39615,0,04,1,
4553,02472,2022-05-25 20:06:34,25.51776,-103.39617,0,04,1,
4553,02472,2022-05-25 20:07:04,25.51767,-103.39614,13,04,1,
4553,02472,2022-05-25 20:07:35,25.5176,-103.39486,36,04,1,
4553,02472,2022-05-25 20:08:00,25.51759,-103.39423,18,04,1,
4553,02472,2022-05-25 20:08:30,25.51757,-103.39086,47,04,1,
4553,02472,2022-05-25 20:09:01,25.51736,-103.3897,17,04,1,
4553,02472,2022-05-25 20:09:31,25.51523,-103.39204,47,04,1,
4553,02472,2022-05-25 20:10:02,25.51395,-103.39344,33,04,1,
4553,02472,2022-05-25 20:10:32,25.51304,-103.39444,0,04,1,
4553,02472,2022-05-25 20:11:02,25.51272,-103.39466,4,04,1,
4553,02472,2022-05-25 20:11:33,25.51214,-103.39429,17,04,1,
4553,02472,2022-05-25 20:12:03,25.51122,-103.39285,7,04,1,
4553,02472,2022-05-25 20:12:33,25.51059,-103.39185,30,04,1,
4553,02472,2022-05-25 20:12:59,25.50997,-103.39089,0,04,1,
4553,02472,2022-05-25 20:13:29,25.50997,-103.3909,0,04,1,
4553,02472,2022-05-25 20:13:59,25.50991,-103.39081,16,04,1,
4553,02472,2022-05-25 20:14:30,25.50912,-103.38959,15,04,1,
4553,02472,2022-05-25 20:15:00,25.50852,-103.38863,0,04,1,
4553,02472,2022-05-25 20:15:31,25.50784,-103.38758,22,04,1,
4553,02472,2022-05-25 20:16:01,25.50736,-103.3868,14,04,1,
4553,02472,2022-05-25 20:16:31,25.50717,-103.3865,25,04,1,
4553,02472,2022-05-25 20:17:02,25.50658,-103.38558,0,04,1,
4553,02472,2022-05-25 20:17:32,25.50664,-103.385,26,04,1,
4553,02472,2022-05-25 20:17:58,25.50743,-103.38439,23,04,1,
4553,02472,2022-05-25 20:18:28,25.50801,-103.38395,16,04,1,
4553,02472,2022-05-25 20:18:58,25.50925,-103.38281,12,04,1,
4553,02472,2022-05-25 20:19:29,25.50866,-103.38195,17,04,1,
4553,02472,2022-05-25 20:19:59,25.5082,-103.38125,18,00,1,
4553,02472,2022-05-25 20:20:14,25.5078,-103.38063,13,00,1,
4553,02472,2022-05-25 20:20:45,25.50734,-103.37993,0,00,1,
4553,02472,2022-05-25 20:21:15,25.506,-103.38091,20,00,1,
4553,02472,2022-05-25 20:21:45,25.50549,-103.3813,24,00,1,
4553,02472,2022-05-25 20:22:11,25.50446,-103.38211,8,00,1,
4553,02472,2022-05-25 20:22:41,25.50378,-103.38054,7,00,1,
4553,02472,2022-05-25 20:23:12,25.50237,-103.38145,0,00,1,
4553,02472,2022-05-25 20:23:42,25.5011,-103.38246,17,00,1,
4553,02472,2022-05-25 20:24:13,25.50146,-103.3834,21,00,1,
4553,02472,2022-05-25 20:24:43,25.50217,-103.38449,15,00,1,
4553,02472,2022-05-25 20:25:14,25.50282,-103.38551,14,00,1,
4553,02472,2022-05-25 20:25:44,25.50255,-103.3859,12,00,1,
4553,02472,2022-05-25 20:26:14,25.50181,-103.38649,11,00,1,
4553,02472,2022-05-25 20:26:39,25.50118,-103.38686,12,00,1,
4553,02472,2022-05-25 20:27:10,25.50037,-103.38538,0,00,1,
4553,02472,2022-05-25 20:27:40,25.49968,-103.38414,21,00,1,
4553,02472,2022-05-25 20:28:11,25.49915,-103.38391,0,00,1,
4553,02472,2022-05-25 20:28:41,25.49822,-103.38272,45,00,1,
4553,02472,2022-05-25 20:29:11,25.49673,-103.3802,15,00,1,
4553,02472,2022-05-25 20:29:42,25.4967,-103.38015,0,00,1,
4553,02472,2022-05-25 20:30:12,25.4967,-103.38015,0,00,1,
4553,02472,2022-05-25 20:30:43,25.49671,-103.38015,0,00,1,
4553,02472,2022-05-25 20:31:12,25.49671,-103.38015,0,00,1,
4553,02472,2022-05-25 20:31:38,25.49671,-103.38015,0,00,1,
4553,02472,2022-05-25 20:32:09,25.49671,-103.38015,0,00,1,
4553,02472,2022-05-25 20:32:39,25.49671,-103.38015,0,00,1,
4553,02473,2022-05-25 20:51:41,25.49672,-103.38018,0,05,1,
4553,02473,2022-05-25 20:51:41,25.49672,-103.38018,0,04,1,
4553,02473,2022-05-25 20:52:11,25.49674,-103.38018,0,04,1,
4553,02473,2022-05-25 20:52:37,25.49675,-103.38018,0,04,1,
4553,02473,2022-05-25 20:53:07,25.49663,-103.37978,12,04,1,
4553,02473,2022-05-25 20:53:38,25.49767,-103.38144,29,04,1,
4553,02473,2022-05-25 20:54:08,25.49874,-103.38333,22,04,1,
4553,02473,2022-05-25 20:54:38,25.49957,-103.38484,22,04,1,
4553,02473,2022-05-25 20:55:09,25.50064,-103.38674,32,04,1,
4553,02473,2022-05-25 20:55:39,25.50159,-103.38846,19,04,1,
4553,02473,2022-05-25 20:56:09,25.50231,-103.39003,22,04,1,
4553,02473,2022-05-25 20:56:40,25.50339,-103.39153,17,04,1,
4553,02473,2022-05-25 20:57:10,25.5044,-103.39072,17,04,1,
4553,02473,2022-05-25 20:57:36,25.50513,-103.39015,19,04,1,
4553,02473,2022-05-25 20:58:06,25.5052,-103.3892,23,04,1,
4553,02473,2022-05-25 20:58:36,25.5045,-103.38809,16,04,1,
4553,02473,2022-05-25 20:59:07,25.50395,-103.38724,7,04,1,
4553,02473,2022-05-25 20:59:37,25.50351,-103.38656,18,04,1,
4553,02473,2022-05-25 21:00:07,25.50271,-103.38528,26,04,1,
4553,02473,2022-05-25 21:00:38,25.50137,-103.38321,29,04,1,
4553,02473,2022-05-25 21:01:08,25.5014,-103.38211,34,04,1,
4553,02473,2022-05-25 21:01:38,25.50284,-103.38103,23,04,1,
4553,02473,2022-05-25 21:02:09,25.50401,-103.38071,24,04,1,
4553,02473,2022-05-25 21:02:34,25.50466,-103.38205,10,04,1,
4553,02473,2022-05-25 21:03:05,25.50616,-103.38086,22,04,1,
4553,02473,2022-05-25 21:03:35,25.50757,-103.38014,24,04,1,
4553,02473,2022-05-25 21:04:02,25.5078,-103.38053,14,04,1,
4553,02473,2022-05-25 21:04:32,25.50861,-103.38179,20,04,1,
4553,02473,2022-05-25 21:05:03,25.50924,-103.3828,26,04,1,
4553,02473,2022-05-25 21:05:33,25.50798,-103.38423,37,04,1,
4553,02473,2022-05-25 21:06:04,25.50661,-103.38537,9,04,1,
4553,02473,2022-05-25 21:06:32,25.50754,-103.38682,0,04,1,
4553,02473,2022-05-25 21:06:59,25.50879,-103.3888,44,04,1,
4553,02473,2022-05-25 21:07:30,25.5095,-103.38986,14,04,1,
4553,02473,2022-05-25 21:08:00,25.51008,-103.39076,17,04,1,
4553,02473,2022-05-25 21:08:30,25.51118,-103.39253,33,04,1,
4553,02473,2022-05-25 21:09:01,25.51218,-103.39409,12,04,1,
4553,02473,2022-05-25 21:09:31,25.51275,-103.39445,9,04,1,
4553,02473,2022-05-25 21:10:01,25.5142,-103.39401,17,04,1,
4553,02473,2022-05-25 21:10:32,25.51531,-103.394,35,04,1,
4553,02473,2022-05-25 21:11:02,25.51659,-103.39399,30,04,1,
4553,02473,2022-05-25 21:11:28,25.51735,-103.39398,0,04,1,
4553,02473,2022-05-25 21:11:58,25.5182,-103.39396,2,04,1,
4553,02473,2022-05-25 21:12:28,25.51982,-103.39398,32,04,1,
4553,02473,2022-05-25 21:12:59,25.52154,-103.39396,26,04,1,
4553,02473,2022-05-25 21:13:29,25.52257,-103.39395,14,04,1,
4553,02473,2022-05-25 21:13:59,25.52416,-103.39394,23,04,1,
4553,02473,2022-05-25 21:14:30,25.52526,-103.39393,32,04,1,
4553,02473,2022-05-25 21:15:00,25.52762,-103.39389,0,04,1,
4553,02473,2022-05-25 21:15:30,25.53001,-103.39389,51,04,1,
4553,02473,2022-05-25 21:16:01,25.53248,-103.39385,38,04,1,
4553,02473,2022-05-25 21:16:31,25.53439,-103.39378,0,04,1,
4553,02473,2022-05-25 21:17:01,25.53488,-103.3938,7,04,1,
4553,02473,2022-05-25 21:17:27,25.53538,-103.39466,28,04,1,
4553,02473,2022-05-25 21:17:57,25.53537,-103.39649,26,04,1,
4553,02473,2022-05-25 21:18:28,25.53538,-103.40012,46,04,1,
4553,02473,2022-05-25 21:18:58,25.53538,-103.40233,38,04,1,
4553,02473,2022-05-25 21:19:28,25.53543,-103.40424,31,04,1,
4553,02473,2022-05-25 21:19:58,25.53549,-103.40471,0,04,1,
4553,02473,2022-05-25 21:20:29,25.53562,-103.40591,39,04,1,
4553,02473,2022-05-25 21:20:59,25.53564,-103.40758,18,04,1,
4553,02473,2022-05-25 21:21:29,25.53563,-103.41057,22,04,1,
4553,02473,2022-05-25 21:22:00,25.53566,-103.41295,28,04,1,
4553,02473,2022-05-25 21:22:25,25.53567,-103.41465,28,04,1,
4553,02473,2022-05-25 21:22:55,25.53568,-103.41669,26,04,1,
4553,02473,2022-05-25 21:23:26,25.53568,-103.41784,17,04,1,
4553,02473,2022-05-25 21:23:56,25.53569,-103.41849,13,04,1,
4553,02473,2022-05-25 21:24:26,25.53568,-103.41971,12,04,1,
4553,02473,2022-05-25 21:24:57,25.53568,-103.42076,15,04,1,
4553,02473,2022-05-25 21:25:27,25.5357,-103.42221,16,04,1,
4553,02473,2022-05-25 21:25:58,25.53568,-103.42355,35,04,1,
4553,02473,2022-05-25 21:26:28,25.53574,-103.42606,14,04,1,
4553,02473,2022-05-25 21:26:58,25.53573,-103.42719,29,04,1,
4553,02473,2022-05-25 21:27:24,25.53575,-103.42927,14,04,1,
4553,02473,2022-05-25 21:27:54,25.53575,-103.43039,30,04,1,
4553,02473,2022-05-25 21:28:24,25.53576,-103.4326,38,04,1,
4553,02473,2022-05-25 21:28:55,25.5358,-103.43474,18,04,1,
4553,02473,2022-05-25 21:29:25,25.53581,-103.43627,0,04,1,
4553,02473,2022-05-25 21:29:55,25.53579,-103.43658,20,04,1,
4553,02473,2022-05-25 21:30:25,25.53579,-103.44017,46,04,1,
4553,02473,2022-05-25 21:30:56,25.53584,-103.44254,10,04,1,
4553,02473,2022-05-25 21:31:26,25.53584,-103.44493,18,04,1,
4553,02473,2022-05-25 21:31:56,25.53585,-103.44519,0,04,1,
4553,02473,2022-05-25 21:32:27,25.53586,-103.44667,25,04,1,
4553,02473,2022-05-25 21:32:52,25.53584,-103.44828,0,04,1,
4553,02473,2022-05-25 21:33:23,25.53584,-103.44827,0,04,1,
4553,02473,2022-05-25 21:33:53,25.53584,-103.44829,0,04,1,
4553,02473,2022-05-25 21:34:23,25.53585,-103.45007,45,04,1,
4553,02473,2022-05-25 21:34:54,25.53587,-103.45343,0,04,1,
4553,02473,2022-05-25 21:35:24,25.53588,-103.45585,38,04,1,
4553,02473,2022-05-25 21:35:54,25.53592,-103.45687,0,04,1,
4553,02473,2022-05-25 21:36:25,25.53593,-103.45789,0,04,1,
4553,02473,2022-05-25 21:36:55,25.53593,-103.45957,19,04,1,
4553,02473,2022-05-25 21:37:25,25.5359,-103.46077,14,04,1,
4553,02473,2022-05-25 21:37:56,25.53564,-103.46191,0,04,1,
4553,02473,2022-05-25 21:38:21,25.53539,-103.46293,6,04,1,
4553,02473,2022-05-25 21:38:51,25.53519,-103.46382,3,04,1,
4553,02473,2022-05-25 21:39:22,25.5351,-103.46425,0,04,1,
4553,02473,2022-05-25 21:39:52,25.53511,-103.46511,0,04,1,
4553,02473,2022-05-25 21:40:22,25.53564,-103.46523,22,04,1,
4553,02473,2022-05-25 21:40:53,25.53688,-103.46554,0,04,1,
4553,02473,2022-05-25 21:41:23,25.53732,-103.46567,0,04,1,
4553,02473,2022-05-25 21:41:53,25.53731,-103.46566,0,04,1,
4553,02473,2022-05-25 21:42:24,25.53734,-103.46567,4,04,1,
4553,02473,2022-05-25 21:42:54,25.53919,-103.46624,14,04,1,
4553,02473,2022-05-25 21:43:19,25.53903,-103.46706,0,04,1,
4553,02473,2022-05-25 21:43:50,25.53812,-103.46701,0,04,1,
4553,02473,2022-05-25 21:44:20,25.53736,-103.46679,0,04,1,
4553,02473,2022-05-25 21:44:50,25.53726,-103.46676,5,04,1,
4553,02473,2022-05-25 21:45:21,25.53633,-103.46652,0,04,1,
4553,02473,2022-05-25 21:45:51,25.53572,-103.46633,13,04,1,
4553,02473,2022-05-25 21:46:21,25.53521,-103.46609,12,04,1,
4553,02473,2022-05-25 21:46:52,25.53494,-103.46427,31,04,1,
4553,02473,2022-05-25 21:47:22,25.53547,-103.46183,3,04,1,
4553,02473,2022-05-25 21:47:52,25.53575,-103.46046,26,04,1,
4553,02473,2022-05-25 21:48:23,25.53578,-103.45914,3,04,1,
4553,02473,2022-05-25 21:48:48,25.53579,-103.45847,31,04,1,
4553,02473,2022-05-25 21:49:18,25.53578,-103.45688,13,04,1,
4553,02473,2022-05-25 21:49:49,25.53577,-103.45558,18,04,1,
4553,02473,2022-05-25 21:50:19,25.53577,-103.45405,16,04,1,
4553,02473,2022-05-25 21:50:49,25.53573,-103.45292,9,04,1,
4553,02473,2022-05-25 21:51:20,25.53577,-103.45198,17,04,1,
4553,02473,2022-05-25 21:51:50,25.53574,-103.45052,15,04,1,
4553,02473,2022-05-25 21:52:20,25.5357,-103.44938,10,04,1,
4553,02473,2022-05-25 21:52:51,25.53571,-103.44898,0,04,1,
4553,02473,2022-05-25 21:53:21,25.53571,-103.44899,0,04,1,
4553,02473,2022-05-25 21:53:48,25.53571,-103.44899,0,04,1,
4553,02473,2022-05-25 21:54:17,25.53571,-103.44857,21,04,1,
4553,02473,2022-05-25 21:54:47,25.53571,-103.44674,35,04,1,
4553,02473,2022-05-25 21:55:17,25.5357,-103.44541,10,04,1,
4553,02473,2022-05-25 21:55:48,25.53569,-103.44403,16,04,1,
4553,02473,2022-05-25 21:56:18,25.53568,-103.44248,10,04,1,
4553,02473,2022-05-25 21:56:49,25.53567,-103.44194,20,04,1,
4553,02473,2022-05-25 21:57:19,25.53566,-103.44001,23,04,1,
4553,02473,2022-05-25 21:57:49,25.53564,-103.4381,26,04,1,
4553,02473,2022-05-25 21:58:20,25.53563,-103.43651,0,04,1,
4553,02473,2022-05-25 21:58:50,25.53563,-103.43623,0,04,1,
4553,02473,2022-05-25 21:59:15,25.53562,-103.43475,31,04,1,
4553,02473,2022-05-25 21:59:46,25.53561,-103.43443,0,04,1,
4553,02473,2022-05-25 22:00:16,25.5356,-103.43444,0,04,1,
4553,02473,2022-05-25 22:00:46,25.53561,-103.43352,25,04,1,
4553,02473,2022-05-25 22:01:17,25.53559,-103.43125,41,04,1,
4553,02473,2022-05-25 22:01:47,25.5356,-103.42975,36,04,1,
4553,02473,2022-05-25 22:02:17,25.5356,-103.42905,24,04,1,
4553,02473,2022-05-25 22:02:48,25.53559,-103.42629,1,04,1,
4553,02473,2022-05-25 22:03:18,25.53558,-103.42533,35,04,1,
4553,02473,2022-05-25 22:03:48,25.53555,-103.42278,1,04,1,
4553,02473,2022-05-25 22:04:14,25.53555,-103.42234,27,04,1,
4553,02473,2022-05-25 22:04:44,25.53557,-103.4215,28,04,1,
4553,02473,2022-05-25 22:05:14,25.53556,-103.42007,17,04,1,
4553,02473,2022-05-25 22:05:45,25.53553,-103.41882,0,04,1,
4553,02473,2022-05-25 22:06:15,25.53555,-103.41822,31,04,1,
4553,02473,2022-05-25 22:06:45,25.5355,-103.41474,35,04,1,
4553,02473,2022-05-25 22:07:16,25.53548,-103.4119,33,04,1,
4553,02473,2022-05-25 22:07:46,25.53543,-103.40941,36,04,1,
4553,02473,2022-05-25 22:08:16,25.53527,-103.40716,0,04,1,
4553,02473,2022-05-25 22:08:47,25.53532,-103.4068,20,04,1,
4553,02473,2022-05-25 22:09:12,25.53524,-103.40415,48,04,1,
4553,02473,2022-05-25 22:09:42,25.53518,-103.40315,5,04,1,
4553,02473,2022-05-25 22:10:13,25.53516,-103.40068,45,04,1,
4553,02473,2022-05-25 22:10:43,25.53511,-103.39633,29,04,1,
4553,02473,2022-05-25 22:11:13,25.53477,-103.3961,0,04,1,
4553,02473,2022-05-25 22:11:44,25.53477,-103.3961,0,04,1,
4553,02473,2022-05-25 22:12:14,25.53468,-103.3961,4,04,1,
4553,02473,2022-05-25 22:12:44,25.53465,-103.3961,1,04,1,
4553,02473,2022-05-25 22:13:15,25.53322,-103.39609,29,04,1,
4553,02473,2022-05-25 22:13:45,25.53016,-103.3961,30,04,1,
4553,02473,2022-05-25 22:14:15,25.52819,-103.39615,36,04,1,
4553,02473,2022-05-25 22:14:41,25.52572,-103.39614,35,04,1,
4553,02473,2022-05-25 22:15:11,25.52438,-103.39616,35,04,1,
4553,02473,2022-05-25 22:15:41,25.52253,-103.39619,14,04,1,
4553,02473,2022-05-25 22:16:12,25.52213,-103.3962,0,04,1,
4553,02473,2022-05-25 22:16:42,25.52168,-103.39619,23,04,1,
4553,02473,2022-05-25 22:17:13,25.51976,-103.39617,38,04,1,
4553,02473,2022-05-25 22:17:43,25.51798,-103.39617,0,04,1,
4553,02473,2022-05-25 22:18:13,25.51797,-103.39617,5,04,1,
4553,02473,2022-05-25 22:18:44,25.51759,-103.39552,16,04,1,
4553,02473,2022-05-25 22:19:14,25.51759,-103.39376,32,04,1,
4553,02473,2022-05-25 22:19:44,25.51756,-103.3903,38,04,1,
4553,02473,2022-05-25 22:20:10,25.51755,-103.38977,8,04,1,
4553,02473,2022-05-25 22:20:40,25.51592,-103.39129,47,04,1,
4553,02473,2022-05-25 22:21:10,25.51356,-103.39382,30,04,1,
4553,02473,2022-05-25 22:21:41,25.51307,-103.39441,0,04,1,
4553,02473,2022-05-25 22:22:11,25.51289,-103.39455,10,04,1,
4553,02473,2022-05-25 22:22:42,25.51141,-103.39608,31,04,1,
4553,02473,2022-05-25 22:23:12,25.51056,-103.397,14,04,1,
4553,02473,2022-05-25 22:23:42,25.50917,-103.39848,32,04,1,
4553,02473,2022-05-25 22:24:13,25.5079,-103.39982,0,04,1,
4553,02473,2022-05-25 22:24:42,25.50791,-103.39981,0,04,1,
4553,02473,2022-05-25 22:25:08,25.50708,-103.40081,18,04,1,
4553,02473,2022-05-25 22:25:39,25.50648,-103.40151,15,04,1,
4553,02473,2022-05-25 22:26:09,25.50549,-103.40271,32,04,1,
4553,02473,2022-05-25 22:26:40,25.50399,-103.40447,25,04,1,
4553,02473,2022-05-25 22:27:10,25.50302,-103.40534,23,04,1,
4553,02473,2022-05-25 22:27:40,25.50247,-103.40579,9,04,1,
4553,02473,2022-05-25 22:28:11,25.50119,-103.4067,29,04,1,
4553,02473,2022-05-25 22:28:41,25.49907,-103.40866,51,04,1,
4553,02473,2022-05-25 22:29:09,25.49752,-103.40996,0,04,1,
4553,02473,2022-05-25 22:29:37,25.49715,-103.41025,18,04,1,
4553,02473,2022-05-25 22:29:53,25.49673,-103.41058,0,00,1,
4553,02473,2022-05-25 22:30:23,25.49674,-103.41057,0,00,1,
4553,02473,2022-05-25 22:30:53,25.49618,-103.41035,0,00,1,
4553,02473,2022-05-25 22:31:24,25.4956,-103.40936,1,00,1,
4553,02473,2022-05-25 22:31:54,25.4967,-103.40823,31,00,1,
4553,02473,2022-05-25 22:32:25,25.497,-103.40627,6,00,1,
4553,02473,2022-05-25 22:32:55,25.49593,-103.40507,21,00,1,
4553,02473,2022-05-25 22:33:20,25.49505,-103.40406,2,00,1,
4553,02473,2022-05-25 22:33:51,25.49427,-103.40319,23,00,1,
4553,02473,2022-05-25 22:34:21,25.49361,-103.40258,7,00,1,
4553,02473,2022-05-25 22:34:51,25.49257,-103.40378,26,00,1,
4553,02473,2022-05-25 22:35:22,25.49199,-103.40435,4,00,1,
4553,02473,2022-05-25 22:35:52,25.49206,-103.40479,0,00,1,
4553,02473,2022-05-25 22:36:23,25.49177,-103.40463,9,00,1,
4553,02473,2022-05-25 22:36:53,25.49133,-103.40412,9,00,1,
4553,02473,2022-05-25 22:37:23,25.49127,-103.40403,0,00,1,
4553,02473,2022-05-25 22:37:54,25.49127,-103.40403,0,00,1,
4553,02473,2022-05-25 22:38:19,25.49127,-103.40402,0,00,1,
4553,02473,2022-05-25 22:38:50,25.49126,-103.40402,0,00,1,
4553,02473,2022-05-25 22:39:20,25.49126,-103.40402,0,00,1,
4553,02473,2022-05-25 22:39:50,25.49126,-103.40402,0,00,1,
4553,02473,2022-05-25 22:40:21,25.49126,-103.40403,0,00,1,
4553,02473,2022-05-25 22:40:51,25.49126,-103.40402,0,00,1,
4553,02474,2022-05-25 23:23:26,25.49125,-103.40406,0,04,1,
4553,02474,2022-05-25 23:23:51,25.49125,-103.40406,0,04,1,
4553,02474,2022-05-25 23:24:22,25.49165,-103.40428,5,04,1,
4553,02474,2022-05-25 23:24:52,25.49199,-103.40431,3,04,1,
4553,02474,2022-05-25 23:25:22,25.49212,-103.40419,2,04,1,
4553,02474,2022-05-25 23:25:53,25.49218,-103.40413,0,04,1,
4553,02474,2022-05-25 23:26:23,25.49229,-103.40402,3,04,1,
4553,02474,2022-05-25 23:26:53,25.49241,-103.40391,3,04,1,
4553,02474,2022-05-25 23:27:24,25.49281,-103.40346,1,04,1,
4553,02474,2022-05-25 23:27:54,25.49312,-103.4031,6,04,1,
4553,02474,2022-05-25 23:28:19,25.49345,-103.40268,9,04,1,
4553,02474,2022-05-25 23:28:50,25.49389,-103.40272,7,04,1,
4553,02474,2022-05-25 23:29:20,25.49428,-103.40314,6,04,1,
4553,02474,2022-05-25 23:29:50,25.49468,-103.40356,6,04,1,
4553,02474,2022-05-25 23:30:21,25.49504,-103.40399,7,04,1,
4553,02474,2022-05-25 23:30:51,25.49536,-103.4044,5,04,1,
4553,02474,2022-05-25 23:31:22,25.496,-103.40509,6,04,1,
4553,02474,2022-05-25 23:31:52,25.49641,-103.40552,16,04,1,
4553,02474,2022-05-25 23:32:22,25.49709,-103.40643,6,04,1,
4553,02474,2022-05-25 23:32:53,25.49702,-103.40795,0,04,1,
4553,02474,2022-05-25 23:33:22,25.49571,-103.40923,7,04,1,
4553,02474,2022-05-25 23:33:44,25.49653,-103.4103,13,04,1,
4553,02474,2022-05-25 23:34:15,25.49696,-103.41015,0,04,1,
4553,02474,2022-05-25 23:34:45,25.49808,-103.40932,30,04,1,
4553,02474,2022-05-25 23:35:15,25.50054,-103.40732,42,04,1,
4553,02474,2022-05-25 23:35:46,25.50229,-103.40572,0,04,1,
4553,02474,2022-05-25 23:36:16,25.50319,-103.40501,23,04,1,
4553,02474,2022-05-25 23:36:46,25.50468,-103.4034,30,04,1,
4553,02474,2022-05-25 23:37:17,25.50582,-103.40201,7,04,1,
4553,02474,2022-05-25 23:37:47,25.50719,-103.40033,12,04,1,
4553,02474,2022-05-25 23:38:13,25.50754,-103.39992,0,04,1,
4553,02474,2022-05-25 23:38:43,25.50754,-103.39993,0,04,1,
4553,02474,2022-05-25 23:39:13,25.50837,-103.39904,41,04,1,
4553,02474,2022-05-25 23:39:44,25.51119,-103.39607,51,04,1,
4553,02474,2022-05-25 23:40:14,25.51274,-103.39445,0,04,1,
4553,02474,2022-05-25 23:40:44,25.51278,-103.39442,9,04,1,
4553,02474,2022-05-25 23:41:15,25.51378,-103.39403,5,04,1,
4553,02474,2022-05-25 23:41:45,25.51422,-103.39403,6,04,1,
4553,02474,2022-05-25 23:42:16,25.51523,-103.39402,19,04,1,
4553,02474,2022-05-25 23:42:46,25.51633,-103.39401,22,04,1,
4553,02474,2022-05-25 23:43:16,25.51739,-103.394,6,04,1,
4553,02474,2022-05-25 23:43:42,25.51803,-103.394,12,04,1,
4553,02474,2022-05-25 23:44:12,25.51953,-103.394,22,04,1,
4553,02474,2022-05-25 23:44:42,25.52062,-103.39399,14,04,1,
4553,02474,2022-05-25 23:45:13,25.52208,-103.39398,16,04,1,
4553,02474,2022-05-25 23:45:43,25.52274,-103.39397,11,04,1,
4553,02474,2022-05-25 23:46:14,25.52449,-103.39396,35,04,1,
4553,02474,2022-05-25 23:46:44,25.5271,-103.39392,28,04,1,
4553,02474,2022-05-25 23:47:15,25.52838,-103.39392,31,04,1,
4553,02474,2022-05-25 23:47:45,25.53146,-103.39389,17,04,1,
4553,02474,2022-05-25 23:48:15,25.5338,-103.39383,39,04,1,
4553,02474,2022-05-25 23:48:41,25.53467,-103.39382,11,04,1,
4553,02474,2022-05-25 23:49:11,25.53539,-103.39501,25,04,1,
4553,02474,2022-05-25 23:49:41,25.53539,-103.39639,30,04,1,
4553,02474,2022-05-25 23:50:11,25.5354,-103.40004,48,04,1,
4553,02474,2022-05-25 23:50:42,25.53543,-103.40418,49,04,1,
4553,02474,2022-05-25 23:51:12,25.53561,-103.40672,3,04,1,
4553,02474,2022-05-25 23:51:43,25.53561,-103.40776,23,04,1,
4553,02474,2022-05-25 23:52:13,25.53561,-103.41022,36,04,1,
4553,02474,2022-05-25 23:52:44,25.53564,-103.41351,39,04,1,
4553,02474,2022-05-25 23:53:09,25.53565,-103.41395,0,04,1,
4553,02474,2022-05-25 23:53:39,25.53565,-103.41394,0,04,1,
4553,02474,2022-05-25 23:54:10,25.53564,-103.41421,4,04,1,
4553,02474,2022-05-25 23:54:40,25.53565,-103.41687,24,04,1,
4553,02474,2022-05-25 23:55:10,25.53566,-103.41802,0,04,1,
4553,02474,2022-05-25 23:55:41,25.53567,-103.41916,15,04,1,
4553,02474,2022-05-25 23:56:11,25.53567,-103.41953,14,04,1,
4553,02474,2022-05-25 23:56:41,25.53568,-103.42053,27,04,1,
4553,02474,2022-05-25 23:57:12,25.53569,-103.42266,22,04,1,
4553,02474,2022-05-25 23:57:42,25.53572,-103.4253,33,04,1,
4553,02474,2022-05-25 23:58:13,25.53572,-103.42738,25,04,1,
4553,02474,2022-05-25 23:58:38,25.53573,-103.4285,0,04,1,
4553,02474,2022-05-25 23:59:08,25.53574,-103.42918,24,04,1,
4553,02474,2022-05-25 23:59:39,25.53575,-103.43287,42,04,1,
4553,02474,2022-05-26 00:00:09,25.53576,-103.4341,29,04,1,
4553,02474,2022-05-26 00:00:39,25.53576,-103.4366,30,04,1,
4553,02474,2022-05-26 00:01:10,25.5358,-103.4396,2,04,1,
4553,02474,2022-05-26 00:01:40,25.5358,-103.44077,29,04,1,
4553,02474,2022-05-26 00:02:10,25.5358,-103.44164,0,04,1,
4553,02474,2022-05-26 00:02:41,25.5358,-103.44358,36,04,1,
4553,02474,2022-05-26 00:03:11,25.53582,-103.44572,19,04,1,
4553,02474,2022-05-26 00:03:26,25.53583,-103.44703,36,04,1,
4553,02474,2022-05-26 00:03:36,25.53587,-103.44792,22,04,1,
4553,02474,2022-05-26 00:04:02,25.53586,-103.44802,0,04,1,
4553,02474,2022-05-26 00:04:32,25.53586,-103.44948,33,04,1,
4553,02474,2022-05-26 00:05:02,25.53587,-103.45233,34,04,1,
4553,02474,2022-05-26 00:05:33,25.53583,-103.45327,15,04,1,
4553,02474,2022-05-26 00:06:03,25.53585,-103.45566,32,04,1,
4553,02474,2022-05-26 00:06:34,25.5359,-103.45785,17,04,1,
4553,02474,2022-05-26 00:07:04,25.53588,-103.45912,16,04,1,
4553,02474,2022-05-26 00:07:34,25.53579,-103.46116,1,04,1,
4553,02474,2022-05-26 00:08:04,25.53555,-103.46218,30,04,1,
4553,02474,2022-05-26 00:08:32,25.53497,-103.46479,19,04,1,
4553,02474,2022-05-26 00:09:00,25.5352,-103.46514,25,04,1,
4553,02474,2022-05-26 00:09:31,25.53546,-103.46518,0,04,1,
4553,02474,2022-05-26 00:10:01,25.53547,-103.46517,0,04,1,
4553,02474,2022-05-26 00:10:31,25.53684,-103.46553,30,04,1,
4553,02474,2022-05-26 00:11:02,25.53883,-103.46612,32,04,1,
4553,02474,2022-05-26 00:11:32,25.53916,-103.46658,0,04,1,
4553,02474,2022-05-26 00:12:03,25.53907,-103.4669,10,04,1,
4553,02474,2022-05-26 00:12:33,25.53855,-103.46712,10,04,1,
4553,02474,2022-05-26 00:13:03,25.53774,-103.46692,10,04,1,
4553,02474,2022-05-26 00:13:32,25.53723,-103.46679,0,04,1,
4553,02474,2022-05-26 00:13:59,25.53725,-103.46678,0,04,1,
4553,02474,2022-05-26 00:14:29,25.53725,-103.46678,0,04,1,
4553,02474,2022-05-26 00:15:00,25.53714,-103.46674,0,04,1,
4553,02474,2022-05-26 00:15:30,25.53687,-103.46667,0,04,1,
4553,02474,2022-05-26 00:16:00,25.53665,-103.4666,0,04,1,
4553,02474,2022-05-26 00:16:31,25.53665,-103.4666,0,04,1,
4553,02474,2022-05-26 00:17:01,25.53651,-103.46655,11,04,1,
4553,02474,2022-05-26 00:17:31,25.53555,-103.46626,25,04,1,
4553,02474,2022-05-26 00:18:02,25.53496,-103.46582,0,04,1,
4553,02474,2022-05-26 00:18:27,25.53479,-103.46505,24,04,1,
4553,02474,2022-05-26 00:18:58,25.53528,-103.46273,28,04,1,
4553,02474,2022-05-26 00:19:28,25.53565,-103.46091,0,04,1,
4553,02474,2022-05-26 00:19:58,25.53568,-103.46077,6,04,1,
4553,02474,2022-05-26 00:20:29,25.53572,-103.4606,0,04,1,
4553,02474,2022-05-26 00:20:59,25.53576,-103.46018,19,04,1,
4553,02474,2022-05-26 00:21:29,25.53575,-103.45938,0,04,1,
4553,02474,2022-05-26 00:22:00,25.53575,-103.45911,15,04,1,
4553,02474,2022-05-26 00:22:30,25.53575,-103.45775,0,04,1,
4553,02474,2022-05-26 00:22:45,25.53576,-103.45735,27,04,1,
4553,02474,2022-05-26 00:23:11,25.53576,-103.45654,24,04,1,
4553,02474,2022-05-26 00:23:41,25.53576,-103.45411,25,04,1,
4553,02474,2022-05-26 00:24:12,25.5357,-103.45303,0,04,1,
4553,02474,2022-05-26 00:24:42,25.53572,-103.45148,29,04,1,
4553,02474,2022-05-26 00:25:13,25.53569,-103.44925,2,04,1,
4553,02474,2022-05-26 00:25:43,25.53568,-103.44926,0,04,1,
4553,02474,2022-05-26 00:26:13,25.53569,-103.44926,1,04,1,
4553,02474,2022-05-26 00:26:44,25.53567,-103.44791,22,04,1,
4553,02474,2022-05-26 00:27:14,25.53567,-103.44608,14,04,1,
4553,02474,2022-05-26 00:27:44,25.53569,-103.44572,0,04,1,
4553,02474,2022-05-26 00:28:09,25.53568,-103.44567,8,04,1,
4553,02474,2022-05-26 00:28:40,25.53565,-103.44399,24,04,1,
4553,02474,2022-05-26 00:29:10,25.53565,-103.44206,11,04,1,
4553,02474,2022-05-26 00:29:40,25.53566,-103.44103,15,04,1,
4553,02474,2022-05-26 00:30:11,25.53563,-103.43959,18,04,1,
4553,02474,2022-05-26 00:30:41,25.53561,-103.43779,22,04,1,
4553,02474,2022-05-26 00:31:11,25.5356,-103.43661,0,04,1,
4553,02474,2022-05-26 00:31:42,25.53559,-103.43662,0,04,1,
4553,02474,2022-05-26 00:32:12,25.53559,-103.43605,23,04,1,
4553,02474,2022-05-26 00:32:43,25.53559,-103.4346,0,04,1,
4553,02474,2022-05-26 00:33:08,25.53559,-103.43461,0,04,1,
4553,02474,2022-05-26 00:33:38,25.53558,-103.43386,31,04,1,
4553,02474,2022-05-26 00:34:09,25.53557,-103.42964,40,04,1,
4553,02474,2022-05-26 00:34:39,25.53556,-103.42767,45,04,1,
4553,02474,2022-05-26 00:35:09,25.53554,-103.42373,40,04,1,
4553,02474,2022-05-26 00:35:40,25.53553,-103.42297,0,04,1,
4553,02474,2022-05-26 00:36:10,25.53552,-103.42196,0,04,1,
4553,02474,2022-05-26 00:36:40,25.53554,-103.42043,33,04,1,
4553,02474,2022-05-26 00:37:10,25.53551,-103.419,0,04,1,
4553,02474,2022-05-26 00:37:41,25.53551,-103.41889,12,04,1,
4553,02474,2022-05-26 00:38:11,25.53549,-103.4166,48,04,1,
4553,02474,2022-05-26 00:38:37,25.53548,-103.41381,34,04,1,
4553,02474,2022-05-26 00:39:07,25.53546,-103.41128,16,04,1,
4553,02474,2022-05-26 00:39:38,25.53538,-103.40884,51,04,1,
4553,02474,2022-05-26 00:40:08,25.53529,-103.40728,4,04,1,
4553,02474,2022-05-26 00:40:38,25.53533,-103.4062,29,04,1,
4553,02474,2022-05-26 00:41:09,25.53518,-103.40392,0,04,1,
4553,02474,2022-05-26 00:41:39,25.53516,-103.4035,28,04,1,
4553,02474,2022-05-26 00:42:09,25.53513,-103.39944,55,04,1,
4553,02474,2022-05-26 00:42:40,25.53499,-103.39607,14,04,1,
4553,02474,2022-05-26 00:43:10,25.53476,-103.3961,0,04,1,
4553,02474,2022-05-26 00:43:35,25.53476,-103.39611,0,04,1,
4553,02474,2022-05-26 00:44:06,25.53476,-103.39611,0,04,1,
4553,02474,2022-05-26 00:44:36,25.53476,-103.39611,0,04,1,
4553,02474,2022-05-26 00:45:06,25.53476,-103.39612,0,04,1,
4553,02474,2022-05-26 00:45:36,25.53476,-103.39612,0,04,1,
4553,02474,2022-05-26 00:46:07,25.53423,-103.39611,14,04,1,
4553,02474,2022-05-26 00:46:37,25.53289,-103.3961,23,04,1,
4553,02474,2022-05-26 00:47:08,25.53082,-103.3961,27,04,1,
4553,02474,2022-05-26 00:47:38,25.52948,-103.39612,19,04,1,
4553,02474,2022-05-26 00:48:08,25.52797,-103.39616,0,04,1,
4553,02474,2022-05-26 00:48:34,25.52729,-103.39615,0,04,1,
4553,02474,2022-05-26 00:49:04,25.52726,-103.39615,8,04,1,
4553,02474,2022-05-26 00:49:34,25.52511,-103.39615,17,04,1,
4553,02474,2022-05-26 00:50:05,25.52349,-103.39616,16,04,1,
4553,02474,2022-05-26 00:50:35,25.52241,-103.39618,9,04,1,
4553,02474,2022-05-26 00:51:05,25.52211,-103.39618,0,04,1,
4553,02474,2022-05-26 00:51:36,25.52199,-103.39618,16,04,1,
4553,02474,2022-05-26 00:52:06,25.52008,-103.39617,40,04,1,
4553,02474,2022-05-26 00:52:37,25.51798,-103.39615,4,04,1,
4553,02474,2022-05-26 00:53:07,25.51797,-103.39615,0,04,1,
4553,02474,2022-05-26 00:53:33,25.51771,-103.39613,19,04,1,
4553,02474,2022-05-26 00:54:03,25.51758,-103.39432,0,04,1,
4553,02474,2022-05-26 00:54:33,25.51758,-103.39355,33,04,1,
4553,02474,2022-05-26 00:55:04,25.51755,-103.39025,31,04,1,
4553,02474,2022-05-26 00:55:34,25.51718,-103.39001,0,04,1,
4553,02474,2022-05-26 00:56:04,25.5168,-103.3904,28,04,1,
4553,02474,2022-05-26 00:56:35,25.51445,-103.39286,38,04,1,
4553,02474,2022-05-26 00:57:05,25.51346,-103.39395,15,04,1,
4553,02474,2022-05-26 00:57:35,25.51304,-103.39442,0,04,1,
4553,02474,2022-05-26 00:58:06,25.51274,-103.39464,10,04,1,
4553,02474,2022-05-26 00:58:33,25.51262,-103.39473,0,04,1,
4553,02474,2022-05-26 00:59:01,25.51263,-103.39473,0,04,1,
4553,02474,2022-05-26 00:59:32,25.51212,-103.39424,30,04,1,
4553,02474,2022-05-26 01:00:02,25.51121,-103.39282,0,04,1,
4553,02474,2022-05-26 01:00:33,25.51049,-103.3917,30,04,1,
4553,02474,2022-05-26 01:01:03,25.50997,-103.3909,0,04,1,
4553,02474,2022-05-26 01:01:34,25.50997,-103.39091,0,04,1,
4553,02474,2022-05-26 01:02:04,25.5096,-103.39033,22,04,1,
4553,02474,2022-05-26 01:02:34,25.50924,-103.38976,22,04,1,
4553,02474,2022-05-26 01:03:05,25.50866,-103.38885,18,04,1,
4553,02474,2022-05-26 01:03:30,25.50836,-103.38839,0,04,1,
4553,02474,2022-05-26 01:04:00,25.50753,-103.38708,2,04,1,
4553,02474,2022-05-26 01:04:30,25.50687,-103.38604,6,04,1,
4553,02474,2022-05-26 01:05:01,25.50657,-103.38556,15,04,1,
4553,02474,2022-05-26 01:05:31,25.50653,-103.3855,0,04,1,
4553,02474,2022-05-26 01:06:02,25.50652,-103.38547,9,04,1,
4553,02474,2022-05-26 01:06:32,25.50675,-103.38493,11,04,1,
4553,02474,2022-05-26 01:07:03,25.5078,-103.38412,0,04,1,
4553,02474,2022-05-26 01:07:33,25.50859,-103.38351,25,04,1,
4553,02474,2022-05-26 01:08:03,25.50921,-103.38277,16,04,1,
4553,02474,2022-05-26 01:08:33,25.50852,-103.38174,0,04,1,
4553,02474,2022-05-26 01:08:59,25.50798,-103.3809,23,04,1,
4553,02474,2022-05-26 01:09:29,25.50749,-103.38012,25,04,1,
4553,02474,2022-05-26 01:09:59,25.50635,-103.38064,25,04,1,
4553,02474,2022-05-26 01:10:30,25.50518,-103.38155,31,04,1,
4553,02474,2022-05-26 01:11:00,25.50437,-103.38212,7,04,1,
4553,02474,2022-05-26 01:11:31,25.50385,-103.38089,20,04,1,
4553,02474,2022-05-26 01:12:01,25.503,-103.38094,32,04,1,
4553,02474,2022-05-26 01:12:31,25.50208,-103.38166,23,04,1,
4553,02474,2022-05-26 01:13:01,25.50097,-103.38266,13,04,1,
4553,02474,2022-05-26 01:13:30,25.50185,-103.38397,0,04,1,
4553,02474,2022-05-26 01:13:57,25.50232,-103.38472,29,04,1,
4553,02474,2022-05-26 01:14:28,25.50258,-103.38588,17,04,1,
4553,02474,2022-05-26 01:14:58,25.5018,-103.38646,10,04,1,
4553,02474,2022-05-26 01:15:29,25.50109,-103.38671,4,04,1,
4553,02474,2022-05-26 01:15:59,25.50108,-103.3867,0,04,1,
4553,02474,2022-05-26 01:16:29,25.50109,-103.3867,0,04,1,
4553,02474,2022-05-26 01:17:00,25.50109,-103.3867,0,04,1,
4553,02474,2022-05-26 01:17:20,25.50109,-103.3867,0,00,1,
4553,02474,2022-05-26 01:17:50,25.50074,-103.38606,19,00,1,
4553,02474,2022-05-26 01:18:16,25.50013,-103.38498,20,00,1,
4553,02474,2022-05-26 01:18:46,25.49944,-103.38377,0,00,1,
4553,02474,2022-05-26 01:19:17,25.49878,-103.38376,20,00,1,
4553,02474,2022-05-26 01:19:47,25.49767,-103.38177,31,00,1,
4553,02474,2022-05-26 01:20:17,25.49677,-103.38023,0,00,1,
4553,02474,2022-05-26 01:20:48,25.49653,-103.37996,7,00,1,
4553,02474,2022-05-26 01:21:18,25.49631,-103.38121,12,00,1,
4553,02474,2022-05-26 01:21:49,25.49617,-103.38217,14,00,1,
4553,02474,2022-05-26 01:22:19,25.49596,-103.38348,18,00,1,
4553,02474,2022-05-26 01:22:49,25.4957,-103.38524,22,00,1,
4553,02474,2022-05-26 01:23:14,25.49547,-103.38673,21,00,1,
4553,02474,2022-05-26 01:23:45,25.49517,-103.38874,27,00,1,
4553,02474,2022-05-26 01:24:15,25.49488,-103.39064,20,00,1,
4553,02474,2022-05-26 01:24:45,25.49463,-103.39225,20,00,1,
4553,02474,2022-05-26 01:25:16,25.49432,-103.39431,29,00,1,
4553,02474,2022-05-26 01:25:46,25.49376,-103.39675,17,00,1,
4553,02474,2022-05-26 01:26:16,25.49435,-103.39727,7,00,1,
4553,02474,2022-05-26 01:26:47,25.49469,-103.39765,2,00,1,
4553,02474,2022-05-26 01:27:18,25.49469,-103.39765,0,00,1,
4553,02474,2022-05-26 01:27:48,25.49469,-103.39765,0,00,1,
4553,02474,2022-05-26 01:28:13,25.49469,-103.39765,0,00,1,
4553,02474,2022-05-26 01:28:44,25.49469,-103.39764,0,00,1,
4553,02474,2022-05-26 01:29:14,25.49469,-103.39764,0,00,1,
4553,02474,2022-05-26 01:29:45,25.4947,-103.39764,0,00,1,
4553,02474,2022-05-26 01:30:15,25.4947,-103.39764,0,00,1,
4553,02475,2022-05-26 02:16:52,25.49468,-103.39788,12,04,1,
4553,02475,2022-05-26 02:17:18,25.49373,-103.399,15,04,1,
4553,02475,2022-05-26 02:17:48,25.49276,-103.39807,7,04,1,
4553,02475,2022-05-26 02:18:19,25.49184,-103.39915,37,04,1,
4553,02475,2022-05-26 02:18:49,25.49079,-103.40039,19,04,1,
4553,02475,2022-05-26 02:19:19,25.49013,-103.40177,22,04,1,
4553,02475,2022-05-26 02:19:50,25.49069,-103.4031,16,04,1,
4553,02475,2022-05-26 02:20:20,25.49159,-103.40421,13,04,1,
4553,02475,2022-05-26 02:20:50,25.49191,-103.40438,7,04,1,
4553,02475,2022-05-26 02:21:21,25.49233,-103.40396,6,04,1,
4553,02475,2022-05-26 02:21:51,25.49281,-103.40344,11,04,1,
4553,02475,2022-05-26 02:22:16,25.49339,-103.40274,15,04,1,
4553,02475,2022-05-26 02:22:47,25.49357,-103.40253,3,04,1,
4553,02475,2022-05-26 02:23:17,25.49407,-103.40294,2,04,1,
4553,02475,2022-05-26 02:23:48,25.49443,-103.40333,13,04,1,
4553,02475,2022-05-26 02:24:18,25.4951,-103.40412,15,04,1,
4553,02475,2022-05-26 02:24:49,25.49614,-103.40529,16,04,1,
4553,02475,2022-05-26 02:25:19,25.49699,-103.40629,14,04,1,
4553,02475,2022-05-26 02:25:49,25.49703,-103.40725,14,04,1,
4553,02475,2022-05-26 02:26:19,25.49673,-103.40825,11,04,1,
4553,02475,2022-05-26 02:26:50,25.49603,-103.40889,11,04,1,
4553,02475,2022-05-26 02:27:15,25.49563,-103.40934,8,04,1,
4553,02475,2022-05-26 02:27:45,25.49637,-103.41024,7,04,1,
4553,02475,2022-05-26 02:28:16,25.49663,-103.41031,2,04,1,
4553,02475,2022-05-26 02:28:42,25.49735,-103.40986,18,04,1,
4553,02475,2022-05-26 02:29:12,25.49929,-103.40842,34,04,1,
4553,02475,2022-05-26 02:29:43,25.50145,-103.40643,46,04,1,
4553,02475,2022-05-26 02:30:13,25.5024,-103.40562,12,04,1,
4553,02475,2022-05-26 02:30:43,25.5033,-103.40492,22,04,1,
4553,02475,2022-05-26 02:31:14,25.50476,-103.40329,20,04,1,
4553,02475,2022-05-26 02:31:44,25.50544,-103.40248,17,04,1,
4553,02475,2022-05-26 02:32:14,25.50577,-103.40208,0,04,1,
4553,02475,2022-05-26 02:32:40,25.50597,-103.40184,15,04,1,
4553,02475,2022-05-26 02:33:10,25.50703,-103.40053,21,04,1,
4553,02475,2022-05-26 02:33:40,25.5075,-103.39996,0,04,1,
4553,02475,2022-05-26 02:34:11,25.50844,-103.39892,0,04,1,
4553,02475,2022-05-26 02:34:41,25.50897,-103.39842,33,04,1,
4553,02475,2022-05-26 02:35:11,25.5116,-103.39564,46,04,1,
4553,02475,2022-05-26 02:35:42,25.51273,-103.39444,0,04,1,
4553,02475,2022-05-26 02:36:12,25.51272,-103.39445,0,04,1,
4553,02475,2022-05-26 02:36:42,25.51322,-103.39407,0,04,1,
4553,02475,2022-05-26 02:37:13,25.51367,-103.39404,30,04,1,
4553,02475,2022-05-26 02:37:38,25.51598,-103.39403,38,04,1,
4553,02475,2022-05-26 02:38:08,25.51742,-103.394,0,04,1,
4553,02475,2022-05-26 02:38:39,25.51765,-103.394,17,04,1,
4553,02475,2022-05-26 02:39:09,25.51851,-103.394,13,04,1,
4553,02475,2022-05-26 02:39:39,25.52019,-103.39399,12,04,1,
4553,02475,2022-05-26 02:40:10,25.52246,-103.39397,28,04,1,
4553,02475,2022-05-26 02:40:40,25.52384,-103.39395,6,04,1,
4553,02475,2022-05-26 02:41:10,25.5259,-103.39396,33,04,1,
4553,02475,2022-05-26 02:41:41,25.52829,-103.39392,31,04,1,
4553,02475,2022-05-26 02:42:11,25.53099,-103.3939,36,04,1,
4553,02475,2022-05-26 02:42:41,25.53287,-103.39386,33,04,1,
4553,02475,2022-05-26 02:43:07,25.53424,-103.39383,0,04,1,
4553,02475,2022-05-26 02:43:37,25.5348,-103.39382,12,04,1,
4553,02475,2022-05-26 02:44:07,25.53536,-103.39506,31,04,1,
4553,02475,2022-05-26 02:44:38,25.53537,-103.39585,9,04,1,
4553,02475,2022-05-26 02:45:08,25.53537,-103.39871,46,04,1,
4553,02475,2022-05-26 02:45:38,25.53537,-103.40054,29,04,1,
4553,02475,2022-05-26 02:46:09,25.53537,-103.40353,1,04,1,
4553,02475,2022-05-26 02:46:39,25.53547,-103.40476,0,04,1,
4553,02475,2022-05-26 02:47:10,25.53558,-103.40641,45,04,1,
4553,02475,2022-05-26 02:47:40,25.53558,-103.40818,1,04,1,
4553,02475,2022-05-26 02:48:05,25.53559,-103.40941,28,04,1,
4553,02475,2022-05-26 02:48:36,25.53561,-103.41123,17,04,1,
4553,02475,2022-05-26 02:49:06,25.53562,-103.41379,23,04,1,
4553,02475,2022-05-26 02:49:36,25.53562,-103.41401,11,04,1,
4553,02475,2022-05-26 02:50:07,25.53563,-103.41577,29,04,1,
4553,02475,2022-05-26 02:50:37,25.53564,-103.41807,6,04,1,
4553,02475,2022-05-26 02:51:07,25.53565,-103.41872,25,04,1,
4553,02475,2022-05-26 02:51:38,25.53563,-103.41976,15,04,1,
4553,02475,2022-05-26 02:52:08,25.53564,-103.42173,24,04,1,
4553,02475,2022-05-26 02:52:38,25.53565,-103.42228,4,04,1,
4553,02475,2022-05-26 02:53:09,25.53567,-103.42467,32,04,1,
4553,02475,2022-05-26 02:53:34,25.53567,-103.4277,59,04,1,
4553,02475,2022-05-26 02:54:04,25.53568,-103.42877,0,04,1,
4553,02475,2022-05-26 02:54:35,25.53569,-103.42901,19,04,1,
4553,02475,2022-05-26 02:55:05,25.5357,-103.43174,35,04,1,
4553,02475,2022-05-26 02:55:35,25.53575,-103.43373,0,04,1,
4553,02475,2022-05-26 02:56:06,25.53575,-103.43419,0,04,1,
4553,02475,2022-05-26 02:56:36,25.53575,-103.43418,0,04,1,
4553,02475,2022-05-26 02:57:06,25.53575,-103.43429,12,04,1,
4553,02475,2022-05-26 02:57:37,25.53576,-103.43681,1,04,1,
4553,02475,2022-05-26 02:58:07,25.53576,-103.4392,40,04,1,
4553,02475,2022-05-26 02:58:32,25.53577,-103.4421,40,04,1,
4553,02475,2022-05-26 02:59:03,25.53578,-103.44532,32,04,1,
4553,02475,2022-05-26 02:59:33,25.53582,-103.4477,26,04,1,
4553,02475,2022-05-26 03:00:03,25.53584,-103.44831,0,04,1,
4553,02475,2022-05-26 03:00:34,25.53583,-103.45028,39,04,1,
4553,02475,2022-05-26 03:01:04,25.53586,-103.45265,3,04,1,
4553,02475,2022-05-26 03:01:34,25.53584,-103.45473,27,04,1,
4553,02475,2022-05-26 03:02:05,25.53587,-103.45657,0,04,1,
4553,02475,2022-05-26 03:02:35,25.53588,-103.45716,25,04,1,
4553,02475,2022-05-26 03:03:06,25.5359,-103.45972,28,04,1,
4553,02475,2022-05-26 03:03:32,25.53584,-103.46088,30,04,1,
4553,02475,2022-05-26 03:04:01,25.53558,-103.46204,11,04,1,
4553,02475,2022-05-26 03:04:32,25.53518,-103.4638,29,04,1,
4553,02475,2022-05-26 03:05:02,25.53541,-103.46518,6,04,1,
4553,02475,2022-05-26 03:05:32,25.53542,-103.46516,0,04,1,
4553,02475,2022-05-26 03:06:03,25.53543,-103.46516,0,04,1,
4553,02475,2022-05-26 03:06:33,25.5369,-103.46556,29,04,1,
4553,02475,2022-05-26 03:07:03,25.53887,-103.46614,28,04,1,
4553,02475,2022-05-26 03:07:34,25.53891,-103.46723,11,04,1,
4553,02475,2022-05-26 03:08:04,25.53855,-103.46713,19,04,1,
4553,02475,2022-05-26 03:08:35,25.53814,-103.46703,0,04,1,
4553,02475,2022-05-26 03:09:00,25.53745,-103.46683,17,04,1,
4553,02475,2022-05-26 03:09:30,25.536,-103.46642,21,04,1,
4553,02475,2022-05-26 03:10:00,25.53482,-103.46573,4,04,1,
4553,02475,2022-05-26 03:10:31,25.53488,-103.46432,25,04,1,
4553,02475,2022-05-26 03:11:01,25.53538,-103.46216,23,04,1,
4553,02475,2022-05-26 03:11:32,25.53565,-103.46087,0,04,1,
4553,02475,2022-05-26 03:12:02,25.53563,-103.46088,0,04,1,
4553,02475,2022-05-26 03:12:33,25.53563,-103.46088,0,04,1,
4553,02475,2022-05-26 03:13:03,25.53565,-103.46089,0,04,1,
4553,02475,2022-05-26 03:13:33,25.53565,-103.46089,0,04,1,
4553,02475,2022-05-26 03:13:58,25.53573,-103.4606,6,04,1,
4553,02475,2022-05-26 03:14:29,25.53575,-103.45948,9,04,1,
4553,02475,2022-05-26 03:14:59,25.53575,-103.4589,10,04,1,
4553,02475,2022-05-26 03:15:30,25.53574,-103.4575,26,04,1,
4553,02475,2022-05-26 03:16:00,25.53573,-103.45703,0,04,1,
4553,02475,2022-05-26 03:16:30,25.53575,-103.45492,34,04,1,
4553,02475,2022-05-26 03:17:01,25.53573,-103.45186,37,04,1,
4553,02475,2022-05-26 03:17:36,25.53569,-103.44911,0,04,1,
4553,02475,2022-05-26 03:18:01,25.53569,-103.44912,0,04,1,
4553,02475,2022-05-26 03:18:32,25.53568,-103.44828,22,04,1,
4553,02475,2022-05-26 03:19:02,25.53566,-103.44579,22,04,1,
4553,02475,2022-05-26 03:19:32,25.53565,-103.44301,37,04,1,
4553,02475,2022-05-26 03:20:03,25.53564,-103.44242,0,04,1,
4553,02475,2022-05-26 03:20:33,25.53564,-103.44241,6,04,1,
4553,02475,2022-05-26 03:21:03,25.53565,-103.43954,43,04,1,
4553,02475,2022-05-26 03:21:34,25.5356,-103.43644,14,04,1,
4553,02475,2022-05-26 03:22:04,25.5356,-103.43439,0,04,1,
4553,02475,2022-05-26 03:22:35,25.53558,-103.43441,0,04,1,
4553,02475,2022-05-26 03:23:00,25.53557,-103.43414,24,04,1,
4553,02475,2022-05-26 03:23:30,25.53557,-103.4333,26,04,1,
4553,02475,2022-05-26 03:24:01,25.53555,-103.42963,32,04,1,
4553,02475,2022-05-26 03:24:31,25.53555,-103.42634,44,04,1,
4553,02475,2022-05-26 03:25:01,25.53553,-103.42266,27,04,1,
4553,02475,2022-05-26 03:25:32,25.53553,-103.41994,33,04,1,
4553,02475,2022-05-26 03:26:02,25.5355,-103.41879,0,04,1,
4553,02475,2022-05-26 03:26:32,25.5355,-103.41638,41,04,1,
4553,02475,2022-05-26 03:27:03,25.53547,-103.41312,48,04,1,
4553,02475,2022-05-26 03:27:33,25.5354,-103.40929,46,04,1,
4553,02475,2022-05-26 03:27:59,25.53529,-103.4067,21,04,1,
4553,02475,2022-05-26 03:28:29,25.53531,-103.40623,11,04,1,
4553,02475,2022-05-26 03:28:59,25.53514,-103.40341,31,04,1,
4553,02475,2022-05-26 03:29:30,25.53513,-103.40139,47,04,1,
4553,02475,2022-05-26 03:30:00,25.5351,-103.39706,53,04,1,
4553,02475,2022-05-26 03:30:30,25.53415,-103.39609,36,04,1,
4553,02475,2022-05-26 03:31:01,25.53149,-103.3961,44,04,1,
4553,02475,2022-05-26 03:31:31,25.52967,-103.39613,22,04,1,
4553,02475,2022-05-26 03:32:02,25.52728,-103.39616,4,04,1,
4553,02475,2022-05-26 03:32:27,25.52707,-103.39615,17,04,1,
4553,02475,2022-05-26 03:32:58,25.52436,-103.39616,1,04,1,
4553,02475,2022-05-26 03:33:28,25.52294,-103.39618,28,04,1,
4553,02475,2022-05-26 03:33:58,25.52103,-103.39617,16,04,1,
4553,02475,2022-05-26 03:34:29,25.51844,-103.39617,36,04,1,
4553,02475,2022-05-26 03:34:59,25.51759,-103.39602,22,04,1,
4553,02475,2022-05-26 03:35:30,25.51756,-103.39412,0,04,1,
4553,02475,2022-05-26 03:36:00,25.51755,-103.39172,41,04,1,
4553,02475,2022-05-26 03:36:31,25.51723,-103.3899,21,04,1,
4553,02475,2022-05-26 03:36:56,25.517,-103.39044,0,04,1,
4553,02475,2022-05-26 03:37:26,25.51698,-103.39047,0,04,1,
4553,02475,2022-05-26 03:37:56,25.51697,-103.39049,0,04,1,
4553,02475,2022-05-26 03:38:27,25.51695,-103.39049,0,04,1,
4553,02475,2022-05-26 03:38:57,25.51696,-103.3905,0,04,1,
4553,02475,2022-05-26 03:39:28,25.51695,-103.39051,0,04,1,
4553,02475,2022-05-26 03:39:58,25.51694,-103.39051,0,04,1,
4553,02475,2022-05-26 03:40:28,25.51693,-103.39052,0,04,1,
4553,02475,2022-05-26 03:40:59,25.51691,-103.39054,0,04,1,
4553,02475,2022-05-26 03:41:29,25.51689,-103.39054,0,04,1,
4553,02475,2022-05-26 03:41:55,25.51689,-103.39053,0,04,1,
4553,02475,2022-05-26 03:42:25,25.5169,-103.39053,0,04,1,
4553,02475,2022-05-26 03:42:55,25.51691,-103.39052,0,04,1,
4553,02475,2022-05-26 03:43:26,25.51692,-103.39051,0,04,1,
4553,02475,2022-05-26 03:43:56,25.51694,-103.39049,0,04,1,
4553,02475,2022-05-26 03:44:27,25.51696,-103.39049,0,04,1,
4553,02475,2022-05-26 03:44:57,25.51646,-103.39073,28,04,1,
4553,02475,2022-05-26 03:45:28,25.5146,-103.39268,38,04,1,
4553,02475,2022-05-26 03:45:58,25.51303,-103.39441,0,04,1,
4553,02475,2022-05-26 03:46:28,25.5126,-103.39477,0,04,1,
4553,02475,2022-05-26 03:46:54,25.51214,-103.39434,27,04,1,
4553,02475,2022-05-26 03:47:24,25.51107,-103.39264,0,04,1,
4553,02475,2022-05-26 03:47:55,25.51038,-103.39155,22,04,1,
4553,02475,2022-05-26 03:48:25,25.50999,-103.39095,0,04,1,
4553,02475,2022-05-26 03:48:55,25.50911,-103.38959,22,04,1,
4553,02475,2022-05-26 03:49:26,25.50858,-103.38876,20,04,1,
4553,02475,2022-05-26 03:49:56,25.50759,-103.38719,29,04,1,
4553,02475,2022-05-26 03:50:27,25.50646,-103.38521,19,04,1,
4553,02475,2022-05-26 03:50:57,25.50726,-103.3845,16,04,1,
4553,02475,2022-05-26 03:51:22,25.50791,-103.38401,0,04,1,
4553,02475,2022-05-26 03:51:53,25.50903,-103.38316,20,04,1,
4553,02475,2022-05-26 03:52:23,25.50856,-103.38181,11,04,1,
4553,02475,2022-05-26 03:52:54,25.50794,-103.38085,23,04,1,
4553,02475,2022-05-26 03:53:19,25.50735,-103.37995,5,00,1,
4553,02475,2022-05-26 03:53:49,25.5061,-103.38082,31,00,1,
4553,02475,2022-05-26 03:54:15,25.5049,-103.38177,34,00,1,
4553,02475,2022-05-26 03:54:45,25.50383,-103.38092,32,00,1,
4553,02475,2022-05-26 03:55:15,25.50293,-103.38098,36,00,1,
4553,02475,2022-05-26 03:55:46,25.50174,-103.38193,35,00,1,
4553,02475,2022-05-26 03:56:16,25.501,-103.38272,10,00,1,
4553,02475,2022-05-26 03:56:47,25.50195,-103.38236,16,00,1,
4553,02475,2022-05-26 03:57:17,25.50245,-103.38173,14,00,1,
4553,02475,2022-05-26 03:57:47,25.50314,-103.38074,29,00,1,
4553,02475,2022-05-26 03:58:18,25.50376,-103.37977,4,00,1,
4553,02475,2022-05-26 03:58:43,25.50366,-103.37952,0,00,1,
4553,02475,2022-05-26 03:59:13,25.50365,-103.37953,0,00,1,
4553,02475,2022-05-26 03:59:44,25.50366,-103.37953,0,00,1,
4553,02475,2022-05-26 04:00:14,25.50366,-103.37954,0,00,1,
4553,02475,2022-05-26 04:00:45,25.50366,-103.37954,0,00,1,
4553,02475,2022-05-26 04:01:15,25.50363,-103.37947,12,00,1,
4553,02475,2022-05-26 04:01:46,25.50258,-103.37783,34,00,1,
4553,02475,2022-05-26 04:02:16,25.50092,-103.37524,40,00,1,
4553,02475,2022-05-26 04:02:46,25.49941,-103.37292,30,00,1,
4553,02475,2022-05-26 04:03:12,25.49871,-103.37183,0,00,1,
4553,02475,2022-05-26 04:03:43,25.49871,-103.37184,0,00,1,
4553,02475,2022-05-26 04:04:13,25.49871,-103.37185,0,00,1,
4553,02475,2022-05-26 04:04:44,25.49872,-103.37185,0,00,1,
4553,02475,2022-05-26 04:05:14,25.49872,-103.37185,0,00,1,
4553,02475,2022-05-26 04:05:44,25.4987,-103.37182,8,00,1,
4553,02475,2022-05-26 04:06:15,25.49774,-103.37098,19,00,1,
4553,02475,2022-05-26 04:06:45,25.49743,-103.37373,38,00,1,
4553,02475,2022-05-26 04:07:15,25.49715,-103.37564,33,00,1,
4553,02475,2022-05-26 04:07:41,25.4968,-103.37785,12,00,1,
4553,02475,2022-05-26 04:08:11,25.49658,-103.3793,16,00,1,
4553,02475,2022-05-26 04:08:42,25.49655,-103.37957,0,00,1,
4553,02475,2022-05-26 04:09:12,25.49651,-103.37982,12,00,1,
4553,02475,2022-05-26 04:09:43,25.49624,-103.38181,17,00,1,
4553,02475,2022-05-26 04:10:13,25.49569,-103.38515,56,00,1,
4553,02475,2022-05-26 04:10:43,25.49499,-103.38975,55,00,1,
4553,02475,2022-05-26 04:11:14,25.49433,-103.39411,49,00,1,
4553,02475,2022-05-26 04:11:44,25.49372,-103.39694,7,00,1,
4553,02475,2022-05-26 04:12:14,25.49438,-103.39735,7,00,1,
4553,02475,2022-05-26 04:12:40,25.49466,-103.39767,1,00,1,
4553,02475,2022-05-26 04:13:10,25.49495,-103.39757,0,00,1,
4553,02475,2022-05-26 04:13:41,25.49491,-103.3975,0,00,1,
4553,02475,2022-05-26 04:14:11,25.49489,-103.39749,0,00,1,
4553,02475,2022-05-26 04:14:42,25.49486,-103.39746,1,00,1,
4553,02475,2022-05-26 04:15:12,25.4948,-103.39741,0,00,1,
4553,02475,2022-05-26 04:15:42,25.4948,-103.3974,0,00,1,
4553,02475,2022-05-26 04:16:13,25.49481,-103.3974,0,00,1,
4553,02475,2022-05-26 04:16:38,25.4948,-103.3974,0,00,1,
4553,02475,2022-05-26 04:17:09,25.49481,-103.3974,0,00,1,
4553,02475,2022-05-26 04:17:39,25.49481,-103.3974,0,00,1,
4553,02475,2022-05-26 04:18:10,25.49481,-103.39739,0,00,1,
4553,02475,2022-05-26 04:18:40,25.49481,-103.39739,0,00,1,
4553,02475,2022-05-26 04:19:11,25.4948,-103.3974,0,00,1,
