Code vehicule,Code chauffeur,Date (GMT),Latitude,Longitude,Vitesse,I/O,Valide
3522,04343,2022-05-25 10:54:53,25.51411,-103.36247,2,04,1,
3522,04343,2022-05-25 10:55:19,25.51408,-103.36241,1,04,1,
3522,04343,2022-05-25 10:55:50,25.51403,-103.36231,1,04,1,
3522,04343,2022-05-25 10:56:20,25.51613,-103.34798,0,04,1,
3522,04343,2022-05-25 10:56:51,25.51613,-103.34796,0,04,1,
3522,04343,2022-05-25 10:57:21,25.51614,-103.34794,0,04,1,
3522,04343,2022-05-25 10:57:52,25.51613,-103.34806,0,04,1,
3522,04343,2022-05-25 10:58:22,25.51609,-103.34812,0,04,1,
3522,04343,2022-05-25 10:58:53,25.51593,-103.34806,0,04,1,
3522,04343,2022-05-25 10:59:23,25.516,-103.34805,0,04,1,
3522,04343,2022-05-25 10:59:52,25.51599,-103.34811,0,04,1,
3522,04343,2022-05-25 11:00:20,25.516,-103.34792,1,04,1,
3522,04343,2022-05-25 11:00:50,25.51615,-103.34795,2,04,1,
3522,04343,2022-05-25 11:01:21,25.51607,-103.34803,1,04,1,
3522,04343,2022-05-25 11:01:51,25.51602,-103.34805,0,04,1,
3522,04343,2022-05-25 11:02:21,25.51595,-103.34806,0,04,1,
3522,04343,2022-05-25 11:02:52,25.51608,-103.34805,0,04,1,
3522,04343,2022-05-25 11:03:23,25.51611,-103.3481,0,04,1,
3522,04343,2022-05-25 11:03:49,25.5161,-103.34809,0,04,1,
3522,04343,2022-05-25 11:04:20,25.51605,-103.34802,0,04,1,
3522,04343,2022-05-25 11:04:45,25.51607,-103.34805,0,04,1,
3522,04343,2022-05-25 11:05:16,25.51605,-103.34802,0,04,1,
3522,04343,2022-05-25 11:05:46,25.51608,-103.34804,0,04,1,
3522,04343,2022-05-25 11:06:17,25.51609,-103.34805,0,04,1,
3522,04343,2022-05-25 11:06:47,25.5161,-103.34805,0,04,1,
3522,04343,2022-05-25 11:07:18,25.5161,-103.34805,0,04,1,
3522,04343,2022-05-25 11:07:48,25.51609,-103.34804,0,04,1,
3522,04343,2022-05-25 11:08:19,25.51608,-103.34802,0,04,1,
3522,04343,2022-05-25 11:08:49,25.51608,-103.34803,0,04,1,
3522,04343,2022-05-25 11:09:20,25.51608,-103.34802,0,04,1,
3522,04343,2022-05-25 11:09:46,25.51608,-103.34802,0,04,1,
3522,04343,2022-05-25 11:10:16,25.51609,-103.34802,0,04,1,
3522,04343,2022-05-25 11:10:46,25.51608,-103.34801,1,04,1,
3522,04343,2022-05-25 11:11:17,25.51609,-103.34802,0,04,1,
3522,04343,2022-05-25 11:11:47,25.51602,-103.34797,0,04,1,
3522,04343,2022-05-25 11:12:18,25.51602,-103.34795,0,04,1,
3522,04343,2022-05-25 11:12:48,25.51605,-103.34801,0,04,1,
3522,04343,2022-05-25 11:13:19,25.51603,-103.34809,0,04,1,
3522,04343,2022-05-25 11:13:49,25.516,-103.3481,0,04,1,
3522,04343,2022-05-25 11:14:20,25.516,-103.34811,0,04,1,
3522,04343,2022-05-25 11:14:50,25.51603,-103.3481,0,04,1,
3522,04343,2022-05-25 11:15:16,25.51604,-103.3481,0,04,1,
3522,04343,2022-05-25 11:15:46,25.51604,-103.34811,0,04,1,
3522,04343,2022-05-25 11:16:17,25.51607,-103.34807,0,04,1,
3522,04343,2022-05-25 11:16:37,25.5161,-103.34809,0,00,1,
3522,04343,2022-05-25 11:17:08,25.51612,-103.3481,0,00,1,
3522,04343,2022-05-25 11:17:38,25.51604,-103.3477,7,00,1,
3522,04343,2022-05-25 11:18:09,25.5149,-103.34722,9,00,1,
3522,04343,2022-05-25 11:18:39,25.51458,-103.3462,15,00,1,
3522,04343,2022-05-25 11:19:06,25.51405,-103.34836,40,00,1,
3522,04343,2022-05-25 11:19:36,25.51367,-103.3521,44,00,1,
3522,04343,2022-05-25 11:20:06,25.51336,-103.35526,39,00,1,
3522,04343,2022-05-25 11:20:37,25.51159,-103.35618,38,00,1,
3522,04343,2022-05-25 11:21:07,25.50896,-103.35621,33,00,1,
3522,04343,2022-05-25 11:21:38,25.50672,-103.35624,12,00,1,
3522,04343,2022-05-25 11:22:08,25.50396,-103.3563,45,00,1,
3522,04343,2022-05-25 11:22:39,25.50038,-103.35638,22,00,1,
3522,04343,2022-05-25 11:23:09,25.49984,-103.35639,4,00,1,
3522,04343,2022-05-25 11:23:40,25.49982,-103.35828,28,00,1,
3522,04343,2022-05-25 11:24:06,25.49982,-103.35995,31,00,1,
3522,04343,2022-05-25 11:24:36,25.49974,-103.36218,38,00,1,
3522,04343,2022-05-25 11:25:07,25.49959,-103.36393,25,00,1,
3522,04343,2022-05-25 11:25:37,25.50001,-103.3661,36,00,1,
3522,04343,2022-05-25 11:26:08,25.50389,-103.36605,41,00,1,
3522,04343,2022-05-25 11:26:38,25.502,-103.36627,50,00,1,
3522,04343,2022-05-25 11:27:09,25.49789,-103.36699,53,00,1,
3522,04343,2022-05-25 11:27:39,25.49772,-103.37185,58,00,1,
3522,04343,2022-05-25 11:28:10,25.49726,-103.37507,21,00,1,
3522,04343,2022-05-25 11:28:35,25.49693,-103.37726,34,00,1,
3522,04343,2022-05-25 11:29:06,25.49674,-103.37866,2,00,1,
3522,04343,2022-05-25 11:29:37,25.49675,-103.37865,0,00,1,
3522,04343,2022-05-25 11:30:07,25.49674,-103.37865,0,00,1,
3522,04343,2022-05-25 11:30:38,25.49674,-103.37865,0,00,1,
3522,04343,2022-05-25 11:31:08,25.49673,-103.37866,0,00,1,
3522,04343,2022-05-25 11:31:39,25.49675,-103.37864,0,00,1,
3522,04343,2022-05-25 11:32:09,25.49674,-103.37865,0,00,1,
3522,04343,2022-05-25 11:32:39,25.49674,-103.37865,0,00,1,
3522,04343,2022-05-25 11:33:10,25.49674,-103.37865,0,00,1,
3522,04343,2022-05-25 11:33:35,25.49674,-103.37864,0,00,1,
3522,04343,2022-05-25 11:34:06,25.49674,-103.37864,0,00,1,
3522,04344,2022-05-25 11:40:34,25.49582,-103.36976,0,04,1,
3522,04344,2022-05-25 11:40:39,25.49577,-103.3699,0,04,1,
3522,04344,2022-05-25 11:41:04,25.49667,-103.37866,0,04,1,
3522,04344,2022-05-25 11:41:31,25.4967,-103.3788,15,04,1,
3522,04344,2022-05-25 11:42:01,25.49664,-103.37985,0,04,1,
3522,04344,2022-05-25 11:42:31,25.49662,-103.37984,0,04,1,
3522,04344,2022-05-25 11:43:02,25.49678,-103.38001,7,04,1,
3522,04344,2022-05-25 11:43:32,25.49851,-103.38304,56,04,1,
3522,04344,2022-05-25 11:44:02,25.50024,-103.38618,2,04,1,
3522,04344,2022-05-25 11:44:33,25.50159,-103.38854,25,04,1,
3522,04344,2022-05-25 11:45:03,25.50245,-103.39035,47,04,1,
3522,04344,2022-05-25 11:45:34,25.50373,-103.39122,29,04,1,
3522,04344,2022-05-25 11:45:59,25.50464,-103.3905,31,04,1,
3522,04344,2022-05-25 11:46:29,25.50506,-103.38906,6,04,1,
3522,04344,2022-05-25 11:47:00,25.50473,-103.3886,12,04,1,
3522,04344,2022-05-25 11:47:30,25.50424,-103.38783,7,04,1,
3522,04344,2022-05-25 11:48:00,25.5037,-103.38696,0,04,1,
3522,04344,2022-05-25 11:48:31,25.50274,-103.38548,47,04,1,
3522,04344,2022-05-25 11:49:01,25.50085,-103.38255,10,04,1,
3522,04344,2022-05-25 11:49:32,25.50237,-103.38132,3,04,1,
3522,04344,2022-05-25 11:50:02,25.50279,-103.38101,28,04,1,
3522,04344,2022-05-25 11:50:32,25.50396,-103.38091,30,04,1,
3522,04344,2022-05-25 11:51:02,25.50442,-103.38204,0,04,1,
3522,04344,2022-05-25 11:51:28,25.50581,-103.38107,15,04,1,
3522,04344,2022-05-25 11:51:58,25.50609,-103.38087,23,04,1,
3522,04344,2022-05-25 11:52:28,25.50744,-103.38003,0,04,1,
3522,04344,2022-05-25 11:52:59,25.50785,-103.38071,21,04,1,
3522,04344,2022-05-25 11:53:29,25.50851,-103.38173,15,04,1,
3522,04344,2022-05-25 11:53:59,25.50925,-103.38289,8,04,1,
3522,04344,2022-05-25 11:54:30,25.50847,-103.38387,42,04,1,
3522,04344,2022-05-25 11:55:00,25.50688,-103.38591,33,04,1,
3522,04344,2022-05-25 11:55:30,25.50912,-103.38936,20,04,1,
3522,04344,2022-05-25 11:56:01,25.51002,-103.39078,24,04,1,
3522,04344,2022-05-25 11:56:28,25.51115,-103.39255,29,04,1,
3522,04344,2022-05-25 11:56:56,25.51265,-103.39461,8,04,1,
3522,04344,2022-05-25 11:57:27,25.5127,-103.39451,2,04,1,
3522,04344,2022-05-25 11:57:57,25.51282,-103.3944,0,04,1,
3522,04344,2022-05-25 11:58:27,25.51381,-103.39406,30,04,1,
3522,04344,2022-05-25 11:58:58,25.5152,-103.39404,30,04,1,
3522,04344,2022-05-25 11:59:28,25.51673,-103.39402,12,04,1,
3522,04344,2022-05-25 11:59:58,25.51954,-103.394,51,04,1,
3522,04344,2022-05-25 12:00:29,25.52188,-103.39397,8,04,1,
3522,04344,2022-05-25 12:00:59,25.52187,-103.39398,0,04,1,
3522,04344,2022-05-25 12:01:29,25.52232,-103.39398,0,04,1,
3522,04344,2022-05-25 12:01:55,25.52354,-103.39397,0,04,1,
3522,04344,2022-05-25 12:02:25,25.52471,-103.39396,8,04,1,
3522,04344,2022-05-25 12:02:55,25.52617,-103.39395,27,04,1,
3522,04344,2022-05-25 12:03:26,25.52798,-103.39393,44,04,1,
3522,04344,2022-05-25 12:03:56,25.53159,-103.3939,13,04,1,
3522,04344,2022-05-25 12:04:26,25.5323,-103.3939,31,04,1,
3522,04344,2022-05-25 12:04:57,25.53453,-103.39383,0,04,1,
3522,04344,2022-05-25 12:05:27,25.53458,-103.39383,11,04,1,
3522,04344,2022-05-25 12:05:57,25.53535,-103.39556,10,04,1,
3522,04344,2022-05-25 12:06:28,25.53534,-103.39735,45,04,1,
3522,04344,2022-05-25 12:06:58,25.53536,-103.40135,2,04,1,
3522,04344,2022-05-25 12:07:23,25.53536,-103.4031,19,04,1,
3522,04344,2022-05-25 12:07:54,25.53544,-103.40467,0,04,1,
3522,04344,2022-05-25 12:08:24,25.53542,-103.40468,0,04,1,
3522,04344,2022-05-25 12:08:54,25.53557,-103.40678,45,04,1,
3522,04344,2022-05-25 12:09:24,25.53559,-103.40817,23,04,1,
3522,04344,2022-05-25 12:09:55,25.5356,-103.41143,41,04,1,
3522,04344,2022-05-25 12:10:25,25.53561,-103.4136,0,04,1,
3522,04344,2022-05-25 12:10:55,25.53561,-103.41364,9,04,1,
3522,04344,2022-05-25 12:11:26,25.53563,-103.41579,29,04,1,
3522,04344,2022-05-25 12:11:56,25.53564,-103.41811,0,04,1,
3522,04344,2022-05-25 12:12:26,25.53566,-103.41916,29,04,1,
3522,04344,2022-05-25 12:12:52,25.53563,-103.41996,7,04,1,
3522,04344,2022-05-25 12:13:22,25.53567,-103.42126,15,04,1,
3522,04344,2022-05-25 12:13:52,25.53569,-103.4222,0,04,1,
3522,04344,2022-05-25 12:14:23,25.53567,-103.42359,43,04,1,
3522,04344,2022-05-25 12:14:53,25.5357,-103.42561,39,04,1,
3522,04344,2022-05-25 12:15:23,25.53572,-103.42847,0,04,1,
3522,04344,2022-05-25 12:15:54,25.53571,-103.4288,21,04,1,
3522,04344,2022-05-25 12:16:24,25.53574,-103.43267,52,04,1,
3522,04344,2022-05-25 12:16:54,25.53579,-103.43403,0,04,1,
3522,04344,2022-05-25 12:17:25,25.53586,-103.43411,0,04,1,
3522,04344,2022-05-25 12:17:55,25.53585,-103.43433,18,04,1,
3522,04344,2022-05-25 12:18:20,25.53577,-103.43701,45,04,1,
3522,04344,2022-05-25 12:18:51,25.53579,-103.4395,40,04,1,
3522,04344,2022-05-25 12:19:21,25.53582,-103.44218,0,04,1,
3522,04344,2022-05-25 12:19:51,25.53579,-103.44218,0,04,1,
3522,04344,2022-05-25 12:20:22,25.5358,-103.44348,38,04,1,
3522,04344,2022-05-25 12:20:52,25.53582,-103.44547,14,04,1,
3522,04344,2022-05-25 12:21:22,25.53582,-103.44695,30,04,1,
3522,04344,2022-05-25 12:21:53,25.53582,-103.44792,0,04,1,
3522,04344,2022-05-25 12:22:23,25.53583,-103.44866,31,04,1,
3522,04344,2022-05-25 12:22:53,25.53585,-103.45252,23,04,1,
3522,04344,2022-05-25 12:23:24,25.53585,-103.4548,43,04,1,
3522,04344,2022-05-25 12:23:49,25.53587,-103.45646,0,04,1,
3522,04344,2022-05-25 12:24:19,25.53587,-103.45705,24,04,1,
3522,04344,2022-05-25 12:24:50,25.5359,-103.45845,28,04,1,
3522,04344,2022-05-25 12:25:20,25.5359,-103.45966,0,04,1,
3522,04344,2022-05-25 12:25:50,25.53581,-103.46093,16,04,1,
3522,04344,2022-05-25 12:26:21,25.53506,-103.46435,36,04,1,
3522,04344,2022-05-25 12:26:51,25.53579,-103.4653,34,04,1,
3522,04344,2022-05-25 12:27:21,25.53618,-103.4654,0,04,1,
3522,04344,2022-05-25 12:27:52,25.53632,-103.46535,0,04,1,
3522,04344,2022-05-25 12:28:22,25.53695,-103.46552,15,04,1,
3522,04344,2022-05-25 12:28:47,25.5383,-103.46591,46,04,1,
3522,04344,2022-05-25 12:29:18,25.54112,-103.46678,0,04,1,
3522,04344,2022-05-25 12:29:48,25.54161,-103.46735,12,04,1,
3522,04344,2022-05-25 12:30:18,25.5402,-103.46765,0,04,1,
3522,04344,2022-05-25 12:30:49,25.54005,-103.46763,0,04,1,
3522,04344,2022-05-25 12:31:19,25.54007,-103.46759,0,04,1,
3522,04344,2022-05-25 12:31:49,25.54008,-103.46757,0,04,1,
3522,04344,2022-05-25 12:32:20,25.54009,-103.46758,0,04,1,
3522,04344,2022-05-25 12:32:50,25.53838,-103.4671,34,04,1,
3522,04344,2022-05-25 12:33:20,25.53704,-103.46675,19,04,1,
3522,04344,2022-05-25 12:33:51,25.53647,-103.46659,0,04,1,
3522,04344,2022-05-25 12:34:16,25.53647,-103.46658,0,04,1,
3522,04344,2022-05-25 12:34:46,25.53647,-103.46659,0,04,1,
3522,04344,2022-05-25 12:35:17,25.53527,-103.46623,15,04,1,
3522,04344,2022-05-25 12:35:47,25.53503,-103.46597,9,04,1,
3522,04344,2022-05-25 12:36:17,25.53471,-103.4656,22,04,1,
3522,04344,2022-05-25 12:36:48,25.5354,-103.46205,52,04,1,
3522,04344,2022-05-25 12:37:18,25.53568,-103.46078,18,04,1,
3522,04344,2022-05-25 12:37:48,25.53575,-103.45909,23,04,1,
3522,04344,2022-05-25 12:38:19,25.53576,-103.45763,20,04,1,
3522,04344,2022-05-25 12:38:49,25.53575,-103.45558,43,04,1,
3522,04344,2022-05-25 12:39:14,25.53573,-103.45278,48,04,1,
3522,04344,2022-05-25 12:39:45,25.53567,-103.44931,0,04,1,
3522,04344,2022-05-25 12:40:15,25.53567,-103.44921,16,04,1,
3522,04344,2022-05-25 12:40:45,25.53568,-103.44736,32,04,1,
3522,04344,2022-05-25 12:41:16,25.53568,-103.44592,19,04,1,
3522,04344,2022-05-25 12:41:46,25.53565,-103.44571,0,04,1,
3522,04344,2022-05-25 12:42:16,25.53565,-103.44513,28,04,1,
3522,04344,2022-05-25 12:42:47,25.53564,-103.44281,10,04,1,
3522,04344,2022-05-25 12:43:17,25.53564,-103.44168,36,04,1,
3522,04344,2022-05-25 12:43:47,25.53561,-103.43753,50,04,1,
3522,04344,2022-05-25 12:44:18,25.53561,-103.43665,10,04,1,
3522,04344,2022-05-25 12:44:43,25.5356,-103.43477,23,04,1,
3522,04344,2022-05-25 12:45:13,25.53561,-103.43446,0,04,1,
3522,04344,2022-05-25 12:45:44,25.5356,-103.43441,11,04,1,
3522,04344,2022-05-25 12:46:14,25.53557,-103.43318,27,04,1,
3522,04344,2022-05-25 12:46:44,25.53556,-103.42951,27,04,1,
3522,04344,2022-05-25 12:47:15,25.53556,-103.42903,24,04,1,
3522,04344,2022-05-25 12:47:45,25.53554,-103.4254,52,04,1,
3522,04344,2022-05-25 12:48:16,25.53554,-103.42319,32,04,1,
3522,04344,2022-05-25 12:48:46,25.53552,-103.42194,14,04,1,
3522,04344,2022-05-25 12:49:16,25.53552,-103.42043,1,04,1,
3522,04344,2022-05-25 12:49:42,25.53549,-103.41895,16,04,1,
3522,04344,2022-05-25 12:50:12,25.5355,-103.41858,0,04,1,
3522,04344,2022-05-25 12:50:43,25.53548,-103.41856,0,04,1,
3522,04344,2022-05-25 12:51:13,25.53548,-103.41765,33,04,1,
3522,04344,2022-05-25 12:51:43,25.53546,-103.41456,40,04,1,
3522,04344,2022-05-25 12:52:14,25.53544,-103.41092,22,04,1,
3522,04344,2022-05-25 12:52:44,25.53536,-103.40907,42,04,1,
3522,04344,2022-05-25 12:53:14,25.53527,-103.40712,14,04,1,
3522,04344,2022-05-25 12:53:45,25.5353,-103.4062,17,04,1,
3522,04344,2022-05-25 12:54:15,25.53512,-103.40347,18,04,1,
3522,04344,2022-05-25 12:54:40,25.53513,-103.4025,34,04,1,
3522,04344,2022-05-25 12:55:10,25.53512,-103.39976,44,04,1,
3522,04344,2022-05-25 12:55:41,25.53507,-103.39633,11,04,1,
3522,04344,2022-05-25 12:56:11,25.53473,-103.39615,0,04,1,
3522,04344,2022-05-25 12:56:42,25.53472,-103.39616,0,04,1,
3522,04344,2022-05-25 12:57:12,25.53472,-103.39616,0,04,1,
3522,04344,2022-05-25 12:57:42,25.53472,-103.39616,0,04,1,
3522,04344,2022-05-25 12:58:13,25.53473,-103.39614,0,04,1,
3522,04344,2022-05-25 12:58:43,25.53473,-103.39614,0,04,1,
3522,04344,2022-05-25 12:59:14,25.53472,-103.39614,0,04,1,
3522,04344,2022-05-25 12:59:39,25.53471,-103.39615,0,04,1,
3522,04344,2022-05-25 13:00:09,25.53353,-103.39615,25,04,1,
3522,04344,2022-05-25 13:00:40,25.53159,-103.39613,0,04,1,
3522,04344,2022-05-25 13:01:10,25.53042,-103.39615,37,04,1,
3522,04344,2022-05-25 13:01:40,25.52799,-103.3962,23,04,1,
3522,04344,2022-05-25 13:02:11,25.52737,-103.39615,0,04,1,
3522,04344,2022-05-25 13:02:41,25.52591,-103.39615,45,04,1,
3522,04344,2022-05-25 13:03:11,25.52433,-103.39618,0,04,1,
3522,04344,2022-05-25 13:03:42,25.52293,-103.39618,26,04,1,
3522,04344,2022-05-25 13:04:12,25.52226,-103.3962,18,04,1,
3522,04344,2022-05-25 13:04:38,25.52213,-103.39617,0,04,1,
3522,04344,2022-05-25 13:05:08,25.52126,-103.39618,26,04,1,
3522,04344,2022-05-25 13:05:38,25.51887,-103.39613,37,04,1,
3522,04344,2022-05-25 13:06:09,25.51754,-103.39592,0,04,1,
3522,04344,2022-05-25 13:06:39,25.51756,-103.39417,2,04,1,
3522,04344,2022-05-25 13:07:09,25.51754,-103.39201,8,04,1,
3522,04344,2022-05-25 13:07:40,25.51752,-103.38993,19,04,1,
3522,04344,2022-05-25 13:08:10,25.51748,-103.38982,0,04,1,
3522,04344,2022-05-25 13:08:40,25.51752,-103.38985,0,04,1,
3522,04344,2022-05-25 13:09:11,25.51648,-103.3907,44,04,1,
3522,04344,2022-05-25 13:09:41,25.51526,-103.39202,36,04,1,
3522,04344,2022-05-25 13:10:06,25.51407,-103.39326,43,04,1,
3522,04344,2022-05-25 13:10:37,25.51295,-103.39449,0,04,1,
3522,04344,2022-05-25 13:11:07,25.51297,-103.3945,0,04,1,
3522,04344,2022-05-25 13:11:37,25.51293,-103.39452,9,04,1,
3522,04344,2022-05-25 13:12:08,25.51182,-103.39567,32,04,1,
3522,04344,2022-05-25 13:12:38,25.50972,-103.39787,39,04,1,
3522,04344,2022-05-25 13:13:08,25.50842,-103.39925,33,04,1,
3522,04344,2022-05-25 13:13:39,25.5079,-103.39976,0,04,1,
3522,04344,2022-05-25 13:14:09,25.5079,-103.39974,0,04,1,
3522,04344,2022-05-25 13:14:39,25.50788,-103.39974,8,04,1,
3522,04344,2022-05-25 13:15:05,25.50696,-103.40093,0,04,1,
3522,04344,2022-05-25 13:15:35,25.50541,-103.40279,41,04,1,
3522,04344,2022-05-25 13:16:05,25.50443,-103.40393,33,04,1,
3522,04344,2022-05-25 13:16:36,25.50286,-103.40547,28,04,1,
3522,04344,2022-05-25 13:17:06,25.50172,-103.40626,40,04,1,
3522,04344,2022-05-25 13:17:37,25.4988,-103.40885,68,04,1,
3522,04344,2022-05-25 13:18:07,25.49714,-103.4103,23,04,1,
3522,04344,2022-05-25 13:18:37,25.49661,-103.41065,13,04,1,
3522,04344,2022-05-25 13:19:08,25.49554,-103.40929,19,04,1,
3522,04344,2022-05-25 13:19:38,25.49699,-103.40753,33,04,1,
3522,04344,2022-05-25 13:20:03,25.49651,-103.40571,34,04,1,
3522,04344,2022-05-25 13:20:34,25.49425,-103.40321,43,04,1,
3522,04344,2022-05-25 13:21:04,25.49325,-103.40293,25,04,1,
3522,04344,2022-05-25 13:21:35,25.49194,-103.40441,1,04,1,
3522,04344,2022-05-25 13:21:55,25.49195,-103.40444,0,00,1,
3522,04344,2022-05-25 13:22:25,25.49197,-103.40442,0,00,1,
3522,04344,2022-05-25 13:22:56,25.49199,-103.40445,0,00,1,
3522,04344,2022-05-25 13:23:26,25.49195,-103.40439,0,00,1,
3522,04344,2022-05-25 13:23:57,25.49193,-103.40436,0,00,1,
3522,04344,2022-05-25 13:24:27,25.4919,-103.40436,4,00,1,
3522,04344,2022-05-25 13:24:57,25.4925,-103.40542,27,00,1,
3522,04344,2022-05-25 13:25:23,25.49358,-103.40676,0,00,1,
3522,04344,2022-05-25 13:25:53,25.49358,-103.40674,0,00,1,
3522,04344,2022-05-25 13:26:23,25.49358,-103.40674,0,00,1,
3522,04344,2022-05-25 13:26:54,25.49291,-103.40618,0,00,1,
3522,04344,2022-05-25 13:27:24,25.49291,-103.40619,0,00,1,
3522,04344,2022-05-25 13:27:54,25.49291,-103.40619,0,00,1,
3522,04344,2022-05-25 13:28:24,25.49292,-103.40618,0,00,1,
3522,04344,2022-05-25 13:28:55,25.49293,-103.40619,0,00,1,
3522,04344,2022-05-25 13:29:25,25.49295,-103.40618,0,00,1,
3522,04344,2022-05-25 13:29:56,25.49295,-103.40618,0,00,1,
3522,04344,2022-05-25 13:30:21,25.49295,-103.40617,0,00,1,
3522,04344,2022-05-25 13:30:52,25.49294,-103.40617,0,00,1,
3522,04345,2022-05-25 13:54:38,25.50043,-103.41149,1,04,1,
3522,04345,2022-05-25 13:55:04,25.49293,-103.40619,0,04,1,
3522,04345,2022-05-25 13:55:34,25.49289,-103.40617,3,04,1,
3522,04345,2022-05-25 13:56:05,25.49196,-103.40482,16,04,1,
3522,04345,2022-05-25 13:56:35,25.49194,-103.40431,6,04,1,
3522,04345,2022-05-25 13:57:05,25.49202,-103.40427,0,04,1,
3522,04345,2022-05-25 13:57:35,25.4925,-103.40381,0,04,1,
3522,04345,2022-05-25 13:58:06,25.49356,-103.40258,0,04,1,
3522,04345,2022-05-25 13:58:36,25.49428,-103.40322,35,04,1,
3522,04345,2022-05-25 13:59:03,25.49544,-103.40457,38,04,1,
3522,04345,2022-05-25 13:59:33,25.49709,-103.40673,24,04,1,
3522,04345,2022-05-25 14:00:03,25.49657,-103.40842,38,04,1,
3522,04345,2022-05-25 14:00:28,25.49597,-103.40983,29,04,1,
3522,04345,2022-05-25 14:00:59,25.4966,-103.41033,7,04,1,
3522,04345,2022-05-25 14:01:29,25.49743,-103.40981,0,04,1,
3522,04345,2022-05-25 14:01:59,25.49864,-103.40894,46,04,1,
3522,04345,2022-05-25 14:02:30,25.50187,-103.4061,49,04,1,
3522,04345,2022-05-25 14:03:00,25.50255,-103.40552,28,04,1,
3522,04345,2022-05-25 14:03:31,25.50466,-103.40341,0,04,1,
3522,04345,2022-05-25 14:04:01,25.5054,-103.40249,41,04,1,
3522,04345,2022-05-25 14:04:31,25.50656,-103.40113,40,04,1,
3522,04345,2022-05-25 14:05:02,25.50795,-103.39947,35,04,1,
3522,04345,2022-05-25 14:05:27,25.50998,-103.39734,33,04,1,
3522,04345,2022-05-25 14:05:57,25.51079,-103.39647,24,04,1,
3522,04345,2022-05-25 14:06:28,25.51181,-103.3954,6,04,1,
3522,04345,2022-05-25 14:06:58,25.51269,-103.39448,0,04,1,
3522,04345,2022-05-25 14:07:28,25.51269,-103.39448,0,04,1,
3522,04345,2022-05-25 14:07:59,25.51269,-103.39448,0,04,1,
3522,04345,2022-05-25 14:08:29,25.51323,-103.39406,0,04,1,
3522,04345,2022-05-25 14:08:59,25.51432,-103.39405,17,04,1,
3522,04345,2022-05-25 14:09:30,25.51465,-103.39405,20,04,1,
3522,04345,2022-05-25 14:10:00,25.51671,-103.39402,7,04,1,
3522,04345,2022-05-25 14:10:30,25.51792,-103.39402,25,04,1,
3522,04345,2022-05-25 14:10:56,25.52024,-103.394,17,04,1,
3522,04345,2022-05-25 14:11:26,25.52237,-103.39399,10,04,1,
3522,04345,2022-05-25 14:11:56,25.52331,-103.39399,35,04,1,
3522,04345,2022-05-25 14:12:27,25.52627,-103.39396,2,04,1,
3522,04345,2022-05-25 14:12:57,25.52689,-103.39395,11,04,1,
3522,04345,2022-05-25 14:13:27,25.52755,-103.39395,28,04,1,
3522,04345,2022-05-25 14:13:58,25.53086,-103.39391,8,04,1,
3522,04345,2022-05-25 14:14:28,25.53209,-103.3939,24,04,1,
3522,04345,2022-05-25 14:14:58,25.53432,-103.39385,26,04,1,
3522,04345,2022-05-25 14:15:29,25.53478,-103.39384,20,04,1,
3522,04345,2022-05-25 14:15:54,25.53536,-103.39538,21,04,1,
3522,04345,2022-05-25 14:16:24,25.53535,-103.3966,24,04,1,
3522,04345,2022-05-25 14:16:55,25.53535,-103.3996,48,04,1,
3522,04345,2022-05-25 14:17:25,25.53538,-103.40413,46,04,1,
3522,04345,2022-05-25 14:17:55,25.53548,-103.40494,0,04,1,
3522,04345,2022-05-25 14:18:26,25.53545,-103.40492,4,04,1,
3522,04345,2022-05-25 14:18:56,25.53557,-103.40727,3,04,1,
3522,04345,2022-05-25 14:19:26,25.53557,-103.40964,45,04,1,
3522,04345,2022-05-25 14:19:57,25.53559,-103.41141,27,04,1,
3522,04345,2022-05-25 14:20:27,25.53562,-103.41323,0,04,1,
3522,04345,2022-05-25 14:20:57,25.53563,-103.41502,34,04,1,
3522,04345,2022-05-25 14:21:23,25.53561,-103.41617,15,04,1,
3522,04345,2022-05-25 14:21:53,25.53561,-103.41753,15,04,1,
3522,04345,2022-05-25 14:22:23,25.53564,-103.41918,0,04,1,
3522,04345,2022-05-25 14:22:54,25.53562,-103.41972,2,04,1,
3522,04345,2022-05-25 14:23:24,25.53564,-103.41993,1,04,1,
3522,04345,2022-05-25 14:23:54,25.53567,-103.42204,30,04,1,
3522,04345,2022-05-25 14:24:25,25.53566,-103.42365,39,04,1,
3522,04345,2022-05-25 14:24:55,25.5357,-103.42462,0,04,1,
3522,04345,2022-05-25 14:25:26,25.5357,-103.42527,30,04,1,
3522,04345,2022-05-25 14:25:56,25.53571,-103.42664,27,04,1,
3522,04345,2022-05-25 14:26:21,25.53571,-103.4289,1,04,1,
3522,04345,2022-05-25 14:26:51,25.53572,-103.42889,0,04,1,
3522,04345,2022-05-25 14:27:22,25.53573,-103.43059,45,04,1,
3522,04345,2022-05-25 14:27:52,25.53574,-103.43418,0,04,1,
3522,04345,2022-05-25 14:28:22,25.53575,-103.43415,0,04,1,
3522,04345,2022-05-25 14:28:53,25.53577,-103.43415,0,04,1,
3522,04345,2022-05-25 14:29:23,25.53575,-103.43626,26,04,1,
3522,04345,2022-05-25 14:29:54,25.53575,-103.44015,50,04,1,
3522,04345,2022-05-25 14:30:24,25.53578,-103.4421,10,04,1,
3522,04345,2022-05-25 14:30:54,25.5358,-103.44317,37,04,1,
3522,04345,2022-05-25 14:31:20,25.5358,-103.44607,33,04,1,
3522,04345,2022-05-25 14:31:50,25.53577,-103.44756,0,04,1,
3522,04345,2022-05-25 14:32:21,25.53575,-103.44819,28,04,1,
3522,04345,2022-05-25 14:32:51,25.53583,-103.45157,44,04,1,
3522,04345,2022-05-25 14:33:21,25.53585,-103.45379,13,04,1,
3522,04345,2022-05-25 14:33:52,25.53585,-103.45621,1,04,1,
3522,04345,2022-05-25 14:34:22,25.53585,-103.45691,29,04,1,
3522,04345,2022-05-25 14:34:52,25.53587,-103.4586,13,04,1,
3522,04345,2022-05-25 14:35:23,25.53589,-103.45957,25,04,1,
3522,04345,2022-05-25 14:35:53,25.53587,-103.46067,0,04,1,
3522,04345,2022-05-25 14:36:23,25.53564,-103.4619,5,04,1,
3522,04345,2022-05-25 14:36:49,25.53545,-103.46261,12,04,1,
3522,04345,2022-05-25 14:37:19,25.53515,-103.464,17,04,1,
3522,04345,2022-05-25 14:37:49,25.53514,-103.46513,0,04,1,
3522,04345,2022-05-25 14:38:20,25.53575,-103.46526,22,04,1,
3522,04345,2022-05-25 14:38:50,25.53675,-103.46552,18,04,1,
3522,04345,2022-05-25 14:39:21,25.53888,-103.46609,15,04,1,
3522,04345,2022-05-25 14:39:51,25.53914,-103.46621,0,04,1,
3522,04345,2022-05-25 14:40:21,25.53915,-103.46623,0,04,1,
3522,04345,2022-05-25 14:40:51,25.53938,-103.46628,21,04,1,
3522,04345,2022-05-25 14:41:22,25.54122,-103.46681,0,04,1,
3522,04345,2022-05-25 14:41:47,25.54136,-103.46789,18,04,1,
3522,04345,2022-05-25 14:42:17,25.54016,-103.46764,0,04,1,
3522,04345,2022-05-25 14:42:48,25.54004,-103.46764,6,04,1,
3522,04345,2022-05-25 14:43:18,25.54003,-103.46762,0,04,1,
3522,04345,2022-05-25 14:43:48,25.54003,-103.46761,0,04,1,
3522,04345,2022-05-25 14:44:19,25.54003,-103.46761,0,04,1,
3522,04345,2022-05-25 14:44:49,25.53913,-103.4673,35,04,1,
3522,04345,2022-05-25 14:45:20,25.53723,-103.46677,18,04,1,
3522,04345,2022-05-25 14:45:50,25.53666,-103.46661,0,04,1,
3522,04345,2022-05-25 14:46:20,25.53664,-103.46661,0,04,1,
3522,04345,2022-05-25 14:46:46,25.53657,-103.46663,0,04,1,
3522,04345,2022-05-25 14:47:16,25.53622,-103.46654,8,04,1,
3522,04345,2022-05-25 14:47:46,25.53524,-103.46622,0,04,1,
3522,04345,2022-05-25 14:48:17,25.53521,-103.46621,6,04,1,
3522,04345,2022-05-25 14:48:47,25.53504,-103.46375,45,04,1,
3522,04345,2022-05-25 14:49:17,25.53577,-103.45959,43,04,1,
3522,04345,2022-05-25 14:49:48,25.53575,-103.45713,0,04,1,
3522,04345,2022-05-25 14:50:18,25.53576,-103.4565,31,04,1,
3522,04345,2022-05-25 14:50:49,25.53571,-103.45285,19,04,1,
3522,04345,2022-05-25 14:51:19,25.53572,-103.45093,44,04,1,
3522,04345,2022-05-25 14:51:44,25.53569,-103.44951,0,04,1,
3522,04345,2022-05-25 14:52:15,25.53569,-103.4487,25,04,1,
3522,04345,2022-05-25 14:52:45,25.53568,-103.44587,17,04,1,
3522,04345,2022-05-25 14:53:15,25.53565,-103.44524,25,04,1,
3522,04345,2022-05-25 14:53:46,25.53565,-103.44345,33,04,1,
3522,04345,2022-05-25 14:54:16,25.53563,-103.44268,0,04,1,
3522,04345,2022-05-25 14:54:46,25.53563,-103.44228,20,04,1,
3522,04345,2022-05-25 14:55:17,25.53564,-103.43888,50,04,1,
3522,04345,2022-05-25 14:55:47,25.53561,-103.43652,0,04,1,
3522,04345,2022-05-25 14:56:17,25.53559,-103.43637,12,04,1,
3522,04345,2022-05-25 14:56:43,25.53561,-103.43612,0,04,1,
3522,04345,2022-05-25 14:57:13,25.53552,-103.43581,19,04,1,
3522,04345,2022-05-25 14:57:44,25.53553,-103.434,14,04,1,
3522,04345,2022-05-25 14:58:14,25.53557,-103.43112,46,04,1,
3522,04345,2022-05-25 14:58:44,25.53555,-103.42935,22,04,1,
3522,04345,2022-05-25 14:59:15,25.53553,-103.4261,29,04,1,
3522,04345,2022-05-25 14:59:45,25.53553,-103.42363,42,04,1,
3522,04345,2022-05-25 15:00:15,25.53552,-103.42289,0,04,1,
3522,04345,2022-05-25 15:00:46,25.53549,-103.42199,12,04,1,
3522,04345,2022-05-25 15:01:16,25.5355,-103.42195,0,04,1,
3522,04345,2022-05-25 15:01:43,25.53551,-103.42076,3,04,1,
3522,04345,2022-05-25 15:02:12,25.53552,-103.42029,0,04,1,
3522,04345,2022-05-25 15:02:42,25.53551,-103.41933,9,04,1,
3522,04345,2022-05-25 15:03:12,25.53548,-103.41815,26,04,1,
3522,04345,2022-05-25 15:03:43,25.53547,-103.41569,0,04,1,
3522,04345,2022-05-25 15:04:13,25.53545,-103.4157,0,04,1,
3522,04345,2022-05-25 15:04:44,25.53543,-103.41392,41,04,1,
3522,04345,2022-05-25 15:05:14,25.53544,-103.41081,1,04,1,
3522,04345,2022-05-25 15:05:44,25.53533,-103.40838,47,04,1,
3522,04345,2022-05-25 15:06:15,25.5353,-103.40691,18,04,1,
3522,04345,2022-05-25 15:06:45,25.53532,-103.40661,0,04,1,
3522,04345,2022-05-25 15:07:10,25.53528,-103.40497,39,04,1,
3522,04345,2022-05-25 15:07:41,25.53513,-103.40115,48,04,1,
3522,04345,2022-05-25 15:08:11,25.53509,-103.39716,44,04,1,
3522,04345,2022-05-25 15:08:41,25.53475,-103.39612,0,04,1,
3522,04345,2022-05-25 15:09:12,25.53474,-103.39613,0,04,1,
3522,04345,2022-05-25 15:09:42,25.53472,-103.39613,0,04,1,
3522,04345,2022-05-25 15:10:12,25.53471,-103.39613,0,04,1,
3522,04345,2022-05-25 15:10:43,25.53471,-103.39614,0,04,1,
3522,04345,2022-05-25 15:11:13,25.53472,-103.39615,0,04,1,
3522,04345,2022-05-25 15:11:43,25.5347,-103.39613,0,04,1,
3522,04345,2022-05-25 15:12:09,25.53456,-103.39611,15,04,1,
3522,04345,2022-05-25 15:12:39,25.53242,-103.39611,37,04,1,
3522,04345,2022-05-25 15:13:09,25.52978,-103.39613,18,04,1,
3522,04345,2022-05-25 15:13:40,25.52836,-103.39615,32,04,1,
3522,04345,2022-05-25 15:14:10,25.52723,-103.39616,31,04,1,
3522,04345,2022-05-25 15:14:41,25.52516,-103.39616,16,04,1,
3522,04345,2022-05-25 15:15:11,25.52297,-103.39618,26,04,1,
3522,04345,2022-05-25 15:15:41,25.52212,-103.39618,8,04,1,
3522,04345,2022-05-25 15:16:12,25.5221,-103.39618,0,04,1,
3522,04345,2022-05-25 15:16:42,25.52157,-103.39619,26,04,1,
3522,04345,2022-05-25 15:17:07,25.51985,-103.3962,41,04,1,
3522,04345,2022-05-25 15:17:38,25.51752,-103.39582,0,04,1,
3522,04345,2022-05-25 15:18:08,25.51754,-103.39351,49,04,1,
3522,04345,2022-05-25 15:18:38,25.51751,-103.38988,12,04,1,
3522,04345,2022-05-25 15:19:09,25.51652,-103.39065,37,04,1,
3522,04345,2022-05-25 15:19:39,25.51413,-103.39321,47,04,1,
3522,04345,2022-05-25 15:20:10,25.51301,-103.39445,0,04,1,
3522,04345,2022-05-25 15:20:40,25.51301,-103.39445,0,04,1,
3522,04345,2022-05-25 15:21:10,25.513,-103.39444,0,04,1,
3522,04345,2022-05-25 15:21:41,25.51262,-103.3947,0,04,1,
3522,04345,2022-05-25 15:22:06,25.51263,-103.3947,0,04,1,
3522,04345,2022-05-25 15:22:36,25.51258,-103.3948,14,04,1,
3522,04345,2022-05-25 15:23:07,25.51172,-103.3937,20,04,1,
3522,04345,2022-05-25 15:23:37,25.51063,-103.39197,32,04,1,
3522,04345,2022-05-25 15:24:08,25.51015,-103.39123,0,04,1,
3522,04345,2022-05-25 15:24:38,25.50975,-103.39063,23,04,1,
3522,04345,2022-05-25 15:25:08,25.50877,-103.38907,13,04,1,
3522,04345,2022-05-25 15:25:39,25.50761,-103.38728,39,04,1,
3522,04345,2022-05-25 15:26:09,25.50652,-103.3855,0,04,1,
3522,04345,2022-05-25 15:26:39,25.50653,-103.38551,0,04,1,
3522,04345,2022-05-25 15:27:05,25.50652,-103.38511,22,04,1,
3522,04345,2022-05-25 15:27:35,25.5087,-103.38341,41,04,1,
3522,04345,2022-05-25 15:28:06,25.50848,-103.38172,27,04,1,
3522,04345,2022-05-25 15:28:36,25.50754,-103.38025,22,04,1,
3522,04345,2022-05-25 15:29:06,25.50602,-103.38088,29,04,1,
3522,04345,2022-05-25 15:29:37,25.50444,-103.38215,12,04,1,
3522,04345,2022-05-25 15:30:07,25.50342,-103.38059,25,04,1,
3522,04345,2022-05-25 15:30:37,25.50174,-103.38193,34,04,1,
3522,04345,2022-05-25 15:31:08,25.50154,-103.3836,33,04,1,
3522,04345,2022-05-25 15:31:38,25.50273,-103.3858,15,04,1,
3522,04345,2022-05-25 15:32:03,25.50148,-103.38675,21,04,1,
3522,04345,2022-05-25 15:32:34,25.50083,-103.38624,30,04,1,
3522,04345,2022-05-25 15:33:04,25.49949,-103.3838,19,04,1,
3522,04345,2022-05-25 15:33:34,25.49868,-103.3836,27,04,1,
3522,04345,2022-05-25 15:34:05,25.49699,-103.38065,38,04,1,
3522,04345,2022-05-25 15:34:35,25.49649,-103.37996,8,04,1,
3522,04345,2022-05-25 15:35:00,25.4964,-103.38071,0,00,1,
3522,04345,2022-05-25 15:35:31,25.49641,-103.38071,0,00,1,
3522,04345,2022-05-25 15:35:56,25.49644,-103.38071,0,00,1,
3522,04345,2022-05-25 15:36:26,25.49642,-103.38071,0,00,1,
3522,04345,2022-05-25 15:36:57,25.49642,-103.3807,0,00,1,
3522,04345,2022-05-25 15:37:27,25.49643,-103.3807,0,00,1,
3522,04345,2022-05-25 15:37:57,25.49642,-103.38069,0,00,1,
3522,04345,2022-05-25 15:38:28,25.49642,-103.3807,0,00,1,
3522,04345,2022-05-25 15:38:58,25.49642,-103.3807,0,00,1,
3522,04345,2022-05-25 15:39:28,25.49642,-103.38071,0,00,1,
3522,04346,2022-05-25 15:56:22,25.49894,-103.3767,11,04,1,
3522,04346,2022-05-25 15:56:48,25.49678,-103.37992,0,04,1,
3522,04346,2022-05-25 15:57:18,25.49704,-103.3804,25,04,1,
3522,04346,2022-05-25 15:57:49,25.4982,-103.38248,1,04,1,
3522,04346,2022-05-25 15:58:19,25.49941,-103.38466,46,04,1,
3522,04346,2022-05-25 15:58:49,25.50122,-103.3879,43,04,1,
3522,04346,2022-05-25 15:59:20,25.50188,-103.38913,24,04,1,
3522,04346,2022-05-25 15:59:50,25.50315,-103.39162,17,04,1,
3522,04346,2022-05-25 16:00:20,25.50415,-103.39089,12,04,1,
3522,04346,2022-05-25 16:00:51,25.50542,-103.38956,22,04,1,
3522,04346,2022-05-25 16:01:21,25.50492,-103.38883,26,04,1,
3522,04346,2022-05-25 16:01:46,25.50424,-103.38776,29,04,1,
3522,04346,2022-05-25 16:02:17,25.50369,-103.38693,0,04,1,
3522,04346,2022-05-25 16:02:47,25.5034,-103.38649,15,04,1,
3522,04346,2022-05-25 16:03:18,25.50192,-103.38418,42,04,1,
3522,04346,2022-05-25 16:03:44,25.50116,-103.38299,3,04,1,
3522,04346,2022-05-25 16:04:14,25.50194,-103.38165,36,04,1,
3522,04346,2022-05-25 16:04:45,25.50325,-103.38066,36,04,1,
3522,04346,2022-05-25 16:05:15,25.50433,-103.38186,35,04,1,
3522,04346,2022-05-25 16:05:45,25.50594,-103.38098,17,04,1,
3522,04346,2022-05-25 16:06:16,25.50744,-103.38002,0,04,1,
3522,04346,2022-05-25 16:06:41,25.50788,-103.38081,23,04,1,
3522,04346,2022-05-25 16:07:11,25.50871,-103.38208,30,04,1,
3522,04346,2022-05-25 16:07:42,25.50874,-103.38366,34,04,1,
3522,04346,2022-05-25 16:08:12,25.50656,-103.38546,15,04,1,
3522,04346,2022-05-25 16:08:42,25.50809,-103.38779,12,04,1,
3522,04346,2022-05-25 16:09:13,25.50887,-103.38904,15,04,1,
3522,04346,2022-05-25 16:09:43,25.50978,-103.39044,19,04,1,
3522,04346,2022-05-25 16:10:13,25.51095,-103.39227,24,04,1,
3522,04346,2022-05-25 16:10:44,25.51252,-103.39465,14,04,1,
3522,04346,2022-05-25 16:11:14,25.51269,-103.39445,0,04,1,
3522,04346,2022-05-25 16:11:39,25.51269,-103.39442,0,04,1,
3522,04346,2022-05-25 16:12:10,25.51269,-103.39443,0,04,1,
3522,04346,2022-05-25 16:12:40,25.51281,-103.39436,10,04,1,
3522,04346,2022-05-25 16:13:10,25.51448,-103.39404,6,04,1,
3522,04346,2022-05-25 16:13:41,25.5145,-103.39404,0,04,1,
3522,04346,2022-05-25 16:14:11,25.51512,-103.39404,28,04,1,
3522,04346,2022-05-25 16:14:42,25.5174,-103.39402,3,04,1,
3522,04346,2022-05-25 16:15:12,25.51751,-103.39402,16,04,1,
3522,04346,2022-05-25 16:15:42,25.52005,-103.39402,28,04,1,
3522,04346,2022-05-25 16:16:13,25.52175,-103.39401,15,04,1,
3522,04346,2022-05-25 16:16:38,25.52371,-103.394,35,04,1,
3522,04346,2022-05-25 16:17:08,25.5265,-103.39397,0,04,1,
3522,04346,2022-05-25 16:17:39,25.5277,-103.39395,0,04,1,
3522,04346,2022-05-25 16:18:09,25.5285,-103.39396,27,04,1,
3522,04346,2022-05-25 16:18:40,25.53111,-103.39392,10,04,1,
3522,04346,2022-05-25 16:19:10,25.53187,-103.39391,26,04,1,
3522,04346,2022-05-25 16:19:40,25.53448,-103.39384,2,04,1,
3522,04346,2022-05-25 16:20:10,25.53465,-103.39385,0,04,1,
3522,04346,2022-05-25 16:20:41,25.5353,-103.39395,17,04,1,
3522,04346,2022-05-25 16:21:11,25.53537,-103.39606,34,04,1,
3522,04346,2022-05-25 16:21:42,25.53539,-103.39997,48,04,1,
3522,04346,2022-05-25 16:22:07,25.53538,-103.40159,22,04,1,
3522,04346,2022-05-25 16:22:37,25.53543,-103.40443,29,04,1,
3522,04346,2022-05-25 16:23:08,25.53548,-103.4048,0,04,1,
3522,04346,2022-05-25 16:23:38,25.53556,-103.40534,27,04,1,
3522,04346,2022-05-25 16:24:08,25.53561,-103.40863,47,04,1,
3522,04346,2022-05-25 16:24:39,25.53563,-103.41193,39,04,1,
3522,04346,2022-05-25 16:25:09,25.53565,-103.41452,27,04,1,
3522,04346,2022-05-25 16:25:39,25.53565,-103.41506,0,04,1,
3522,04346,2022-05-25 16:26:10,25.53565,-103.41507,1,04,1,
3522,04346,2022-05-25 16:26:40,25.53566,-103.41643,36,04,1,
3522,04346,2022-05-25 16:27:06,25.53568,-103.41817,0,04,1,
3522,04346,2022-05-25 16:27:36,25.53568,-103.41835,17,04,1,
3522,04346,2022-05-25 16:28:06,25.53569,-103.42009,0,04,1,
3522,04346,2022-05-25 16:28:37,25.53569,-103.42044,0,04,1,
3522,04346,2022-05-25 16:29:07,25.53569,-103.42083,19,04,1,
3522,04346,2022-05-25 16:29:37,25.53569,-103.4224,0,04,1,
3522,04346,2022-05-25 16:30:08,25.53569,-103.4238,41,04,1,
3522,04346,2022-05-25 16:30:38,25.53571,-103.4257,1,04,1,
3522,04346,2022-05-25 16:31:08,25.53571,-103.42599,20,04,1,
3522,04346,2022-05-25 16:31:39,25.53574,-103.42879,0,04,1,
3522,04346,2022-05-25 16:32:04,25.53574,-103.43046,41,04,1,
3522,04346,2022-05-25 16:32:35,25.53576,-103.43412,19,04,1,
3522,04346,2022-05-25 16:33:05,25.53578,-103.43419,0,04,1,
3522,04346,2022-05-25 16:33:35,25.53576,-103.43417,0,04,1,
3522,04346,2022-05-25 16:34:06,25.53579,-103.43447,17,04,1,
3522,04346,2022-05-25 16:34:36,25.53579,-103.43611,10,04,1,
3522,04346,2022-05-25 16:35:06,25.53577,-103.43903,49,04,1,
3522,04346,2022-05-25 16:35:37,25.53582,-103.4419,0,04,1,
3522,04346,2022-05-25 16:36:07,25.5358,-103.44207,15,04,1,
3522,04346,2022-05-25 16:36:38,25.53582,-103.44552,50,04,1,
3522,04346,2022-05-25 16:37:03,25.53583,-103.44684,26,04,1,
3522,04346,2022-05-25 16:37:33,25.53582,-103.44803,0,04,1,
3522,04346,2022-05-25 16:38:04,25.53582,-103.44807,6,04,1,
3522,04346,2022-05-25 16:38:34,25.53583,-103.45073,45,04,1,
3522,04346,2022-05-25 16:39:05,25.53584,-103.45416,24,04,1,
3522,04346,2022-05-25 16:39:35,25.53591,-103.45672,0,04,1,
3522,04346,2022-05-25 16:40:05,25.53591,-103.45669,5,04,1,
3522,04346,2022-05-25 16:40:36,25.53593,-103.45885,0,04,1,
3522,04346,2022-05-25 16:41:06,25.53592,-103.45888,1,04,1,
3522,04346,2022-05-25 16:41:31,25.5359,-103.45961,31,04,1,
3522,04346,2022-05-25 16:42:02,25.5359,-103.46047,0,04,1,
3522,04346,2022-05-25 16:42:32,25.53589,-103.46047,0,04,1,
3522,04346,2022-05-25 16:43:02,25.53578,-103.46118,31,04,1,
3522,04346,2022-05-25 16:43:33,25.53532,-103.46305,29,04,1,
3522,04346,2022-05-25 16:44:03,25.53514,-103.46395,0,04,1,
3522,04346,2022-05-25 16:44:33,25.53528,-103.46517,31,04,1,
3522,04346,2022-05-25 16:45:04,25.53774,-103.46578,50,04,1,
3522,04346,2022-05-25 16:45:34,25.5391,-103.46616,16,04,1,
3522,04346,2022-05-25 16:46:05,25.53914,-103.46617,0,04,1,
3522,04346,2022-05-25 16:46:30,25.53916,-103.46617,0,04,1,
3522,04346,2022-05-25 16:47:00,25.54043,-103.46654,40,04,1,
3522,04346,2022-05-25 16:47:31,25.54146,-103.46687,23,04,1,
3522,04346,2022-05-25 16:48:01,25.5405,-103.46769,1,04,1,
3522,04346,2022-05-25 16:48:31,25.54039,-103.46766,15,04,1,
3522,04346,2022-05-25 16:49:02,25.53828,-103.46706,30,04,1,
3522,04346,2022-05-25 16:49:32,25.53732,-103.4668,0,04,1,
3522,04346,2022-05-25 16:50:02,25.53726,-103.46677,0,04,1,
3522,04346,2022-05-25 16:50:33,25.53728,-103.46676,0,04,1,
3522,04346,2022-05-25 16:51:03,25.53635,-103.46651,16,04,1,
3522,04346,2022-05-25 16:51:29,25.53547,-103.46637,30,04,1,
3522,04346,2022-05-25 16:51:59,25.53514,-103.46614,12,04,1,
3522,04346,2022-05-25 16:52:30,25.535,-103.46393,45,04,1,
3522,04346,2022-05-25 16:53:00,25.53563,-103.4611,3,04,1,
3522,04346,2022-05-25 16:53:30,25.53575,-103.45947,0,04,1,
3522,04346,2022-05-25 16:54:01,25.53574,-103.45786,0,04,1,
3522,04346,2022-05-25 16:54:31,25.53576,-103.45613,42,04,1,
3522,04346,2022-05-25 16:55:01,25.53572,-103.45282,25,04,1,
3522,04346,2022-05-25 16:55:32,25.53572,-103.44981,7,04,1,
3522,04346,2022-05-25 16:56:02,25.53571,-103.44983,0,04,1,
3522,04346,2022-05-25 16:56:27,25.53572,-103.44979,11,04,1,
3522,04346,2022-05-25 16:56:58,25.53569,-103.44903,0,04,1,
3522,04346,2022-05-25 16:57:28,25.53569,-103.44903,0,04,1,
3522,04346,2022-05-25 16:57:58,25.53569,-103.44903,0,04,1,
3522,04346,2022-05-25 16:58:29,25.53568,-103.44682,43,04,1,
3522,04346,2022-05-25 16:59:00,25.5357,-103.44565,17,04,1,
3522,04346,2022-05-25 16:59:30,25.53565,-103.44298,25,04,1,
3522,04346,2022-05-25 17:00:00,25.53567,-103.44275,0,04,1,
3522,04346,2022-05-25 17:00:30,25.53567,-103.44275,0,04,1,
3522,04346,2022-05-25 17:01:01,25.53569,-103.4405,42,04,1,
3522,04346,2022-05-25 17:01:26,25.53564,-103.43729,29,04,1,
3522,04346,2022-05-25 17:01:56,25.53564,-103.43705,0,04,1,
3522,04346,2022-05-25 17:02:27,25.53566,-103.43653,8,04,1,
3522,04346,2022-05-25 17:02:57,25.53557,-103.43504,35,04,1,
3522,04346,2022-05-25 17:03:28,25.53556,-103.43434,0,04,1,
3522,04346,2022-05-25 17:03:58,25.53554,-103.43381,14,04,1,
3522,04346,2022-05-25 17:04:28,25.53558,-103.43201,47,04,1,
3522,04346,2022-05-25 17:04:58,25.53559,-103.42903,24,04,1,
3522,04346,2022-05-25 17:05:29,25.53556,-103.42593,0,04,1,
3522,04346,2022-05-25 17:05:59,25.53555,-103.42484,0,04,1,
3522,04346,2022-05-25 17:06:25,25.53556,-103.42432,28,04,1,
3522,04346,2022-05-25 17:06:55,25.53555,-103.42209,0,04,1,
3522,04346,2022-05-25 17:07:26,25.53557,-103.42084,21,04,1,
3522,04346,2022-05-25 17:07:56,25.53554,-103.41918,9,04,1,
3522,04346,2022-05-25 17:08:26,25.53553,-103.41893,19,04,1,
3522,04346,2022-05-25 17:08:57,25.53551,-103.416,22,04,1,
3522,04346,2022-05-25 17:09:27,25.5355,-103.41572,0,04,1,
3522,04346,2022-05-25 17:09:57,25.53551,-103.41572,0,04,1,
3522,04346,2022-05-25 17:10:28,25.53551,-103.41495,29,04,1,
3522,04346,2022-05-25 17:10:58,25.53547,-103.41112,47,04,1,
3522,04346,2022-05-25 17:11:23,25.53528,-103.4076,28,04,1,
3522,04346,2022-05-25 17:11:54,25.5353,-103.40712,0,04,1,
3522,04346,2022-05-25 17:12:24,25.53528,-103.40473,47,04,1,
3522,04346,2022-05-25 17:12:55,25.53515,-103.40123,0,04,1,
3522,04346,2022-05-25 17:13:25,25.53514,-103.39892,50,04,1,
3522,04346,2022-05-25 17:13:55,25.53507,-103.3961,5,04,1,
3522,04346,2022-05-25 17:14:26,25.53473,-103.39613,0,04,1,
3522,04346,2022-05-25 17:14:56,25.53473,-103.39614,0,04,1,
3522,04346,2022-05-25 17:15:26,25.53473,-103.39615,0,04,1,
3522,04346,2022-05-25 17:15:57,25.53473,-103.39614,0,04,1,
3522,04346,2022-05-25 17:16:22,25.53464,-103.39612,13,04,1,
3522,04346,2022-05-25 17:16:52,25.53251,-103.39613,38,04,1,
3522,04346,2022-05-25 17:17:23,25.52962,-103.39614,25,04,1,
3522,04346,2022-05-25 17:17:53,25.52833,-103.39617,33,04,1,
3522,04346,2022-05-25 17:18:23,25.52661,-103.39617,41,04,1,
3522,04346,2022-05-25 17:18:54,25.52337,-103.39618,14,04,1,
3522,04346,2022-05-25 17:19:24,25.52228,-103.39619,13,04,1,
3522,04346,2022-05-25 17:19:55,25.52205,-103.3962,14,04,1,
3522,04346,2022-05-25 17:20:25,25.5204,-103.39622,28,04,1,
3522,04346,2022-05-25 17:20:55,25.51801,-103.3962,7,04,1,
3522,04346,2022-05-25 17:21:21,25.51799,-103.3962,0,04,1,
3522,04346,2022-05-25 17:21:51,25.51767,-103.39618,18,04,1,
3522,04346,2022-05-25 17:22:21,25.5176,-103.39477,31,04,1,
3522,04346,2022-05-25 17:22:52,25.51759,-103.39306,40,04,1,
3522,04346,2022-05-25 17:23:22,25.51757,-103.39077,29,04,1,
3522,04346,2022-05-25 17:23:52,25.51754,-103.38973,0,04,1,
3522,04346,2022-05-25 17:24:23,25.51665,-103.39058,7,04,1,
3522,04346,2022-05-25 17:24:53,25.51488,-103.39245,11,04,1,
3522,04346,2022-05-25 17:25:23,25.51486,-103.39246,0,04,1,
3522,04346,2022-05-25 17:25:54,25.51367,-103.3937,44,04,1,
3522,04346,2022-05-25 17:26:21,25.51298,-103.39444,0,04,1,
3522,04346,2022-05-25 17:26:49,25.51301,-103.39444,0,04,1,
3522,04346,2022-05-25 17:27:20,25.51302,-103.39444,0,04,1,
3522,04346,2022-05-25 17:27:50,25.51302,-103.39444,0,04,1,
3522,04346,2022-05-25 17:28:20,25.51142,-103.39605,45,04,1,
3522,04346,2022-05-25 17:28:51,25.50871,-103.39892,40,04,1,
3522,04346,2022-05-25 17:29:21,25.50801,-103.39968,17,04,1,
3522,04346,2022-05-25 17:29:51,25.5063,-103.40174,43,04,1,
3522,04346,2022-05-25 17:30:22,25.50518,-103.40309,35,04,1,
3522,04346,2022-05-25 17:30:52,25.50389,-103.40461,19,04,1,
3522,04346,2022-05-25 17:31:22,25.50261,-103.4057,0,04,1,
3522,04346,2022-05-25 17:31:48,25.5012,-103.40671,37,04,1,
3522,04346,2022-05-25 17:32:18,25.49838,-103.40922,61,04,1,
3522,04346,2022-05-25 17:32:48,25.49738,-103.41011,15,04,1,
3522,04346,2022-05-25 17:33:19,25.49673,-103.41062,0,04,1,
3522,04346,2022-05-25 17:33:49,25.49598,-103.41006,23,04,1,
3522,04346,2022-05-25 17:34:20,25.49626,-103.40862,15,04,1,
3522,04346,2022-05-25 17:34:50,25.49701,-103.40733,17,04,1,
3522,04346,2022-05-25 17:35:20,25.49679,-103.40605,0,04,1,
3522,04346,2022-05-25 17:35:51,25.496,-103.40515,8,04,1,
3522,04346,2022-05-25 17:36:20,25.49446,-103.40339,42,04,1,
3522,04346,2022-05-25 17:36:47,25.49305,-103.40321,28,04,1,
3522,04346,2022-05-25 17:37:17,25.49197,-103.40441,1,04,1,
3522,04346,2022-05-25 17:37:47,25.49189,-103.40447,0,04,1,
3522,04346,2022-05-25 17:38:18,25.49197,-103.40473,15,04,1,
3522,04346,2022-05-25 17:38:48,25.4932,-103.40623,22,04,1,
3522,04346,2022-05-25 17:39:03,25.49292,-103.40619,0,00,1,
3522,04346,2022-05-25 17:39:34,25.49288,-103.40616,0,00,1,
3522,04346,2022-05-25 17:40:04,25.49288,-103.40616,0,00,1,
3522,04346,2022-05-25 17:40:35,25.4929,-103.40617,0,00,1,
3522,04346,2022-05-25 17:41:05,25.49289,-103.40617,0,00,1,
3522,04346,2022-05-25 17:41:35,25.4929,-103.40617,0,00,1,
3522,04346,2022-05-25 17:42:06,25.4929,-103.40617,0,00,1,
3522,04346,2022-05-25 17:42:31,25.4929,-103.40617,0,00,1,
3522,04346,2022-05-25 17:43:01,25.49291,-103.40617,0,00,1,
3522,04346,2022-05-25 17:43:32,25.49291,-103.40617,0,00,1,
3522,04347,2022-05-25 18:10:25,0,0,0,05,0,
3522,04347,2022-05-25 18:10:30,0,0,0,04,0,
3522,04347,2022-05-25 18:10:35,25.49298,-103.40617,0,04,1,
3522,04347,2022-05-25 18:11:00,25.49295,-103.40619,0,04,1,
3522,04347,2022-05-25 18:11:30,25.49296,-103.4062,0,04,1,
3522,04347,2022-05-25 18:12:01,25.49218,-103.40503,27,04,1,
3522,04347,2022-05-25 18:12:31,25.49201,-103.4043,0,04,1,
3522,04347,2022-05-25 18:13:01,25.49205,-103.40438,1,04,1,
3522,04347,2022-05-25 18:13:32,25.49288,-103.40344,12,04,1,
3522,04347,2022-05-25 18:14:02,25.49327,-103.40298,24,04,1,
3522,04347,2022-05-25 18:14:32,25.49364,-103.40257,15,04,1,
3522,04347,2022-05-25 18:15:02,25.4948,-103.40374,37,04,1,
3522,04347,2022-05-25 18:15:33,25.49614,-103.40526,16,04,1,
3522,04347,2022-05-25 18:16:03,25.49708,-103.40638,18,04,1,
3522,04347,2022-05-25 18:16:28,25.4971,-103.40704,25,04,1,
3522,04347,2022-05-25 18:16:59,25.49651,-103.40853,9,04,1,
3522,04347,2022-05-25 18:17:29,25.49574,-103.40951,18,04,1,
3522,04347,2022-05-25 18:17:59,25.49666,-103.41036,2,04,1,
3522,04347,2022-05-25 18:18:30,25.49836,-103.40921,44,04,1,
3522,04347,2022-05-25 18:19:00,25.50162,-103.40637,58,04,1,
3522,04347,2022-05-25 18:19:31,25.5047,-103.40347,20,04,1,
3522,04347,2022-05-25 18:20:01,25.50581,-103.40208,3,04,1,
3522,04347,2022-05-25 18:20:31,25.50714,-103.40046,13,04,1,
3522,04347,2022-05-25 18:21:02,25.50732,-103.40024,4,04,1,
3522,04347,2022-05-25 18:21:23,25.50845,-103.39896,7,04,1,
3522,04347,2022-05-25 18:21:53,25.50957,-103.39783,25,04,1,
3522,04347,2022-05-25 18:22:24,25.51063,-103.39668,31,04,1,
3522,04347,2022-05-25 18:22:54,25.51224,-103.39499,16,04,1,
3522,04347,2022-05-25 18:23:24,25.51275,-103.39446,0,04,1,
3522,04347,2022-05-25 18:23:54,25.51418,-103.39404,40,04,1,
3522,04347,2022-05-25 18:24:25,25.51589,-103.39404,41,04,1,
3522,04347,2022-05-25 18:24:55,25.51861,-103.39402,45,04,1,
3522,04347,2022-05-25 18:25:25,25.52137,-103.394,38,04,1,
3522,04347,2022-05-25 18:25:56,25.52185,-103.39398,0,04,1,
3522,04347,2022-05-25 18:26:26,25.52252,-103.39397,15,04,1,
3522,04347,2022-05-25 18:26:52,25.52477,-103.39396,9,04,1,
3522,04347,2022-05-25 18:27:22,25.52725,-103.39394,51,04,1,
3522,04347,2022-05-25 18:27:52,25.52983,-103.39392,16,04,1,
3522,04347,2022-05-25 18:28:23,25.53205,-103.3939,29,04,1,
3522,04347,2022-05-25 18:28:53,25.5345,-103.39382,0,04,1,
3522,04347,2022-05-25 18:29:23,25.53493,-103.39386,0,04,1,
3522,04347,2022-05-25 18:29:54,25.53497,-103.39386,0,04,1,
3522,04347,2022-05-25 18:30:24,25.53498,-103.39385,2,04,1,
3522,04347,2022-05-25 18:30:54,25.53541,-103.3955,3,04,1,
3522,04347,2022-05-25 18:31:25,25.53541,-103.39699,30,04,1,
3522,04347,2022-05-25 18:31:50,25.53541,-103.3994,29,04,1,
3522,04347,2022-05-25 18:32:20,25.53541,-103.40256,39,04,1,
3522,04347,2022-05-25 18:32:51,25.53545,-103.40439,26,04,1,
3522,04347,2022-05-25 18:33:21,25.53549,-103.40474,0,04,1,
3522,04347,2022-05-25 18:33:51,25.53563,-103.40674,44,04,1,
3522,04347,2022-05-25 18:34:22,25.53564,-103.41072,39,04,1,
3522,04347,2022-05-25 18:34:52,25.53565,-103.41392,4,04,1,
3522,04347,2022-05-25 18:35:22,25.53565,-103.41386,0,04,1,
3522,04347,2022-05-25 18:35:53,25.53566,-103.4149,15,04,1,
3522,04347,2022-05-25 18:36:23,25.53568,-103.41631,14,04,1,
3522,04347,2022-05-25 18:36:49,25.53569,-103.41791,0,04,1,
3522,04347,2022-05-25 18:37:19,25.53568,-103.41897,25,04,1,
3522,04347,2022-05-25 18:37:49,25.53563,-103.42002,0,04,1,
3522,04347,2022-05-25 18:38:20,25.53574,-103.42242,17,04,1,
3522,04347,2022-05-25 18:38:50,25.53573,-103.42264,16,04,1,
3522,04347,2022-05-25 18:39:20,25.53573,-103.42583,55,04,1,
3522,04347,2022-05-25 18:39:51,25.53579,-103.42893,0,04,1,
3522,04347,2022-05-25 18:40:21,25.53581,-103.42893,0,04,1,
3522,04347,2022-05-25 18:40:51,25.5358,-103.43074,43,04,1,
3522,04347,2022-05-25 18:41:22,25.53579,-103.43423,0,04,1,
3522,04347,2022-05-25 18:41:52,25.53578,-103.43419,0,04,1,
3522,04347,2022-05-25 18:42:17,25.53577,-103.43417,0,04,1,
3522,04347,2022-05-25 18:42:48,25.53578,-103.43417,0,04,1,
3522,04347,2022-05-25 18:43:18,25.5358,-103.43578,49,04,1,
3522,04347,2022-05-25 18:43:48,25.53579,-103.43793,43,04,1,
3522,04347,2022-05-25 18:44:19,25.53581,-103.44217,36,04,1,
3522,04347,2022-05-25 18:44:49,25.53584,-103.44578,43,04,1,
3522,04347,2022-05-25 18:45:19,25.53587,-103.44724,23,04,1,
3522,04347,2022-05-25 18:45:50,25.5359,-103.4474,0,04,1,
3522,04347,2022-05-25 18:46:20,25.53591,-103.44767,15,04,1,
3522,04347,2022-05-25 18:46:50,25.53587,-103.45056,44,04,1,
3522,04347,2022-05-25 18:47:18,25.5359,-103.45309,18,04,1,
3522,04347,2022-05-25 18:47:46,25.53591,-103.45555,21,04,1,
3522,04347,2022-05-25 18:48:16,25.53591,-103.4557,0,04,1,
3522,04347,2022-05-25 18:48:47,25.53594,-103.45786,8,04,1,
3522,04347,2022-05-25 18:49:17,25.53593,-103.45952,23,04,1,
3522,04347,2022-05-25 18:49:47,25.53578,-103.46128,40,04,1,
3522,04347,2022-05-25 18:50:18,25.53549,-103.46249,24,04,1,
3522,04347,2022-05-25 18:50:48,25.53492,-103.46503,17,04,1,
3522,04347,2022-05-25 18:51:18,25.53541,-103.46518,0,04,1,
3522,04347,2022-05-25 18:51:49,25.53539,-103.46519,0,04,1,
3522,04347,2022-05-25 18:52:19,25.53604,-103.46536,12,04,1,
3522,04347,2022-05-25 18:52:45,25.53688,-103.46552,17,04,1,
3522,04347,2022-05-25 18:53:15,25.53943,-103.46627,38,04,1,
3522,04347,2022-05-25 18:53:45,25.53999,-103.46641,0,04,1,
3522,04347,2022-05-25 18:54:16,25.53999,-103.4664,0,04,1,
3522,04347,2022-05-25 18:54:46,25.54013,-103.46642,14,04,1,
3522,04347,2022-05-25 18:55:17,25.54123,-103.4668,0,04,1,
3522,04347,2022-05-25 18:55:47,25.54139,-103.4679,24,04,1,
3522,04347,2022-05-25 18:56:17,25.54085,-103.46784,0,04,1,
3522,04347,2022-05-25 18:56:47,25.54085,-103.46783,0,04,1,
3522,04347,2022-05-25 18:57:18,25.54086,-103.46782,0,04,1,
3522,04347,2022-05-25 18:57:43,25.54086,-103.46781,0,04,1,
3522,04347,2022-05-25 18:58:13,25.54075,-103.46776,12,04,1,
3522,04347,2022-05-25 18:58:44,25.53998,-103.4675,21,04,1,
3522,04347,2022-05-25 18:59:14,25.53787,-103.46694,23,04,1,
3522,04347,2022-05-25 18:59:44,25.53742,-103.46679,0,04,1,
3522,04347,2022-05-25 19:00:15,25.53743,-103.46682,0,04,1,
3522,04347,2022-05-25 19:00:45,25.53735,-103.46679,1,04,1,
3522,04347,2022-05-25 19:01:15,25.53649,-103.46652,14,04,1,
3522,04347,2022-05-25 19:01:46,25.53576,-103.4663,19,04,1,
3522,04347,2022-05-25 19:02:16,25.5352,-103.46611,0,04,1,
3522,04347,2022-05-25 19:02:42,25.53519,-103.46608,0,04,1,
3522,04347,2022-05-25 19:03:12,25.53518,-103.46606,0,04,1,
3522,04347,2022-05-25 19:03:42,25.53514,-103.46606,10,04,1,
3522,04347,2022-05-25 19:04:13,25.53473,-103.4654,22,04,1,
3522,04347,2022-05-25 19:04:43,25.53536,-103.46231,26,04,1,
3522,04347,2022-05-25 19:05:13,25.5356,-103.46125,12,04,1,
3522,04347,2022-05-25 19:05:44,25.53577,-103.45919,3,04,1,
3522,04347,2022-05-25 19:06:14,25.53577,-103.45769,19,04,1,
3522,04347,2022-05-25 19:06:44,25.53578,-103.45462,35,04,1,
3522,04347,2022-05-25 19:07:15,25.53574,-103.45285,0,04,1,
3522,04347,2022-05-25 19:07:41,25.53576,-103.45053,49,04,1,
3522,04347,2022-05-25 19:08:10,25.53571,-103.44955,0,04,1,
3522,04347,2022-05-25 19:08:41,25.5357,-103.44897,0,04,1,
3522,04347,2022-05-25 19:09:11,25.5357,-103.44894,0,04,1,
3522,04347,2022-05-25 19:09:42,25.5357,-103.44896,0,04,1,
3522,04347,2022-05-25 19:10:12,25.53571,-103.44868,22,04,1,
3522,04347,2022-05-25 19:10:42,25.53569,-103.44561,0,04,1,
3522,04347,2022-05-25 19:11:13,25.53567,-103.44428,37,04,1,
3522,04347,2022-05-25 19:11:43,25.53568,-103.44266,3,04,1,
3522,04347,2022-05-25 19:12:13,25.53567,-103.44269,0,04,1,
3522,04347,2022-05-25 19:12:44,25.53567,-103.44145,45,04,1,
3522,04347,2022-05-25 19:13:09,25.53566,-103.43969,6,04,1,
3522,04347,2022-05-25 19:13:39,25.53563,-103.43692,31,04,1,
3522,04347,2022-05-25 19:14:10,25.53565,-103.43675,0,04,1,
3522,04347,2022-05-25 19:14:40,25.53556,-103.43607,0,04,1,
3522,04347,2022-05-25 19:15:10,25.53555,-103.43605,0,04,1,
3522,04347,2022-05-25 19:15:41,25.53557,-103.43401,0,04,1,
3522,04347,2022-05-25 19:16:11,25.53561,-103.43086,68,04,1,
3522,04347,2022-05-25 19:16:41,25.53558,-103.42505,57,04,1,
3522,04347,2022-05-25 19:17:12,25.53558,-103.42193,15,04,1,
3522,04347,2022-05-25 19:17:42,25.53557,-103.42072,15,04,1,
3522,04347,2022-05-25 19:18:09,25.53553,-103.41965,25,04,1,
3522,04347,2022-05-25 19:18:38,25.53553,-103.41858,0,04,1,
3522,04347,2022-05-25 19:19:08,25.53553,-103.41854,0,04,1,
3522,04347,2022-05-25 19:19:38,25.53553,-103.41803,27,04,1,
3522,04347,2022-05-25 19:20:09,25.53551,-103.41606,0,04,1,
3522,04347,2022-05-25 19:20:39,25.53551,-103.41574,0,04,1,
3522,04347,2022-05-25 19:21:09,25.53547,-103.41564,0,04,1,
3522,04347,2022-05-25 19:21:40,25.53547,-103.41494,35,04,1,
3522,04347,2022-05-25 19:22:10,25.53547,-103.41119,38,04,1,
3522,04347,2022-05-25 19:22:40,25.5353,-103.40715,3,04,1,
3522,04347,2022-05-25 19:23:11,25.53532,-103.4069,0,04,1,
3522,04347,2022-05-25 19:23:36,25.53531,-103.40685,9,04,1,
3522,04347,2022-05-25 19:24:07,25.53518,-103.40352,47,04,1,
3522,04347,2022-05-25 19:24:37,25.53514,-103.3999,28,04,1,
3522,04347,2022-05-25 19:25:07,25.53509,-103.39679,49,04,1,
3522,04347,2022-05-25 19:25:38,25.53473,-103.3961,0,04,1,
3522,04347,2022-05-25 19:26:08,25.53474,-103.39613,0,04,1,
3522,04347,2022-05-25 19:26:39,25.53473,-103.39614,0,04,1,
3522,04347,2022-05-25 19:27:09,25.53471,-103.39613,0,04,1,
3522,04347,2022-05-25 19:27:39,25.53471,-103.39612,0,04,1,
3522,04347,2022-05-25 19:28:10,25.53467,-103.39613,7,04,1,
3522,04347,2022-05-25 19:28:35,25.53307,-103.3961,30,04,1,
3522,04347,2022-05-25 19:29:05,25.53161,-103.39612,0,04,1,
3522,04347,2022-05-25 19:29:36,25.53013,-103.39613,16,04,1,
3522,04347,2022-05-25 19:30:06,25.52915,-103.39613,0,04,1,
3522,04347,2022-05-25 19:30:36,25.52801,-103.39615,0,04,1,
3522,04347,2022-05-25 19:31:07,25.52624,-103.39615,44,04,1,
3522,04347,2022-05-25 19:31:37,25.52328,-103.39617,19,04,1,
3522,04347,2022-05-25 19:32:07,25.52123,-103.39619,25,04,1,
3522,04347,2022-05-25 19:32:38,25.51978,-103.39615,41,04,1,
3522,04347,2022-05-25 19:33:08,25.51858,-103.39614,17,04,1,
3522,04347,2022-05-25 19:33:33,25.51756,-103.39586,4,04,1,
3522,04347,2022-05-25 19:34:04,25.51759,-103.39322,41,04,1,
3522,04347,2022-05-25 19:34:34,25.51757,-103.39041,41,04,1,
3522,04347,2022-05-25 19:35:05,25.51736,-103.38971,19,04,1,
3522,04347,2022-05-25 19:35:35,25.51521,-103.39206,59,04,1,
3522,04347,2022-05-25 19:36:05,25.51301,-103.39446,8,04,1,
3522,04347,2022-05-25 19:36:35,25.51303,-103.39448,0,04,1,
3522,04347,2022-05-25 19:37:06,25.51303,-103.39447,0,04,1,
3522,04347,2022-05-25 19:37:36,25.51304,-103.39448,0,04,1,
3522,04347,2022-05-25 19:38:07,25.5128,-103.39455,0,04,1,
3522,04347,2022-05-25 19:38:32,25.51278,-103.3945,0,04,1,
3522,04347,2022-05-25 19:39:02,25.51234,-103.39463,23,04,1,
3522,04347,2022-05-25 19:39:32,25.51145,-103.39322,14,04,1,
3522,04347,2022-05-25 19:40:03,25.51039,-103.39155,34,04,1,
3522,04347,2022-05-25 19:40:33,25.50974,-103.39056,20,04,1,
3522,04347,2022-05-25 19:41:04,25.50839,-103.38844,17,04,1,
3522,04347,2022-05-25 19:41:34,25.50765,-103.38728,37,04,1,
3522,04347,2022-05-25 19:42:05,25.50662,-103.38565,11,04,1,
3522,04347,2022-05-25 19:42:35,25.5078,-103.38409,5,04,1,
3522,04347,2022-05-25 19:43:05,25.50919,-103.38304,16,04,1,
3522,04347,2022-05-25 19:43:31,25.5088,-103.38219,28,04,1,
3522,04347,2022-05-25 19:44:01,25.50833,-103.38147,0,04,1,
3522,04347,2022-05-25 19:44:31,25.50757,-103.38031,22,04,1,
3522,04347,2022-05-25 19:45:02,25.50602,-103.38089,23,04,1,
3522,04347,2022-05-25 19:45:32,25.50453,-103.38209,9,04,1,
3522,04347,2022-05-25 19:46:02,25.50389,-103.38133,33,04,1,
3522,04347,2022-05-25 19:46:33,25.5029,-103.38102,34,04,1,
3522,04347,2022-05-25 19:47:03,25.50177,-103.38191,33,04,1,
3522,04347,2022-05-25 19:47:34,25.5014,-103.3833,0,04,1,
3522,04347,2022-05-25 19:48:04,25.50239,-103.38484,11,04,1,
3522,04347,2022-05-25 19:48:29,25.50281,-103.38573,13,04,1,
3522,04347,2022-05-25 19:49:00,25.50193,-103.38635,25,04,1,
3522,04347,2022-05-25 19:49:30,25.50118,-103.38688,12,04,1,
3522,04347,2022-05-25 19:50:00,25.49998,-103.38471,39,04,1,
3522,04347,2022-05-25 19:50:30,25.49913,-103.38397,0,04,1,
3522,04347,2022-05-25 19:51:01,25.49845,-103.38318,38,04,1,
3522,04347,2022-05-25 19:51:31,25.49668,-103.38007,13,04,1,
3522,04347,2022-05-25 19:52:02,25.49644,-103.38066,0,04,1,
3522,04347,2022-05-25 19:52:12,25.49644,-103.38065,0,00,1,
3522,04347,2022-05-25 19:52:42,25.49644,-103.38065,0,00,1,
3522,04347,2022-05-25 19:53:13,25.49643,-103.38065,0,00,1,
3522,04347,2022-05-25 19:53:43,25.49643,-103.38064,0,00,1,
3522,04347,2022-05-25 19:54:14,25.49642,-103.38064,0,00,1,
3522,04347,2022-05-25 19:54:44,25.49643,-103.38064,0,00,1,
3522,04347,2022-05-25 19:55:15,25.49644,-103.38065,0,00,1,
3522,04347,2022-05-25 19:55:45,25.49644,-103.38065,0,00,1,
3522,04347,2022-05-25 19:56:15,25.49644,-103.38065,0,00,1,
3522,04347,2022-05-25 19:56:41,25.49644,-103.38065,0,00,1,
3522,04348,2022-05-25 20:12:47,0,0,0,04,0,
3522,04348,2022-05-25 20:13:02,25.49791,-103.38207,40,04,1,
3522,04348,2022-05-25 20:13:28,25.49942,-103.38476,45,04,1,
3522,04348,2022-05-25 20:13:54,25.501,-103.38752,37,04,1,
3522,04348,2022-05-25 20:14:25,25.50256,-103.39055,40,04,1,
3522,04348,2022-05-25 20:14:55,25.50322,-103.39152,14,04,1,
3522,04348,2022-05-25 20:15:26,25.50409,-103.39087,20,04,1,
3522,04348,2022-05-25 20:15:56,25.50554,-103.38967,13,04,1,
3522,04348,2022-05-25 20:16:27,25.50465,-103.38828,14,04,1,
3522,04348,2022-05-25 20:16:57,25.50378,-103.38695,20,04,1,
3522,04348,2022-05-25 20:17:27,25.50305,-103.38578,28,04,1,
3522,04348,2022-05-25 20:17:58,25.50195,-103.38413,29,04,1,
3522,04348,2022-05-25 20:18:25,25.50117,-103.38291,2,04,1,
3522,04348,2022-05-25 20:18:54,25.5015,-103.38192,32,04,1,
3522,04348,2022-05-25 20:19:25,25.50253,-103.38113,16,04,1,
3522,04348,2022-05-25 20:19:55,25.50389,-103.38042,14,04,1,
3522,04348,2022-05-25 20:20:26,25.5048,-103.38179,25,04,1,
3522,04348,2022-05-25 20:20:56,25.50649,-103.38052,32,04,1,
3522,04348,2022-05-25 20:21:26,25.50762,-103.38029,11,04,1,
3522,04348,2022-05-25 20:21:57,25.50871,-103.38203,30,04,1,
3522,04348,2022-05-25 20:22:27,25.509,-103.38347,28,04,1,
3522,04348,2022-05-25 20:22:58,25.50685,-103.38514,1,04,1,
3522,04348,2022-05-25 20:23:28,25.50677,-103.38572,23,04,1,
3522,04348,2022-05-25 20:23:54,25.50818,-103.3879,42,04,1,
3522,04348,2022-05-25 20:24:24,25.5091,-103.38932,31,04,1,
3522,04348,2022-05-25 20:24:55,25.5101,-103.39087,23,04,1,
3522,04348,2022-05-25 20:25:25,25.5113,-103.39274,33,04,1,
3522,04348,2022-05-25 20:25:56,25.51245,-103.39453,0,04,1,
3522,04348,2022-05-25 20:26:26,25.51275,-103.39447,0,04,1,
3522,04348,2022-05-25 20:26:57,25.51275,-103.39445,0,04,1,
3522,04348,2022-05-25 20:27:27,25.51276,-103.39444,0,04,1,
3522,04348,2022-05-25 20:27:58,25.51276,-103.39443,0,04,1,
3522,04348,2022-05-25 20:28:28,25.51277,-103.39442,0,04,1,
3522,04348,2022-05-25 20:28:54,25.514,-103.39403,28,04,1,
3522,04348,2022-05-25 20:29:24,25.51448,-103.39404,0,04,1,
3522,04348,2022-05-25 20:29:55,25.51454,-103.39405,13,04,1,
3522,04348,2022-05-25 20:30:25,25.51679,-103.39401,20,04,1,
3522,04348,2022-05-25 20:30:56,25.51738,-103.39401,0,04,1,
3522,04348,2022-05-25 20:31:26,25.5181,-103.394,30,04,1,
3522,04348,2022-05-25 20:31:57,25.52066,-103.39397,28,04,1,
3522,04348,2022-05-25 20:32:27,25.52188,-103.39397,0,04,1,
3522,04348,2022-05-25 20:32:58,25.52228,-103.39398,17,04,1,
3522,04348,2022-05-25 20:33:28,25.52323,-103.39399,40,04,1,
3522,04348,2022-05-25 20:33:59,25.52671,-103.39394,11,04,1,
3522,04348,2022-05-25 20:34:24,25.52844,-103.39393,42,04,1,
3522,04348,2022-05-25 20:34:55,25.53156,-103.3939,11,04,1,
3522,04348,2022-05-25 20:35:25,25.53419,-103.39382,32,04,1,
3522,04348,2022-05-25 20:35:56,25.5348,-103.39385,4,04,1,
3522,04348,2022-05-25 20:36:26,25.5348,-103.39384,0,04,1,
3522,04348,2022-05-25 20:36:57,25.53479,-103.39384,0,04,1,
3522,04348,2022-05-25 20:37:27,25.53541,-103.39469,34,04,1,
3522,04348,2022-05-25 20:37:58,25.53542,-103.3959,19,04,1,
3522,04348,2022-05-25 20:38:28,25.53542,-103.39911,45,04,1,
3522,04348,2022-05-25 20:38:59,25.5354,-103.40245,44,04,1,
3522,04348,2022-05-25 20:39:24,25.53548,-103.40462,1,04,1,
3522,04348,2022-05-25 20:39:55,25.53545,-103.40463,0,04,1,
3522,04348,2022-05-25 20:40:25,25.53558,-103.40532,33,04,1,
3522,04348,2022-05-25 20:40:56,25.53563,-103.40913,46,04,1,
3522,04348,2022-05-25 20:41:26,25.53565,-103.41221,40,04,1,
3522,04348,2022-05-25 20:41:57,25.53564,-103.4153,32,04,1,
3522,04348,2022-05-25 20:42:27,25.5357,-103.41782,18,04,1,
3522,04348,2022-05-25 20:42:58,25.5357,-103.41808,13,04,1,
3522,04348,2022-05-25 20:43:29,25.53568,-103.41963,0,04,1,
3522,04348,2022-05-25 20:43:58,25.53566,-103.42006,8,04,1,
3522,04348,2022-05-25 20:44:24,25.53569,-103.4221,23,04,1,
3522,04348,2022-05-25 20:44:55,25.5357,-103.42306,29,04,1,
3522,04348,2022-05-25 20:45:25,25.53571,-103.42487,19,04,1,
3522,04348,2022-05-25 20:45:56,25.5357,-103.42809,26,04,1,
3522,04348,2022-05-25 20:46:26,25.53573,-103.42834,15,04,1,
3522,04348,2022-05-25 20:46:57,25.53574,-103.43178,59,04,1,
3522,04348,2022-05-25 20:47:27,25.53578,-103.43373,0,04,1,
3522,04348,2022-05-25 20:47:58,25.53578,-103.43372,0,04,1,
3522,04348,2022-05-25 20:48:29,25.53578,-103.43506,30,04,1,
3522,04348,2022-05-25 20:48:59,25.5358,-103.43746,1,04,1,
3522,04348,2022-05-25 20:49:24,25.5358,-103.43921,43,04,1,
3522,04348,2022-05-25 20:49:55,25.53583,-103.44113,19,04,1,
3522,04348,2022-05-25 20:50:25,25.53585,-103.44209,27,04,1,
3522,04348,2022-05-25 20:50:56,25.53583,-103.44563,42,04,1,
3522,04348,2022-05-25 20:51:26,25.53588,-103.44793,0,04,1,
3522,04348,2022-05-25 20:51:57,25.53588,-103.44794,0,04,1,
3522,04348,2022-05-25 20:52:27,25.53588,-103.4483,16,04,1,
3522,04348,2022-05-25 20:52:58,25.53586,-103.45093,49,04,1,
3522,04348,2022-05-25 20:53:28,25.53587,-103.45478,5,04,1,
3522,04348,2022-05-25 20:53:59,25.53587,-103.45615,0,04,1,
3522,04348,2022-05-25 20:54:24,25.53591,-103.45687,30,04,1,
3522,04348,2022-05-25 20:54:55,25.53592,-103.45884,3,04,1,
3522,04348,2022-05-25 20:55:25,25.53586,-103.46083,31,04,1,
3522,04348,2022-05-25 20:55:56,25.53527,-103.46345,18,04,1,
3522,04348,2022-05-25 20:56:26,25.53497,-103.46485,15,04,1,
3522,04348,2022-05-25 20:56:57,25.53663,-103.4655,28,04,1,
3522,04348,2022-05-25 20:57:27,25.53701,-103.4656,0,04,1,
3522,04348,2022-05-25 20:57:58,25.53706,-103.46561,0,04,1,
3522,04348,2022-05-25 20:58:28,25.53712,-103.46562,12,04,1,
3522,04348,2022-05-25 20:58:59,25.53841,-103.46598,29,04,1,
3522,04348,2022-05-25 20:59:24,25.54062,-103.46665,31,04,1,
3522,04348,2022-05-25 20:59:55,25.54155,-103.4677,30,04,1,
3522,04348,2022-05-25 21:00:25,25.54087,-103.46782,0,04,1,
3522,04348,2022-05-25 21:00:56,25.54086,-103.4678,0,04,1,
3522,04348,2022-05-25 21:01:27,25.54083,-103.46779,0,04,1,
3522,04348,2022-05-25 21:01:57,25.54081,-103.46781,0,04,1,
3522,04348,2022-05-25 21:02:28,25.54085,-103.46779,0,04,1,
3522,04348,2022-05-25 21:02:58,25.53952,-103.46741,30,04,1,
3522,04348,2022-05-25 21:03:29,25.53746,-103.46683,23,04,1,
3522,04348,2022-05-25 21:03:59,25.5373,-103.46677,0,04,1,
3522,04348,2022-05-25 21:04:25,25.53731,-103.46677,0,04,1,
3522,04348,2022-05-25 21:04:55,25.53702,-103.4667,8,04,1,
3522,04348,2022-05-25 21:05:26,25.53651,-103.46657,11,04,1,
3522,04348,2022-05-25 21:05:56,25.53602,-103.46643,0,04,1,
3522,04348,2022-05-25 21:06:27,25.53538,-103.46622,16,04,1,
3522,04348,2022-05-25 21:06:57,25.53488,-103.46451,35,04,1,
3522,04348,2022-05-25 21:07:28,25.5355,-103.46181,29,04,1,
3522,04348,2022-05-25 21:07:58,25.53571,-103.46077,0,04,1,
3522,04348,2022-05-25 21:08:29,25.53571,-103.46076,6,04,1,
3522,04348,2022-05-25 21:08:59,25.5358,-103.45951,0,04,1,
3522,04348,2022-05-25 21:09:25,25.5358,-103.45927,13,04,1,
3522,04348,2022-05-25 21:09:55,25.53581,-103.45761,6,04,1,
3522,04348,2022-05-25 21:10:26,25.53581,-103.45675,31,04,1,
3522,04348,2022-05-25 21:10:56,25.5358,-103.45366,32,04,1,
3522,04348,2022-05-25 21:11:27,25.53578,-103.45128,40,04,1,
3522,04348,2022-05-25 21:11:57,25.53575,-103.44975,21,04,1,
3522,04348,2022-05-25 21:12:28,25.53573,-103.44862,16,04,1,
3522,04348,2022-05-25 21:12:58,25.53574,-103.44626,30,04,1,
3522,04348,2022-05-25 21:13:29,25.53574,-103.44574,0,04,1,
3522,04348,2022-05-25 21:13:59,25.53575,-103.44573,0,04,1,
3522,04348,2022-05-25 21:14:25,25.53574,-103.44512,22,04,1,
3522,04348,2022-05-25 21:14:55,25.53574,-103.44251,35,04,1,
3522,04348,2022-05-25 21:15:26,25.53571,-103.43956,41,04,1,
3522,04348,2022-05-25 21:15:56,25.53567,-103.43679,0,04,1,
3522,04348,2022-05-25 21:16:27,25.53565,-103.43671,0,04,1,
3522,04348,2022-05-25 21:16:57,25.53567,-103.43574,23,04,1,
3522,04348,2022-05-25 21:17:28,25.5356,-103.43448,0,04,1,
3522,04348,2022-05-25 21:17:58,25.53559,-103.43434,10,04,1,
3522,04348,2022-05-25 21:18:29,25.53563,-103.43368,0,04,1,
3522,04348,2022-05-25 21:18:59,25.53564,-103.43152,39,04,1,
3522,04348,2022-05-25 21:19:25,25.53563,-103.43046,33,04,1,
3522,04348,2022-05-25 21:19:55,25.53565,-103.42919,25,04,1,
3522,04348,2022-05-25 21:20:26,25.53562,-103.42562,44,04,1,
3522,04348,2022-05-25 21:20:56,25.53559,-103.42226,12,04,1,
3522,04348,2022-05-25 21:21:27,25.53559,-103.42176,7,04,1,
3522,04348,2022-05-25 21:21:57,25.53559,-103.42037,0,04,1,
3522,04348,2022-05-25 21:22:28,25.53556,-103.41902,27,04,1,
3522,04348,2022-05-25 21:22:58,25.53555,-103.41867,0,04,1,
3522,04348,2022-05-25 21:23:29,25.53555,-103.41856,14,04,1,
3522,04348,2022-05-25 21:23:59,25.53553,-103.41597,16,04,1,
3522,04348,2022-05-25 21:24:25,25.53553,-103.4155,0,04,1,
3522,04348,2022-05-25 21:24:55,25.53551,-103.41551,0,04,1,
3522,04348,2022-05-25 21:25:26,25.53551,-103.41536,17,04,1,
3522,04348,2022-05-25 21:25:56,25.53549,-103.4122,47,04,1,
3522,04348,2022-05-25 21:26:27,25.53531,-103.4077,50,04,1,
3522,04348,2022-05-25 21:26:57,25.53534,-103.40641,27,04,1,
3522,04348,2022-05-25 21:27:28,25.53518,-103.40279,47,04,1,
3522,04348,2022-05-25 21:27:58,25.53514,-103.39883,54,04,1,
3522,04348,2022-05-25 21:28:29,25.53475,-103.39608,0,04,1,
3522,04348,2022-05-25 21:29:00,25.53474,-103.39611,0,04,1,
3522,04348,2022-05-25 21:29:25,25.53474,-103.39611,0,04,1,
3522,04348,2022-05-25 21:29:55,25.53474,-103.39612,0,04,1,
3522,04348,2022-05-25 21:30:26,25.53474,-103.39612,0,04,1,
3522,04348,2022-05-25 21:30:56,25.53472,-103.39612,0,04,1,
3522,04348,2022-05-25 21:31:27,25.53471,-103.39613,0,04,1,
3522,04348,2022-05-25 21:31:57,25.53472,-103.39613,0,04,1,
3522,04348,2022-05-25 21:32:28,25.53469,-103.39612,5,04,1,
3522,04348,2022-05-25 21:32:59,25.53262,-103.39611,37,04,1,
3522,04348,2022-05-25 21:33:29,25.52983,-103.39612,19,04,1,
3522,04348,2022-05-25 21:34:00,25.52802,-103.39618,0,04,1,
3522,04348,2022-05-25 21:34:30,25.52623,-103.39615,42,04,1,
3522,04348,2022-05-25 21:34:55,25.52435,-103.39616,0,04,1,
3522,04348,2022-05-25 21:35:26,25.52267,-103.39619,30,04,1,
3522,04348,2022-05-25 21:35:57,25.52213,-103.39618,0,04,1,
3522,04348,2022-05-25 21:36:27,25.52215,-103.39618,0,04,1,
3522,04348,2022-05-25 21:36:57,25.52101,-103.39619,18,04,1,
3522,04348,2022-05-25 21:37:28,25.51819,-103.39617,23,04,1,
3522,04348,2022-05-25 21:37:58,25.51787,-103.39617,17,04,1,
3522,04348,2022-05-25 21:38:29,25.5176,-103.39432,13,04,1,
3522,04348,2022-05-25 21:38:59,25.5176,-103.39301,36,04,1,
3522,04348,2022-05-25 21:39:30,25.51756,-103.38988,0,04,1,
3522,04348,2022-05-25 21:39:55,25.51756,-103.38976,8,04,1,
3522,04348,2022-05-25 21:40:26,25.51669,-103.39051,0,04,1,
3522,04348,2022-05-25 21:40:57,25.51495,-103.39237,29,04,1,
3522,04348,2022-05-25 21:41:27,25.51481,-103.3925,0,04,1,
3522,04348,2022-05-25 21:41:57,25.51416,-103.39322,34,04,1,
3522,04348,2022-05-25 21:42:28,25.51302,-103.3945,0,04,1,
3522,04348,2022-05-25 21:42:59,25.51131,-103.39623,45,04,1,
3522,04348,2022-05-25 21:43:29,25.5087,-103.39899,46,04,1,
3522,04348,2022-05-25 21:44:00,25.50813,-103.39954,0,04,1,
3522,04348,2022-05-25 21:44:30,25.50705,-103.40085,23,04,1,
3522,04348,2022-05-25 21:44:55,25.50645,-103.40156,31,04,1,
3522,04348,2022-05-25 21:45:26,25.50531,-103.40292,33,04,1,
3522,04348,2022-05-25 21:45:56,25.50428,-103.40412,36,04,1,
3522,04348,2022-05-25 21:46:27,25.50296,-103.4054,26,04,1,
3522,04348,2022-05-25 21:46:57,25.50253,-103.40571,15,04,1,
3522,04348,2022-05-25 21:47:28,25.50039,-103.40753,40,04,1,
3522,04348,2022-05-25 21:47:58,25.49745,-103.41004,3,04,1,
3522,04348,2022-05-25 21:48:29,25.49693,-103.41045,26,04,1,
3522,04348,2022-05-25 21:48:59,25.4961,-103.41018,19,04,1,
3522,04348,2022-05-25 21:49:30,25.49557,-103.40936,0,04,1,
3522,04348,2022-05-25 21:49:56,25.49639,-103.40854,35,04,1,
3522,04348,2022-05-25 21:50:26,25.49708,-103.40641,0,04,1,
3522,04348,2022-05-25 21:50:56,25.49607,-103.40523,14,04,1,
3522,04348,2022-05-25 21:51:27,25.49529,-103.40439,31,04,1,
3522,04348,2022-05-25 21:51:57,25.49438,-103.40332,33,04,1,
3522,04348,2022-05-25 21:52:28,25.49337,-103.40286,13,04,1,
3522,04348,2022-05-25 21:52:59,25.49232,-103.40405,24,04,1,
3522,04348,2022-05-25 21:53:29,25.49208,-103.40481,21,04,1,
3522,04348,2022-05-25 21:54:00,25.4932,-103.40621,3,04,1,
3522,04348,2022-05-25 21:54:30,25.49274,-103.40594,0,04,1,
3522,04348,2022-05-25 21:54:40,25.49273,-103.40593,0,00,1,
3522,04348,2022-05-25 21:55:11,25.49271,-103.40592,0,00,1,
3522,04348,2022-05-25 21:55:40,25.49271,-103.40592,0,00,1,
3522,04348,2022-05-25 21:56:07,25.49272,-103.4059,0,00,1,
3522,04348,2022-05-25 21:56:37,25.49274,-103.4059,0,00,1,
3522,04348,2022-05-25 21:57:08,25.49275,-103.40591,0,00,1,
3522,04348,2022-05-25 21:57:38,25.49275,-103.40591,0,00,1,
3522,04348,2022-05-25 21:58:09,25.49275,-103.40592,0,00,1,
3522,04348,2022-05-25 21:58:39,25.49275,-103.40592,0,00,1,
3522,04348,2022-05-25 21:59:10,25.49273,-103.4059,0,00,1,
3522,04349,2022-05-25 22:37:23,0,0,0,04,0,
3522,04349,2022-05-25 22:37:28,25.49277,-103.40592,0,04,1,
3522,04349,2022-05-25 22:37:53,25.49275,-103.40592,0,04,1,
3522,04349,2022-05-25 22:38:23,25.49276,-103.40592,0,04,1,
3522,04349,2022-05-25 22:38:54,25.49277,-103.40592,0,04,1,
3522,04349,2022-05-25 22:39:24,25.49278,-103.40593,0,04,1,
3522,04349,2022-05-25 22:39:54,25.49277,-103.40592,0,04,1,
3522,04349,2022-05-25 22:40:25,25.49276,-103.40592,0,04,1,
3522,04349,2022-05-25 22:40:55,25.49277,-103.40592,0,04,1,
3522,04349,2022-05-25 22:41:05,25.49277,-103.40592,0,00,1,
3522,04349,2022-05-25 22:41:35,25.49278,-103.40591,0,00,1,
3522,04349,2022-05-25 22:42:06,25.49276,-103.4059,0,00,1,
3522,04349,2022-05-25 22:42:36,25.49274,-103.4059,0,00,1,
3522,04349,2022-05-25 22:43:07,25.49274,-103.40589,0,00,1,
3522,04349,2022-05-25 22:43:37,25.49276,-103.4059,0,00,1,
3522,04349,2022-05-25 22:44:03,25.49278,-103.40592,0,00,1,
3522,04349,2022-05-25 22:44:34,25.49279,-103.40593,0,00,1,
3522,04349,2022-05-25 22:44:59,25.49279,-103.40594,0,00,1,
3522,04350,2022-05-25 22:46:36,25.49279,-103.40598,0,04,1,
3522,04350,2022-05-25 22:46:46,25.49278,-103.40598,0,00,1,
3522,04350,2022-05-25 22:47:16,25.49279,-103.40598,0,00,1,
3522,04351,2022-05-25 22:48:56,0,0,0,04,0,
3522,04351,2022-05-25 22:49:07,25.49014,-103.40243,33,04,1,
3522,04351,2022-05-25 22:49:32,25.49073,-103.40034,11,04,1,
3522,04351,2022-05-25 22:50:02,25.49223,-103.39853,14,04,1,
3522,04351,2022-05-25 22:50:33,25.49312,-103.39749,32,04,1,
3522,04351,2022-05-25 22:51:03,25.49418,-103.39425,46,04,1,
3522,04351,2022-05-25 22:51:33,25.4945,-103.39129,16,04,1,
3522,04351,2022-05-25 22:52:04,25.49397,-103.39055,8,04,1,
3522,04351,2022-05-25 22:52:34,25.49341,-103.38976,14,04,1,
3522,04351,2022-05-25 22:54:13,0,0,0,04,0,
3522,04351,2022-05-25 22:54:23,25.4876,-103.38653,11,04,1,
3522,04351,2022-05-25 22:54:49,25.49159,-103.38698,6,04,1,
3522,04351,2022-05-25 22:55:19,25.49207,-103.38661,4,04,1,
3522,04351,2022-05-25 22:55:24,25.49209,-103.38658,0,00,1,
3522,04351,2022-05-25 22:55:55,25.49211,-103.38663,0,00,1,
3522,04351,2022-05-25 22:56:21,25.49211,-103.38663,0,00,1,
3522,04351,2022-05-25 22:56:51,25.49211,-103.38662,0,00,1,
3522,04351,2022-05-25 22:57:17,25.49211,-103.38664,0,00,1,
3522,04351,2022-05-25 22:57:47,25.49211,-103.3866,0,00,1,
3522,04351,2022-05-25 22:58:18,25.49211,-103.38659,0,00,1,
3522,04351,2022-05-25 22:58:48,25.49211,-103.3866,0,00,1,
3522,04351,2022-05-25 22:59:19,25.4921,-103.3866,0,00,1,
3522,04351,2022-05-25 22:59:49,25.4921,-103.3866,0,00,1,
3522,04352,2022-05-25 23:40:11,25.48758,-103.38927,0,05,1,
3522,04352,2022-05-25 23:40:16,25.48754,-103.38931,0,04,1,
3522,04352,2022-05-25 23:40:46,25.49228,-103.38654,0,04,1,
3522,04352,2022-05-25 23:41:14,25.49227,-103.38653,0,04,1,
3522,04352,2022-05-25 23:41:42,25.49227,-103.38653,0,04,1,
3522,04352,2022-05-25 23:42:12,25.49227,-103.38654,0,04,1,
3522,04352,2022-05-25 23:42:42,25.49225,-103.38655,0,04,1,
3522,04352,2022-05-25 23:43:13,25.49225,-103.38654,0,04,1,
3522,04352,2022-05-25 23:43:43,25.49224,-103.38653,0,04,1,
3522,04352,2022-05-25 23:44:13,25.49225,-103.38653,0,04,1,
3522,04352,2022-05-26 00:01:23,0,0,0,05,0,
3522,04352,2022-05-26 00:01:33,0,0,0,04,0,
3522,04352,2022-05-26 00:01:38,25.49232,-103.3865,0,04,1,
3522,04352,2022-05-26 00:02:04,25.49226,-103.38651,0,04,1,
3522,04352,2022-05-26 00:02:35,25.49227,-103.38651,0,04,1,
3522,04352,2022-05-26 00:03:05,25.49227,-103.38649,0,04,1,
3522,04352,2022-05-26 00:03:10,25.49226,-103.3865,0,00,1,
3522,04353,2022-05-26 00:04:11,25.49131,-103.38512,0,05,1,
3522,04353,2022-05-26 00:04:16,25.49123,-103.38515,0,04,1,
3522,04353,2022-05-26 00:04:46,25.49124,-103.38514,0,04,1,
3522,04353,2022-05-26 00:05:17,25.49229,-103.3865,0,04,1,
3522,04353,2022-05-26 00:05:42,25.49228,-103.38651,0,04,1,
3522,04353,2022-05-26 00:06:12,25.49228,-103.38651,0,04,1,
3522,04353,2022-05-26 00:06:43,25.49224,-103.38662,1,04,1,
3522,04353,2022-05-26 00:07:13,25.49224,-103.38665,0,04,1,
3522,04353,2022-05-26 00:07:43,25.49229,-103.38653,0,04,1,
