Code vehicule,Code chauffeur,Date (GMT),Latitude,Longitude,Vitesse,I/O,Valide
4515,00681,2022-05-25 12:54:24,0,0,0,05,0,
4515,00681,2022-05-25 12:54:29,0,0,0,04,0,
4515,00681,2022-05-25 12:54:34,25.48985,-103.36028,0,04,1,
4515,00681,2022-05-25 12:54:59,25.48984,-103.36029,0,04,1,
4515,00681,2022-05-25 12:55:30,25.48983,-103.36028,0,04,1,
4515,00681,2022-05-25 12:56:02,25.48983,-103.36027,0,04,1,
4515,00681,2022-05-25 12:56:28,25.48982,-103.36026,0,04,1,
4515,00681,2022-05-25 12:56:59,25.48982,-103.36026,0,04,1,
4515,00681,2022-05-25 12:57:29,25.48981,-103.36026,0,04,1,
4515,00681,2022-05-25 12:57:54,25.48981,-103.36026,0,04,1,
4515,00681,2022-05-25 12:58:24,25.48983,-103.36018,0,04,1,
4515,00681,2022-05-25 12:58:55,25.48984,-103.36015,0,04,1,
4515,00681,2022-05-25 12:59:05,25.48984,-103.36016,0,00,1,
4515,00681,2022-05-25 12:59:35,25.48982,-103.36019,0,00,1,
4515,00681,2022-05-25 13:00:06,25.48982,-103.3602,0,00,1,
4515,00681,2022-05-25 13:00:36,25.48981,-103.36021,0,00,1,
4515,00681,2022-05-25 13:01:06,25.4898,-103.36025,0,00,1,
4515,00681,2022-05-25 13:01:37,25.48979,-103.36026,0,00,1,
4515,00681,2022-05-25 13:02:07,25.48978,-103.36025,0,00,1,
4515,00681,2022-05-25 13:02:37,25.48977,-103.36025,0,00,1,
4515,00681,2022-05-25 13:03:08,25.4898,-103.36025,0,00,1,
4515,00681,2022-05-25 13:03:33,25.48982,-103.36025,0,00,1,
4515,00681,2022-05-25 13:04:03,25.48983,-103.36026,0,00,1,
4515,00681,2022-05-25 13:04:34,25.48982,-103.36026,0,00,1,
4515,00681,2022-05-25 13:05:04,25.48981,-103.36025,0,00,1,
4515,00681,2022-05-25 13:05:34,25.48981,-103.36025,0,00,1,
4515,00681,2022-05-25 13:06:05,25.48981,-103.36026,0,00,1,
4515,00681,2022-05-25 13:06:35,25.48981,-103.36026,0,00,1,
4515,00681,2022-05-25 13:07:05,25.48981,-103.36026,0,00,1,
4515,00681,2022-05-25 13:07:36,25.48981,-103.36027,0,00,1,
4515,00681,2022-05-25 13:08:06,25.48981,-103.36025,1,00,1,
4515,00681,2022-05-25 13:08:32,25.49009,-103.35995,19,00,1,
4515,00681,2022-05-25 13:09:02,25.49053,-103.35907,6,00,1,
4515,00681,2022-05-25 13:09:32,25.49057,-103.35894,1,00,1,
4515,00681,2022-05-25 13:10:02,25.49151,-103.36013,30,00,1,
4515,00681,2022-05-25 13:10:33,25.4915,-103.36198,31,00,1,
4515,00681,2022-05-25 13:11:03,25.49011,-103.36406,42,00,1,
4515,00681,2022-05-25 13:11:33,25.48959,-103.36609,33,00,1,
4515,00681,2022-05-25 13:12:04,25.49213,-103.36618,43,00,1,
4515,00681,2022-05-25 13:12:34,25.49538,-103.36613,6,00,1,
4515,00681,2022-05-25 13:13:04,25.49754,-103.36611,25,00,1,
4515,00681,2022-05-25 13:13:35,25.49774,-103.37006,60,00,1,
4515,00681,2022-05-25 13:14:05,25.49728,-103.37464,19,00,1,
4515,00681,2022-05-25 13:14:30,25.49691,-103.37698,50,00,1,
4515,00681,2022-05-25 13:15:01,25.49659,-103.3792,5,00,1,
4515,00681,2022-05-25 13:15:31,25.49647,-103.37994,15,00,1,
4515,00681,2022-05-25 13:16:01,25.49616,-103.38206,25,00,1,
4515,00681,2022-05-25 13:16:32,25.49548,-103.38644,63,00,1,
4515,00681,2022-05-25 13:17:02,25.49467,-103.39157,61,00,1,
4515,00681,2022-05-25 13:17:32,25.49381,-103.39651,58,00,1,
4515,00681,2022-05-25 13:18:03,25.49223,-103.3987,26,00,1,
4515,00681,2022-05-25 13:18:33,25.49065,-103.40055,32,00,1,
4515,00681,2022-05-25 13:19:03,25.49069,-103.40312,28,00,1,
4515,00681,2022-05-25 13:19:29,25.49139,-103.40397,0,00,1,
4515,00681,2022-05-25 13:19:59,25.49138,-103.40395,0,00,1,
4515,00681,2022-05-25 13:20:29,25.49138,-103.40394,0,00,1,
4515,00681,2022-05-25 13:21:00,25.49139,-103.40394,0,00,1,
4515,00681,2022-05-25 13:21:30,25.49139,-103.40394,0,00,1,
4515,00681,2022-05-25 13:22:00,25.49138,-103.40395,0,00,1,
4515,00681,2022-05-25 13:22:31,25.49138,-103.40394,0,00,1,
4515,00681,2022-05-25 13:23:01,25.49138,-103.40394,0,00,1,
4515,00681,2022-05-25 13:23:31,25.49138,-103.40394,0,00,1,
4515,00681,2022-05-25 13:24:02,25.49138,-103.40395,0,00,1,
4515,00681,2022-05-25 13:24:32,25.49138,-103.40394,0,00,1,
4515,00681,2022-05-25 13:24:58,25.49138,-103.40394,0,00,1,
4515,00681,2022-05-25 13:25:28,25.49138,-103.40394,0,00,1,
4515,00681,2022-05-25 13:25:58,25.49138,-103.40394,0,00,1,
4515,00681,2022-05-25 13:26:28,25.49138,-103.40394,0,00,1,
4515,00681,2022-05-25 13:26:59,25.49139,-103.40394,0,00,1,
4515,00681,2022-05-25 13:27:29,25.49139,-103.40394,0,00,1,
4515,00682,2022-05-25 13:40:01,0,0,0,04,0,
4515,00682,2022-05-25 13:40:32,0,0,0,04,0,
4515,00682,2022-05-25 13:40:37,25.49261,-103.40368,20,04,1,
4515,00682,2022-05-25 13:41:02,25.49344,-103.40269,26,04,1,
4515,00682,2022-05-25 13:41:32,25.49386,-103.40276,2,04,1,
4515,00682,2022-05-25 13:42:03,25.495,-103.40399,14,04,1,
4515,00682,2022-05-25 13:42:33,25.49599,-103.40514,13,04,1,
4515,00682,2022-05-25 13:43:03,25.49704,-103.4074,29,04,1,
4515,00682,2022-05-25 13:43:34,25.49645,-103.4085,0,04,1,
4515,00682,2022-05-25 13:44:04,25.49564,-103.40933,17,04,1,
4515,00682,2022-05-25 13:44:34,25.49661,-103.41033,0,04,1,
4515,00682,2022-05-25 13:45:05,25.49744,-103.40981,1,04,1,
4515,00682,2022-05-25 13:45:35,25.49981,-103.40803,56,04,1,
4515,00682,2022-05-25 13:46:03,25.50222,-103.40577,0,04,1,
4515,00682,2022-05-25 13:46:27,25.50398,-103.40426,53,04,1,
4515,00682,2022-05-25 13:46:57,25.50543,-103.40247,46,04,1,
4515,00682,2022-05-25 13:47:27,25.50644,-103.40125,9,04,1,
4515,00682,2022-05-25 13:47:58,25.50742,-103.40003,0,04,1,
4515,00682,2022-05-25 13:48:28,25.50839,-103.39894,8,04,1,
4515,00682,2022-05-25 13:48:58,25.50961,-103.39772,40,04,1,
4515,00682,2022-05-25 13:49:29,25.51199,-103.39519,31,04,1,
4515,00682,2022-05-25 13:49:59,25.51228,-103.39488,0,04,1,
4515,00682,2022-05-25 13:50:29,25.51268,-103.39445,0,04,1,
4515,00682,2022-05-25 13:51:00,25.51268,-103.39447,0,04,1,
4515,00682,2022-05-25 13:51:25,25.51269,-103.39448,0,04,1,
4515,00682,2022-05-25 13:51:55,25.51286,-103.39441,20,04,1,
4515,00682,2022-05-25 13:52:26,25.51322,-103.3941,0,04,1,
4515,00682,2022-05-25 13:52:56,25.51322,-103.39409,0,04,1,
4515,00682,2022-05-25 13:53:26,25.51374,-103.39407,34,04,1,
4515,00682,2022-05-25 13:53:57,25.51448,-103.39406,0,04,1,
4515,00682,2022-05-25 13:54:27,25.5149,-103.39405,0,04,1,
4515,00682,2022-05-25 13:54:57,25.51706,-103.39402,26,04,1,
4515,00682,2022-05-25 13:55:28,25.51737,-103.39401,0,04,1,
4515,00682,2022-05-25 13:55:58,25.51737,-103.39402,1,04,1,
4515,00682,2022-05-25 13:56:28,25.51981,-103.39402,39,04,1,
4515,00682,2022-05-25 13:56:54,25.52202,-103.394,35,04,1,
4515,00682,2022-05-25 13:57:24,25.52362,-103.39397,22,04,1,
4515,00682,2022-05-25 13:57:54,25.52572,-103.39397,51,04,1,
4515,00682,2022-05-25 13:58:24,25.52729,-103.39394,28,04,1,
4515,00682,2022-05-25 13:58:55,25.53049,-103.39393,44,04,1,
4515,00682,2022-05-25 13:59:25,25.53246,-103.39389,38,04,1,
4515,00682,2022-05-25 13:59:55,25.53453,-103.39385,0,04,1,
4515,00682,2022-05-25 14:00:26,25.53479,-103.39385,5,04,1,
4515,00682,2022-05-25 14:00:56,25.53537,-103.39534,0,04,1,
4515,00682,2022-05-25 14:01:26,25.53538,-103.39745,24,04,1,
4515,00682,2022-05-25 14:01:57,25.53537,-103.40148,50,04,1,
4515,00682,2022-05-25 14:02:22,25.53539,-103.40272,15,04,1,
4515,00682,2022-05-25 14:02:52,25.53543,-103.40439,1,04,1,
4515,00682,2022-05-25 14:03:23,25.53542,-103.40437,0,04,1,
4515,00682,2022-05-25 14:03:53,25.53557,-103.4056,38,04,1,
4515,00682,2022-05-25 14:04:24,25.53559,-103.4073,12,04,1,
4515,00682,2022-05-25 14:04:54,25.5356,-103.41,30,04,1,
4515,00682,2022-05-25 14:05:24,25.53561,-103.41166,34,04,1,
4515,00682,2022-05-25 14:05:55,25.53563,-103.41325,18,04,1,
4515,00682,2022-05-25 14:06:25,25.53563,-103.4148,0,04,1,
4515,00682,2022-05-25 14:06:55,25.53563,-103.41478,0,04,1,
4515,00682,2022-05-25 14:07:24,25.53563,-103.41478,0,04,1,
4515,00682,2022-05-25 14:07:51,25.53563,-103.41512,20,04,1,
4515,00682,2022-05-25 14:08:21,25.53565,-103.41718,31,04,1,
4515,00682,2022-05-25 14:08:52,25.53566,-103.41808,13,04,1,
4515,00682,2022-05-25 14:09:22,25.53566,-103.41968,0,04,1,
4515,00682,2022-05-25 14:09:52,25.53566,-103.42063,27,04,1,
4515,00682,2022-05-25 14:10:22,25.53568,-103.422,0,04,1,
4515,00682,2022-05-25 14:10:53,25.53567,-103.42255,16,04,1,
4515,00682,2022-05-25 14:11:23,25.53568,-103.42561,50,04,1,
4515,00682,2022-05-25 14:11:54,25.53572,-103.42865,0,04,1,
4515,00682,2022-05-25 14:12:24,25.53569,-103.429,28,04,1,
4515,00682,2022-05-25 14:12:49,25.5357,-103.43228,52,04,1,
4515,00682,2022-05-25 14:13:20,25.53573,-103.43446,33,04,1,
4515,00682,2022-05-25 14:13:50,25.53577,-103.43685,35,04,1,
4515,00682,2022-05-25 14:14:20,25.53578,-103.43849,8,04,1,
4515,00682,2022-05-25 14:14:51,25.53577,-103.44183,36,04,1,
4515,00682,2022-05-25 14:15:21,25.53582,-103.44532,1,04,1,
4515,00682,2022-05-25 14:15:52,25.53581,-103.44529,0,04,1,
4515,00682,2022-05-25 14:16:22,25.53582,-103.44636,0,04,1,
4515,00682,2022-05-25 14:16:52,25.53582,-103.44707,17,04,1,
4515,00682,2022-05-25 14:17:22,25.53583,-103.44749,0,04,1,
4515,00682,2022-05-25 14:17:48,25.53583,-103.44773,0,04,1,
4515,00682,2022-05-25 14:18:18,25.53582,-103.448,21,04,1,
4515,00682,2022-05-25 14:18:49,25.53585,-103.45039,18,04,1,
4515,00682,2022-05-25 14:19:19,25.53585,-103.4524,21,04,1,
4515,00682,2022-05-25 14:19:49,25.53585,-103.4525,0,04,1,
4515,00682,2022-05-25 14:20:20,25.53584,-103.45359,34,04,1,
4515,00682,2022-05-25 14:20:50,25.53588,-103.45715,41,04,1,
4515,00682,2022-05-25 14:21:20,25.53587,-103.45928,31,04,1,
4515,00682,2022-05-25 14:21:51,25.53546,-103.4626,8,04,1,
4515,00682,2022-05-25 14:22:21,25.53522,-103.46359,35,04,1,
4515,00682,2022-05-25 14:22:46,25.53538,-103.46518,12,04,1,
4515,00682,2022-05-25 14:23:17,25.53631,-103.46543,0,04,1,
4515,00682,2022-05-25 14:23:47,25.5363,-103.46542,0,04,1,
4515,00682,2022-05-25 14:24:17,25.53662,-103.46548,23,04,1,
4515,00682,2022-05-25 14:24:48,25.53796,-103.46586,23,04,1,
4515,00682,2022-05-25 14:25:18,25.53987,-103.46639,42,04,1,
4515,00682,2022-05-25 14:25:48,25.54158,-103.46753,0,04,1,
4515,00682,2022-05-25 14:26:19,25.54021,-103.46761,7,04,1,
4515,00682,2022-05-25 14:26:49,25.53975,-103.46748,22,04,1,
4515,00682,2022-05-25 14:27:19,25.53813,-103.46704,0,04,1,
4515,00682,2022-05-25 14:27:50,25.53733,-103.46682,0,04,1,
4515,00682,2022-05-25 14:28:15,25.53733,-103.46682,0,04,1,
4515,00682,2022-05-25 14:28:45,25.53733,-103.46682,4,04,1,
4515,00682,2022-05-25 14:29:16,25.53611,-103.46647,22,04,1,
4515,00682,2022-05-25 14:29:46,25.53506,-103.46606,0,04,1,
4515,00682,2022-05-25 14:30:16,25.53488,-103.46582,22,04,1,
4515,00682,2022-05-25 14:30:47,25.53525,-103.46272,40,04,1,
4515,00682,2022-05-25 14:31:17,25.53575,-103.45937,22,04,1,
4515,00682,2022-05-25 14:31:47,25.53572,-103.45847,29,04,1,
4515,00682,2022-05-25 14:32:17,25.53573,-103.45705,25,04,1,
4515,00682,2022-05-25 14:32:48,25.53572,-103.45443,30,04,1,
4515,00682,2022-05-25 14:33:18,25.53568,-103.453,0,04,1,
4515,00682,2022-05-25 14:33:43,25.53568,-103.45301,0,04,1,
4515,00682,2022-05-25 14:34:14,25.53569,-103.45274,13,04,1,
4515,00682,2022-05-25 14:34:44,25.5357,-103.4507,32,04,1,
4515,00682,2022-05-25 14:35:15,25.53568,-103.44913,0,04,1,
4515,00682,2022-05-25 14:35:45,25.53568,-103.44915,0,04,1,
4515,00682,2022-05-25 14:36:15,25.53568,-103.44856,33,04,1,
4515,00682,2022-05-25 14:36:46,25.53566,-103.44636,9,04,1,
4515,00682,2022-05-25 14:37:16,25.53566,-103.44597,0,04,1,
4515,00682,2022-05-25 14:37:46,25.53564,-103.44577,0,04,1,
4515,00682,2022-05-25 14:38:17,25.53565,-103.44526,24,04,1,
4515,00682,2022-05-25 14:38:46,25.53563,-103.44284,12,04,1,
4515,00682,2022-05-25 14:39:12,25.53565,-103.44101,43,04,1,
4515,00682,2022-05-25 14:39:42,25.53562,-103.43733,42,04,1,
4515,00682,2022-05-25 14:40:13,25.53558,-103.43578,0,04,1,
4515,00682,2022-05-25 14:40:43,25.53557,-103.4358,0,04,1,
4515,00682,2022-05-25 14:41:14,25.53555,-103.43425,40,04,1,
4515,00682,2022-05-25 14:41:44,25.53555,-103.4332,35,04,1,
4515,00682,2022-05-25 14:42:14,25.53557,-103.4295,44,04,1,
4515,00682,2022-05-25 14:42:45,25.53552,-103.42576,37,04,1,
4515,00682,2022-05-25 14:43:15,25.5355,-103.42285,12,04,1,
4515,00682,2022-05-25 14:43:45,25.5355,-103.42284,0,04,1,
4515,00682,2022-05-25 14:44:11,25.5355,-103.42198,5,04,1,
4515,00682,2022-05-25 14:44:41,25.53551,-103.42103,28,04,1,
4515,00682,2022-05-25 14:45:11,25.5355,-103.42049,13,04,1,
4515,00682,2022-05-25 14:45:42,25.53551,-103.42013,7,04,1,
4515,00682,2022-05-25 14:46:12,25.53548,-103.41862,11,04,1,
4515,00682,2022-05-25 14:46:42,25.53546,-103.41599,26,04,1,
4515,00682,2022-05-25 14:47:13,25.53547,-103.41578,0,04,1,
4515,00682,2022-05-25 14:47:43,25.53547,-103.41575,9,04,1,
4515,00682,2022-05-25 14:48:13,25.53546,-103.41377,45,04,1,
4515,00682,2022-05-25 14:48:44,25.53543,-103.41071,26,04,1,
4515,00682,2022-05-25 14:49:14,25.53526,-103.40762,27,04,1,
4515,00682,2022-05-25 14:49:39,25.53526,-103.40724,0,04,1,
4515,00682,2022-05-25 14:50:10,25.53527,-103.40725,0,04,1,
4515,00682,2022-05-25 14:50:40,25.53532,-103.40589,35,04,1,
4515,00682,2022-05-25 14:51:10,25.5352,-103.40403,0,04,1,
4515,00682,2022-05-25 14:51:41,25.53519,-103.404,11,04,1,
4515,00682,2022-05-25 14:52:11,25.53512,-103.40103,42,04,1,
4515,00682,2022-05-25 14:52:41,25.53507,-103.39757,1,04,1,
4515,00682,2022-05-25 14:53:12,25.53486,-103.39608,19,04,1,
4515,00682,2022-05-25 14:53:42,25.53472,-103.3961,0,04,1,
4515,00682,2022-05-25 14:54:12,25.53472,-103.39612,0,04,1,
4515,00682,2022-05-25 14:54:43,25.53472,-103.39612,0,04,1,
4515,00682,2022-05-25 14:55:08,25.53472,-103.39612,0,04,1,
4515,00682,2022-05-25 14:55:38,25.53472,-103.39612,0,04,1,
4515,00682,2022-05-25 14:56:09,25.53472,-103.39612,0,04,1,
4515,00682,2022-05-25 14:56:39,25.53454,-103.39608,6,04,1,
4515,00682,2022-05-25 14:57:09,25.53268,-103.39608,38,04,1,
4515,00682,2022-05-25 14:57:40,25.52953,-103.39612,31,04,1,
4515,00682,2022-05-25 14:58:10,25.52621,-103.39615,42,04,1,
4515,00682,2022-05-25 14:58:40,25.52324,-103.39617,23,04,1,
4515,00682,2022-05-25 14:59:11,25.52206,-103.39619,0,04,1,
4515,00682,2022-05-25 14:59:41,25.52208,-103.39619,0,04,1,
4515,00682,2022-05-25 15:00:11,25.52112,-103.39619,18,04,1,
4515,00682,2022-05-25 15:00:36,25.5187,-103.39617,50,04,1,
4515,00682,2022-05-25 15:01:07,25.51754,-103.39579,13,04,1,
4515,00682,2022-05-25 15:01:37,25.51755,-103.39423,18,04,1,
4515,00682,2022-05-25 15:02:07,25.51753,-103.39037,44,04,1,
4515,00682,2022-05-25 15:02:38,25.51753,-103.38985,0,04,1,
4515,00682,2022-05-25 15:03:08,25.51635,-103.39084,45,04,1,
4515,00682,2022-05-25 15:03:39,25.51347,-103.39392,45,04,1,
4515,00682,2022-05-25 15:04:09,25.51299,-103.39447,0,04,1,
4515,00682,2022-05-25 15:04:39,25.513,-103.39445,0,04,1,
4515,00682,2022-05-25 15:05:10,25.513,-103.39445,0,04,1,
4515,00682,2022-05-25 15:05:35,25.513,-103.39444,0,04,1,
4515,00682,2022-05-25 15:06:05,25.51269,-103.39463,0,04,1,
4515,00682,2022-05-25 15:06:36,25.51232,-103.39465,22,04,1,
4515,00682,2022-05-25 15:07:06,25.51104,-103.39261,15,04,1,
4515,00682,2022-05-25 15:07:36,25.51028,-103.39143,33,04,1,
4515,00682,2022-05-25 15:08:06,25.5094,-103.39006,2,04,1,
4515,00682,2022-05-25 15:08:37,25.5085,-103.38866,4,04,1,
4515,00682,2022-05-25 15:09:07,25.50765,-103.38731,39,04,1,
4515,00682,2022-05-25 15:09:37,25.50659,-103.3856,0,04,1,
4515,00682,2022-05-25 15:10:08,25.50648,-103.38539,21,04,1,
4515,00682,2022-05-25 15:10:38,25.5081,-103.38386,34,04,1,
4515,00682,2022-05-25 15:11:03,25.50926,-103.38287,10,04,1,
4515,00682,2022-05-25 15:11:34,25.50807,-103.38107,28,04,1,
4515,00682,2022-05-25 15:12:04,25.50698,-103.38013,29,04,1,
4515,00682,2022-05-25 15:12:34,25.50515,-103.38157,38,04,1,
4515,00682,2022-05-25 15:13:05,25.50381,-103.38072,28,04,1,
4515,00682,2022-05-25 15:13:35,25.50215,-103.38161,24,04,1,
4515,00682,2022-05-25 15:14:05,25.50101,-103.38251,23,04,1,
4515,00682,2022-05-25 15:14:36,25.50176,-103.38391,35,04,1,
4515,00682,2022-05-25 15:15:06,25.50278,-103.38576,19,04,1,
4515,00682,2022-05-25 15:15:36,25.50125,-103.38693,13,04,1,
4515,00682,2022-05-25 15:16:07,25.50043,-103.38557,26,04,1,
4515,00682,2022-05-25 15:16:32,25.49941,-103.38376,0,04,1,
4515,00682,2022-05-25 15:17:03,25.49878,-103.38383,23,04,1,
4515,00682,2022-05-25 15:17:33,25.49698,-103.38059,49,04,1,
4515,00682,2022-05-25 15:18:03,25.49608,-103.37989,17,04,1,
4515,00682,2022-05-25 15:18:34,25.49586,-103.37925,3,04,1,
4515,00682,2022-05-25 15:18:54,25.49599,-103.37943,2,00,1,
4515,00682,2022-05-25 15:19:20,25.49599,-103.37943,0,00,1,
4515,00682,2022-05-25 15:19:50,25.49599,-103.37944,0,00,1,
4515,00682,2022-05-25 15:20:20,25.49599,-103.37944,0,00,1,
4515,00682,2022-05-25 15:20:51,25.49599,-103.37944,0,00,1,
4515,00682,2022-05-25 15:21:21,25.49599,-103.37945,0,00,1,
4515,00682,2022-05-25 15:21:51,25.49599,-103.37946,0,00,1,
4515,00682,2022-05-25 15:22:22,25.49599,-103.37946,0,00,1,
4515,00682,2022-05-25 15:22:52,25.49599,-103.37946,0,00,1,
4515,00682,2022-05-25 15:23:22,25.49599,-103.37946,0,00,1,
4515,00682,2022-05-25 15:23:53,25.496,-103.37946,0,00,1,
4515,00682,2022-05-25 15:24:18,25.49601,-103.37945,0,00,1,
4515,00682,2022-05-25 15:24:49,25.49602,-103.37945,0,00,1,
4515,00682,2022-05-25 15:25:19,25.49602,-103.37945,0,00,1,
4515,00682,2022-05-25 15:25:49,25.49602,-103.37945,0,00,1,
4515,00682,2022-05-25 15:26:20,25.49602,-103.37944,0,00,1,
4515,00682,2022-05-25 15:26:50,25.49602,-103.37944,0,00,1,
4515,00682,2022-05-25 15:27:20,25.49602,-103.37944,0,00,1,
4515,00682,2022-05-25 15:27:51,25.49602,-103.37944,0,00,1,
4515,00682,2022-05-25 15:28:21,25.49605,-103.37962,11,00,1,
4515,00682,2022-05-25 15:28:51,25.49641,-103.37927,21,00,1,
4515,00682,2022-05-25 15:29:17,25.49654,-103.37826,0,00,1,
4515,00682,2022-05-25 15:29:47,25.49655,-103.37827,0,00,1,
4515,00682,2022-05-25 15:30:17,25.49655,-103.37827,0,00,1,
4515,00682,2022-05-25 15:30:48,25.49656,-103.37827,0,00,1,
4515,00682,2022-05-25 15:31:18,25.49656,-103.37827,0,00,1,
4515,00682,2022-05-25 15:31:48,25.49656,-103.37827,0,00,1,
4515,00682,2022-05-25 15:32:19,25.49657,-103.37827,0,00,1,
4515,00682,2022-05-25 15:32:49,25.49657,-103.37827,0,00,1,
4515,00682,2022-05-25 15:33:19,25.49657,-103.37827,0,00,1,
4515,00682,2022-05-25 15:33:50,25.49657,-103.37828,0,00,1,
4515,00682,2022-05-25 15:34:15,25.49657,-103.37826,0,00,1,
4515,00682,2022-05-25 15:34:46,25.49657,-103.37826,0,00,1,
4515,00682,2022-05-25 15:35:16,25.49656,-103.37826,0,00,1,
4515,00682,2022-05-25 15:35:46,25.49655,-103.37825,0,00,1,
4515,00682,2022-05-25 15:36:17,25.49655,-103.37825,0,00,1,
4515,00682,2022-05-25 15:36:47,25.49654,-103.37825,0,00,1,
4515,00682,2022-05-25 15:37:17,25.49654,-103.37825,0,00,1,
4515,00682,2022-05-25 15:37:48,25.49654,-103.37824,0,00,1,
4515,00682,2022-05-25 15:38:18,25.49654,-103.37825,0,00,1,
4515,00682,2022-05-25 15:38:44,25.49656,-103.37817,2,00,1,
4515,00682,2022-05-25 15:39:14,25.49665,-103.37881,16,00,1,
4515,00683,2022-05-25 15:39:35,25.49661,-103.37924,0,04,1,
4515,00683,2022-05-25 15:40:05,25.49674,-103.37993,0,04,1,
4515,00683,2022-05-25 15:40:36,25.49735,-103.381,41,04,1,
4515,00683,2022-05-25 15:41:01,25.49903,-103.38403,53,04,1,
4515,00683,2022-05-25 15:41:31,25.5011,-103.38775,50,04,1,
4515,00683,2022-05-25 15:42:02,25.50213,-103.38974,39,04,1,
4515,00683,2022-05-25 15:42:32,25.50352,-103.3914,18,04,1,
4515,00683,2022-05-25 15:43:02,25.50526,-103.39003,33,04,1,
4515,00683,2022-05-25 15:43:33,25.50473,-103.38853,9,04,1,
4515,00683,2022-05-25 15:44:03,25.50392,-103.38729,13,04,1,
4515,00683,2022-05-25 15:44:33,25.5036,-103.38678,0,04,1,
4515,00683,2022-05-25 15:45:04,25.50247,-103.385,30,04,1,
4515,00683,2022-05-25 15:45:34,25.50117,-103.383,5,04,1,
4515,00683,2022-05-25 15:45:59,25.50094,-103.38264,10,04,1,
4515,00683,2022-05-25 15:46:30,25.50219,-103.38147,7,04,1,
4515,00683,2022-05-25 15:47:00,25.50295,-103.3809,25,04,1,
4515,00683,2022-05-25 15:47:30,25.50393,-103.38057,19,04,1,
4515,00683,2022-05-25 15:48:01,25.50442,-103.38201,0,04,1,
4515,00683,2022-05-25 15:48:31,25.50573,-103.38112,26,04,1,
4515,00683,2022-05-25 15:49:02,25.50738,-103.37994,13,04,1,
4515,00683,2022-05-25 15:49:32,25.5085,-103.38171,28,04,1,
4515,00683,2022-05-25 15:50:02,25.50937,-103.38321,15,04,1,
4515,00683,2022-05-25 15:50:33,25.50718,-103.38489,34,04,1,
4515,00683,2022-05-25 15:50:58,25.50679,-103.38518,4,04,1,
4515,00683,2022-05-25 15:51:28,25.50672,-103.38565,24,04,1,
4515,00683,2022-05-25 15:51:59,25.50767,-103.38709,15,04,1,
4515,00683,2022-05-25 15:52:29,25.50838,-103.38822,13,04,1,
4515,00683,2022-05-25 15:53:00,25.50958,-103.39009,22,04,1,
4515,00683,2022-05-25 15:53:30,25.51055,-103.39162,40,04,1,
4515,00683,2022-05-25 15:54:01,25.51191,-103.39373,43,04,1,
4515,00683,2022-05-25 15:54:31,25.51272,-103.39447,0,04,1,
4515,00683,2022-05-25 15:55:01,25.5127,-103.39448,0,04,1,
4515,00683,2022-05-25 15:55:27,25.5127,-103.39448,0,04,1,
4515,00683,2022-05-25 15:55:57,25.5127,-103.39447,0,04,1,
4515,00683,2022-05-25 15:56:28,25.51277,-103.39443,13,04,1,
4515,00683,2022-05-25 15:56:58,25.51425,-103.39406,19,04,1,
4515,00683,2022-05-25 15:57:28,25.51514,-103.39406,29,04,1,
4515,00683,2022-05-25 15:57:59,25.51737,-103.39403,0,04,1,
4515,00683,2022-05-25 15:58:29,25.51735,-103.39402,0,04,1,
4515,00683,2022-05-25 15:59:00,25.51737,-103.39402,8,04,1,
4515,00683,2022-05-25 15:59:30,25.51955,-103.39401,36,04,1,
4515,00683,2022-05-25 15:59:55,25.52132,-103.394,36,04,1,
4515,00683,2022-05-25 16:00:26,25.5242,-103.39398,37,04,1,
4515,00683,2022-05-25 16:00:56,25.52653,-103.39395,36,04,1,
4515,00683,2022-05-25 16:01:27,25.52811,-103.39392,27,04,1,
4515,00683,2022-05-25 16:01:57,25.53014,-103.39393,40,04,1,
4515,00683,2022-05-25 16:02:28,25.53178,-103.3939,13,04,1,
4515,00683,2022-05-25 16:02:58,25.53425,-103.39383,8,04,1,
4515,00683,2022-05-25 16:03:28,25.53476,-103.39383,0,04,1,
4515,00683,2022-05-25 16:03:59,25.53527,-103.39393,23,04,1,
4515,00683,2022-05-25 16:04:29,25.5354,-103.39567,0,04,1,
4515,00683,2022-05-25 16:04:54,25.53537,-103.39761,41,04,1,
4515,00683,2022-05-25 16:05:25,25.53537,-103.40131,33,04,1,
4515,00683,2022-05-25 16:05:55,25.53539,-103.40416,40,04,1,
4515,00683,2022-05-25 16:06:26,25.53549,-103.40483,0,04,1,
4515,00683,2022-05-25 16:06:56,25.53553,-103.40514,26,04,1,
4515,00683,2022-05-25 16:07:26,25.5356,-103.40725,9,04,1,
4515,00683,2022-05-25 16:07:57,25.5356,-103.4098,39,04,1,
4515,00683,2022-05-25 16:08:27,25.53561,-103.4116,38,04,1,
4515,00683,2022-05-25 16:08:57,25.53563,-103.41388,0,04,1,
4515,00683,2022-05-25 16:09:28,25.53563,-103.41387,0,04,1,
4515,00683,2022-05-25 16:09:53,25.53564,-103.41493,21,04,1,
4515,00683,2022-05-25 16:10:24,25.53564,-103.41755,32,04,1,
4515,00683,2022-05-25 16:10:54,25.53559,-103.41803,13,04,1,
4515,00683,2022-05-25 16:11:24,25.53563,-103.41993,0,04,1,
4515,00683,2022-05-25 16:11:55,25.53564,-103.42116,30,04,1,
4515,00683,2022-05-25 16:12:25,25.53568,-103.42233,0,04,1,
4515,00683,2022-05-25 16:12:56,25.53567,-103.42405,47,04,1,
4515,00683,2022-05-25 16:13:26,25.53571,-103.42855,32,04,1,
4515,00683,2022-05-25 16:13:56,25.53573,-103.42889,0,04,1,
4515,00683,2022-05-25 16:14:27,25.53573,-103.42922,28,04,1,
4515,00683,2022-05-25 16:14:52,25.53575,-103.43263,58,04,1,
4515,00683,2022-05-25 16:15:22,25.53579,-103.43422,0,04,1,
4515,00683,2022-05-25 16:15:53,25.53579,-103.43448,26,04,1,
4515,00683,2022-05-25 16:16:23,25.53578,-103.4365,18,04,1,
4515,00683,2022-05-25 16:16:53,25.53579,-103.44009,54,04,1,
4515,00683,2022-05-25 16:17:24,25.53582,-103.44413,27,04,1,
4515,00683,2022-05-25 16:17:54,25.53582,-103.44516,13,04,1,
4515,00683,2022-05-25 16:18:25,25.53581,-103.44628,29,04,1,
4515,00683,2022-05-25 16:18:55,25.53583,-103.44823,0,04,1,
4515,00683,2022-05-25 16:19:20,25.53581,-103.44821,0,04,1,
4515,00683,2022-05-25 16:19:51,25.53581,-103.44822,0,04,1,
4515,00683,2022-05-25 16:20:21,25.53583,-103.44926,36,04,1,
4515,00683,2022-05-25 16:20:52,25.53585,-103.45075,12,04,1,
4515,00683,2022-05-25 16:21:22,25.53583,-103.45352,31,04,1,
4515,00683,2022-05-25 16:21:52,25.53586,-103.45615,23,04,1,
4515,00683,2022-05-25 16:22:23,25.53588,-103.45725,32,04,1,
4515,00683,2022-05-25 16:22:53,25.5359,-103.45794,18,04,1,
4515,00683,2022-05-25 16:23:24,25.53583,-103.46083,35,04,1,
4515,00683,2022-05-25 16:23:54,25.53538,-103.46283,35,04,1,
4515,00683,2022-05-25 16:24:19,25.53494,-103.46509,18,04,1,
4515,00683,2022-05-25 16:24:50,25.53665,-103.4655,27,04,1,
4515,00683,2022-05-25 16:25:20,25.53727,-103.4656,0,04,1,
4515,00683,2022-05-25 16:25:50,25.53726,-103.46557,0,04,1,
4515,00683,2022-05-25 16:26:21,25.53733,-103.46562,13,04,1,
4515,00683,2022-05-25 16:26:51,25.53884,-103.46606,23,04,1,
4515,00683,2022-05-25 16:27:22,25.54074,-103.46667,25,04,1,
4515,00683,2022-05-25 16:27:52,25.54161,-103.46735,0,04,1,
4515,00683,2022-05-25 16:28:22,25.5416,-103.46735,0,04,1,
4515,00683,2022-05-25 16:28:48,25.54159,-103.46736,0,04,1,
4515,00683,2022-05-25 16:29:18,25.5416,-103.46736,0,04,1,
4515,00683,2022-05-25 16:29:49,25.54093,-103.4678,27,04,1,
4515,00683,2022-05-25 16:30:19,25.54038,-103.46765,0,04,1,
4515,00683,2022-05-25 16:30:50,25.53958,-103.46743,29,04,1,
4515,00683,2022-05-25 16:31:20,25.53769,-103.4669,25,04,1,
4515,00683,2022-05-25 16:31:50,25.53722,-103.46681,0,04,1,
4515,00683,2022-05-25 16:32:21,25.53723,-103.46682,0,04,1,
4515,00683,2022-05-25 16:32:51,25.53722,-103.46679,5,04,1,
4515,00683,2022-05-25 16:33:16,25.5366,-103.4666,16,04,1,
4515,00683,2022-05-25 16:33:47,25.53631,-103.46652,0,04,1,
4515,00683,2022-05-25 16:34:17,25.5363,-103.46653,0,04,1,
4515,00683,2022-05-25 16:34:48,25.53628,-103.46653,1,04,1,
4515,00683,2022-05-25 16:35:18,25.5352,-103.46614,0,04,1,
4515,00683,2022-05-25 16:35:49,25.53521,-103.46614,0,04,1,
4515,00683,2022-05-25 16:36:19,25.53481,-103.46485,36,04,1,
4515,00683,2022-05-25 16:36:49,25.53543,-103.46203,28,04,1,
4515,00683,2022-05-25 16:37:20,25.53566,-103.461,1,04,1,
4515,00683,2022-05-25 16:37:49,25.53577,-103.4592,0,04,1,
4515,00683,2022-05-25 16:38:15,25.53576,-103.45804,27,04,1,
4515,00683,2022-05-25 16:38:46,25.53576,-103.45521,29,04,1,
4515,00683,2022-05-25 16:39:16,25.53577,-103.45248,40,04,1,
4515,00683,2022-05-25 16:39:47,25.5357,-103.44972,6,04,1,
4515,00683,2022-05-25 16:40:17,25.53569,-103.4497,4,04,1,
4515,00683,2022-05-25 16:40:47,25.53569,-103.44921,4,04,1,
4515,00683,2022-05-25 16:41:18,25.53568,-103.44921,0,04,1,
4515,00683,2022-05-25 16:41:48,25.53568,-103.44921,0,04,1,
4515,00683,2022-05-25 16:42:19,25.53569,-103.4488,14,04,1,
4515,00683,2022-05-25 16:42:44,25.53571,-103.44681,50,04,1,
4515,00683,2022-05-25 16:43:14,25.53569,-103.44471,39,04,1,
4515,00683,2022-05-25 16:43:45,25.53566,-103.44267,0,04,1,
4515,00683,2022-05-25 16:44:15,25.53566,-103.44268,0,04,1,
4515,00683,2022-05-25 16:44:46,25.53567,-103.44189,29,04,1,
4515,00683,2022-05-25 16:45:16,25.53565,-103.43857,43,04,1,
4515,00683,2022-05-25 16:45:47,25.53562,-103.4363,0,04,1,
4515,00683,2022-05-25 16:46:17,25.53561,-103.4348,40,04,1,
4515,00683,2022-05-25 16:46:47,25.53559,-103.43389,0,04,1,
4515,00683,2022-05-25 16:47:13,25.5356,-103.43306,33,04,1,
4515,00683,2022-05-25 16:47:43,25.53558,-103.42977,17,04,1,
4515,00683,2022-05-25 16:48:14,25.53559,-103.42915,24,04,1,
4515,00683,2022-05-25 16:48:44,25.53557,-103.4259,28,04,1,
4515,00683,2022-05-25 16:49:14,25.53559,-103.42511,9,04,1,
4515,00683,2022-05-25 16:49:45,25.53554,-103.42445,31,04,1,
4515,00683,2022-05-25 16:50:15,25.53554,-103.42229,26,04,1,
4515,00683,2022-05-25 16:50:45,25.53555,-103.42198,0,04,1,
4515,00683,2022-05-25 16:51:16,25.53556,-103.42142,7,04,1,
4515,00683,2022-05-25 16:51:46,25.53556,-103.4207,17,04,1,
4515,00683,2022-05-25 16:52:16,25.53554,-103.41967,30,04,1,
4515,00683,2022-05-25 16:52:46,25.53552,-103.41868,0,04,1,
4515,00683,2022-05-25 16:53:12,25.53553,-103.41864,1,04,1,
4515,00683,2022-05-25 16:53:42,25.53554,-103.41659,36,04,1,
4515,00683,2022-05-25 16:54:13,25.53549,-103.4128,46,04,1,
4515,00683,2022-05-25 16:54:43,25.53546,-103.41006,30,04,1,
4515,00683,2022-05-25 16:55:14,25.53528,-103.40717,5,04,1,
4515,00683,2022-05-25 16:55:44,25.53533,-103.40537,46,04,1,
4515,00683,2022-05-25 16:56:14,25.53516,-103.40294,23,04,1,
4515,00683,2022-05-25 16:56:45,25.53513,-103.39959,47,04,1,
4515,00683,2022-05-25 16:57:15,25.5351,-103.39631,1,04,1,
4515,00683,2022-05-25 16:57:40,25.53493,-103.39608,20,04,1,
4515,00683,2022-05-25 16:58:11,25.53472,-103.39612,0,04,1,
4515,00683,2022-05-25 16:58:41,25.53471,-103.39611,0,04,1,
4515,00683,2022-05-25 16:59:12,25.53459,-103.39612,6,04,1,
4515,00683,2022-05-25 16:59:42,25.5331,-103.39611,30,04,1,
4515,00683,2022-05-25 17:00:12,25.53083,-103.39614,0,04,1,
4515,00683,2022-05-25 17:00:43,25.52949,-103.39613,28,04,1,
4515,00683,2022-05-25 17:01:13,25.52789,-103.39617,15,04,1,
4515,00683,2022-05-25 17:01:44,25.52531,-103.39617,38,04,1,
4515,00683,2022-05-25 17:02:09,25.5241,-103.39618,23,04,1,
4515,00683,2022-05-25 17:02:39,25.52247,-103.39619,0,04,1,
4515,00683,2022-05-25 17:03:10,25.52212,-103.3962,0,04,1,
4515,00683,2022-05-25 17:03:40,25.52065,-103.39619,33,04,1,
4515,00683,2022-05-25 17:04:11,25.5176,-103.39612,21,04,1,
4515,00683,2022-05-25 17:04:41,25.51756,-103.39375,29,04,1,
4515,00683,2022-05-25 17:05:11,25.51754,-103.39185,0,04,1,
4515,00683,2022-05-25 17:05:42,25.51752,-103.38997,2,04,1,
4515,00683,2022-05-25 17:06:12,25.51752,-103.38998,0,04,1,
4515,00683,2022-05-25 17:06:42,25.51752,-103.38998,0,04,1,
4515,00683,2022-05-25 17:07:08,25.51669,-103.39049,43,04,1,
4515,00683,2022-05-25 17:07:38,25.51537,-103.3919,2,04,1,
4515,00683,2022-05-25 17:08:09,25.51336,-103.39405,40,04,1,
4515,00683,2022-05-25 17:08:39,25.51302,-103.39447,0,04,1,
4515,00683,2022-05-25 17:09:10,25.51303,-103.39446,0,04,1,
4515,00683,2022-05-25 17:09:40,25.51303,-103.39445,0,04,1,
4515,00683,2022-05-25 17:10:10,25.51234,-103.39512,38,04,1,
4515,00683,2022-05-25 17:10:41,25.50968,-103.39792,46,04,1,
4515,00683,2022-05-25 17:11:11,25.50809,-103.39962,0,04,1,
4515,00683,2022-05-25 17:11:41,25.50665,-103.40128,41,04,1,
4515,00683,2022-05-25 17:12:07,25.50468,-103.40364,41,04,1,
4515,00683,2022-05-25 17:12:37,25.50371,-103.40478,30,04,1,
4515,00683,2022-05-25 17:13:08,25.50096,-103.4069,48,04,1,
4515,00683,2022-05-25 17:13:38,25.49822,-103.40938,43,04,1,
4515,00683,2022-05-25 17:14:09,25.49723,-103.41019,9,04,1,
4515,00683,2022-05-25 17:14:39,25.49634,-103.41062,19,04,1,
4515,00683,2022-05-25 17:15:09,25.49556,-103.4093,13,04,1,
4515,00683,2022-05-25 17:15:40,25.49699,-103.40772,30,04,1,
4515,00683,2022-05-25 17:16:10,25.4967,-103.40593,9,04,1,
4515,00683,2022-05-25 17:16:35,25.49556,-103.40473,29,04,1,
4515,00683,2022-05-25 17:17:06,25.4936,-103.40257,18,04,1,
4515,00683,2022-05-25 17:17:36,25.49293,-103.40334,26,04,1,
4515,00683,2022-05-25 17:18:06,25.49186,-103.40457,12,04,1,
4515,00683,2022-05-25 17:18:37,25.49173,-103.40466,0,04,1,
4515,00683,2022-05-25 17:19:02,25.49168,-103.40457,0,00,1,
4515,00683,2022-05-25 17:19:33,25.49167,-103.40459,0,00,1,
4515,00683,2022-05-25 17:20:03,25.49166,-103.4046,0,00,1,
4515,00683,2022-05-25 17:20:29,25.49165,-103.4046,0,00,1,
4515,00683,2022-05-25 17:20:59,25.49164,-103.4046,0,00,1,
4515,00683,2022-05-25 17:21:29,25.49163,-103.40461,0,00,1,
4515,00683,2022-05-25 17:22:00,25.49161,-103.40462,0,00,1,
4515,00683,2022-05-25 17:22:31,25.49162,-103.40461,0,00,1,
4515,00683,2022-05-25 17:23:01,25.49162,-103.4046,0,00,1,
4515,00683,2022-05-25 17:23:32,25.49163,-103.40461,0,00,1,
4515,00683,2022-05-25 17:24:02,25.49164,-103.40461,0,00,1,
4515,00683,2022-05-25 17:24:27,25.49165,-103.40461,0,00,1,
4515,00683,2022-05-25 17:24:58,25.49165,-103.4046,0,00,1,
4515,00683,2022-05-25 17:25:28,25.49165,-103.4046,0,00,1,
4515,00683,2022-05-25 17:25:59,25.49166,-103.4046,0,00,1,
4515,00683,2022-05-25 17:26:29,25.49165,-103.4046,0,00,1,
4515,00683,2022-05-25 17:27:00,25.49166,-103.4046,0,00,1,
4515,00683,2022-05-25 17:27:30,25.49166,-103.40459,0,00,1,
4515,00683,2022-05-25 17:28:00,25.49167,-103.40459,0,00,1,
4515,00683,2022-05-25 17:28:31,25.49167,-103.40458,0,00,1,
4515,00683,2022-05-25 17:29:01,25.49167,-103.40459,0,00,1,
4515,00683,2022-05-25 17:29:26,25.49167,-103.40459,0,00,1,
4515,00683,2022-05-25 17:29:57,25.49167,-103.4046,0,00,1,
4515,00683,2022-05-25 17:30:27,25.49167,-103.4046,0,00,1,
4515,00683,2022-05-25 17:30:57,25.49167,-103.4046,0,00,1,
4515,00683,2022-05-25 17:31:28,25.49166,-103.4046,0,00,1,
4515,00683,2022-05-25 17:31:58,25.49166,-103.40459,0,00,1,
4515,00683,2022-05-25 17:32:29,25.49165,-103.40458,0,00,1,
4515,00683,2022-05-25 17:32:59,25.49165,-103.40459,0,00,1,
4515,00683,2022-05-25 17:33:30,25.49167,-103.40458,0,00,1,
4515,00683,2022-05-25 17:33:58,25.49168,-103.40458,0,00,1,
4515,00683,2022-05-25 17:34:25,25.49168,-103.40458,0,00,1,
4515,00683,2022-05-25 17:34:55,25.49168,-103.40458,0,00,1,
4515,00683,2022-05-25 17:35:26,25.49168,-103.40458,0,00,1,
4515,00683,2022-05-25 17:35:56,25.49169,-103.40457,0,00,1,
4515,00683,2022-05-25 17:36:27,25.49169,-103.40458,0,00,1,
4515,00683,2022-05-25 17:36:57,25.49169,-103.40458,0,00,1,
4515,00683,2022-05-25 17:37:27,25.49169,-103.40458,0,00,1,
4515,00683,2022-05-25 17:37:58,25.49169,-103.40458,0,00,1,
4515,00683,2022-05-25 17:38:24,25.49169,-103.40458,0,00,1,
4515,00683,2022-05-25 17:38:54,25.4917,-103.40458,0,00,1,
4515,00683,2022-05-25 17:39:24,25.4917,-103.40458,0,00,1,
4515,00683,2022-05-25 17:39:55,25.49169,-103.40459,0,00,1,
4515,00683,2022-05-25 17:40:25,25.49169,-103.40458,0,00,1,
4515,00683,2022-05-25 17:40:56,25.49169,-103.40459,0,00,1,
4515,00683,2022-05-25 17:41:26,25.49169,-103.40458,0,00,1,
4515,00683,2022-05-25 17:41:56,25.49168,-103.40459,0,00,1,
4515,00683,2022-05-25 17:42:27,25.49168,-103.40458,0,00,1,
4515,00683,2022-05-25 17:42:57,25.49167,-103.40458,0,00,1,
4515,00683,2022-05-25 17:43:23,25.49167,-103.40458,0,00,1,
4515,00683,2022-05-25 17:43:53,25.49167,-103.40458,0,00,1,
4515,00683,2022-05-25 17:44:24,25.49166,-103.40459,0,00,1,
4515,00683,2022-05-25 17:44:55,25.49166,-103.40459,0,00,1,
4515,00683,2022-05-25 17:45:25,25.49165,-103.4046,0,00,1,
4515,00683,2022-05-25 17:45:55,25.49165,-103.4046,0,00,1,
4515,00683,2022-05-25 17:46:26,25.49164,-103.4046,0,00,1,
4515,00683,2022-05-25 17:46:56,25.49166,-103.4046,0,00,1,
4515,00683,2022-05-25 17:47:22,25.49166,-103.4046,0,00,1,
4515,00683,2022-05-25 17:47:52,25.49167,-103.40459,0,00,1,
4515,00683,2022-05-25 17:48:22,25.49167,-103.40459,0,00,1,
4515,00683,2022-05-25 17:48:52,25.49168,-103.40459,0,00,1,
4515,00684,2022-05-25 17:56:26,0,0,0,04,0,
4515,00684,2022-05-25 17:56:37,25.49158,-103.40375,0,04,1,
4515,00684,2022-05-25 17:57:02,25.49273,-103.4035,3,04,1,
4515,00684,2022-05-25 17:57:33,25.49358,-103.40255,1,04,1,
4515,00684,2022-05-25 17:58:03,25.49412,-103.40301,31,04,1,
4515,00684,2022-05-25 17:58:33,25.49515,-103.40419,29,04,1,
4515,00684,2022-05-25 17:59:04,25.49605,-103.40522,19,04,1,
4515,00684,2022-05-25 17:59:34,25.49709,-103.40659,0,04,1,
4515,00684,2022-05-25 18:00:04,25.4965,-103.40852,27,04,1,
4515,00684,2022-05-25 18:00:35,25.49565,-103.40938,14,04,1,
4515,00684,2022-05-25 18:01:05,25.49713,-103.41009,34,04,1,
4515,00684,2022-05-25 18:01:35,25.49825,-103.40925,35,04,1,
4515,00684,2022-05-25 18:02:01,25.50034,-103.4076,33,04,1,
4515,00684,2022-05-25 18:02:31,25.50224,-103.40579,0,04,1,
4515,00684,2022-05-25 18:03:01,25.50345,-103.40483,43,04,1,
4515,00684,2022-05-25 18:03:32,25.50541,-103.40259,42,04,1,
4515,00684,2022-05-25 18:04:02,25.50699,-103.40069,0,04,1,
4515,00684,2022-05-25 18:04:33,25.50758,-103.39996,23,04,1,
4515,00684,2022-05-25 18:04:38,25.5078,-103.39971,27,04,1,
4515,00684,2022-05-25 18:05:03,25.50859,-103.39885,12,04,1,
4515,00684,2022-05-25 18:05:33,25.51057,-103.39679,40,04,1,
4515,00684,2022-05-25 18:06:04,25.51107,-103.39627,0,04,1,
4515,00684,2022-05-25 18:06:34,25.51208,-103.39522,17,04,1,
4515,00684,2022-05-25 18:07:04,25.51275,-103.39446,0,04,1,
4515,00684,2022-05-25 18:07:34,25.51274,-103.39446,0,04,1,
4515,00684,2022-05-25 18:08:05,25.51274,-103.39446,0,04,1,
4515,00684,2022-05-25 18:08:35,25.51325,-103.39407,0,04,1,
4515,00684,2022-05-25 18:09:01,25.51383,-103.39401,5,04,1,
4515,00684,2022-05-25 18:09:32,25.5145,-103.39405,0,04,1,
4515,00684,2022-05-25 18:10:02,25.5145,-103.39405,0,04,1,
4515,00684,2022-05-25 18:10:28,25.51609,-103.39404,44,04,1,
4515,00684,2022-05-25 18:10:58,25.51843,-103.39402,34,04,1,
4515,00684,2022-05-25 18:11:28,25.52058,-103.394,25,04,1,
4515,00684,2022-05-25 18:11:59,25.52261,-103.39398,24,04,1,
4515,00684,2022-05-25 18:12:29,25.52467,-103.39395,19,04,1,
4515,00684,2022-05-25 18:12:59,25.52608,-103.39395,35,04,1,
4515,00684,2022-05-25 18:13:30,25.5274,-103.39394,11,04,1,
4515,00684,2022-05-25 18:14:00,25.52957,-103.39392,35,04,1,
4515,00684,2022-05-25 18:14:30,25.5315,-103.3939,18,04,1,
4515,00684,2022-05-25 18:15:01,25.53389,-103.39382,30,04,1,
4515,00684,2022-05-25 18:15:26,25.53415,-103.39383,6,04,1,
4515,00684,2022-05-25 18:15:56,25.53539,-103.39492,30,04,1,
4515,00684,2022-05-25 18:16:26,25.5354,-103.39688,37,04,1,
4515,00684,2022-05-25 18:16:57,25.5354,-103.40076,51,04,1,
4515,00684,2022-05-25 18:17:27,25.53549,-103.40466,46,04,1,
4515,00684,2022-05-25 18:17:57,25.53563,-103.40758,0,04,1,
4515,00684,2022-05-25 18:18:28,25.53564,-103.40986,36,04,1,
4515,00684,2022-05-25 18:18:58,25.53565,-103.4125,31,04,1,
4515,00684,2022-05-25 18:19:29,25.53567,-103.41376,17,04,1,
4515,00684,2022-05-25 18:19:59,25.53566,-103.41508,0,04,1,
4515,00684,2022-05-25 18:20:29,25.53565,-103.41507,0,04,1,
4515,00684,2022-05-25 18:20:56,25.53565,-103.41506,0,04,1,
4515,00684,2022-05-25 18:21:25,25.53567,-103.41674,40,04,1,
4515,00684,2022-05-25 18:21:55,25.53569,-103.41833,0,04,1,
4515,00684,2022-05-25 18:22:25,25.53568,-103.41954,26,04,1,
4515,00684,2022-05-25 18:22:56,25.5357,-103.42181,35,04,1,
4515,00684,2022-05-25 18:23:26,25.53571,-103.42342,29,04,1,
4515,00684,2022-05-25 18:23:56,25.53573,-103.42468,11,04,1,
4515,00684,2022-05-25 18:24:27,25.53574,-103.42756,39,04,1,
4515,00684,2022-05-25 18:24:57,25.53574,-103.42889,0,04,1,
4515,00684,2022-05-25 18:25:27,25.53573,-103.42889,0,04,1,
4515,00684,2022-05-25 18:25:58,25.53575,-103.43022,41,04,1,
4515,00684,2022-05-25 18:26:23,25.53576,-103.43214,39,04,1,
4515,00684,2022-05-25 18:26:53,25.53579,-103.43401,0,04,1,
4515,00684,2022-05-25 18:27:24,25.53581,-103.43591,25,04,1,
4515,00684,2022-05-25 18:27:54,25.5358,-103.43674,28,04,1,
4515,00684,2022-05-25 18:28:24,25.5358,-103.43959,23,04,1,
4515,00684,2022-05-25 18:28:55,25.5358,-103.44094,28,04,1,
4515,00684,2022-05-25 18:29:25,25.53583,-103.44458,41,04,1,
4515,00684,2022-05-25 18:29:55,25.53584,-103.44526,0,04,1,
4515,00684,2022-05-25 18:30:26,25.53586,-103.4468,32,04,1,
4515,00684,2022-05-25 18:30:56,25.53588,-103.44828,0,04,1,
4515,00684,2022-05-25 18:31:25,25.53587,-103.44826,0,04,1,
4515,00684,2022-05-25 18:31:52,25.53587,-103.44825,0,04,1,
4515,00684,2022-05-25 18:32:22,25.53588,-103.44939,34,04,1,
4515,00684,2022-05-25 18:32:52,25.53587,-103.45317,41,04,1,
4515,00684,2022-05-25 18:33:23,25.53588,-103.45531,43,04,1,
4515,00684,2022-05-25 18:33:53,25.53592,-103.45655,0,04,1,
4515,00684,2022-05-25 18:34:24,25.5359,-103.45754,38,04,1,
4515,00684,2022-05-25 18:34:54,25.53594,-103.45964,0,04,1,
4515,00684,2022-05-25 18:35:24,25.53571,-103.46153,35,04,1,
4515,00684,2022-05-25 18:35:55,25.53509,-103.46435,31,04,1,
4515,00684,2022-05-25 18:36:25,25.53542,-103.46519,0,04,1,
4515,00684,2022-05-25 18:36:50,25.5363,-103.46543,24,04,1,
4515,00684,2022-05-25 18:37:20,25.53731,-103.46569,0,04,1,
4515,00684,2022-05-25 18:37:51,25.53731,-103.4657,0,04,1,
4515,00684,2022-05-25 18:38:21,25.53738,-103.4657,13,04,1,
4515,00684,2022-05-25 18:38:51,25.53928,-103.46624,26,04,1,
4515,00684,2022-05-25 18:39:22,25.54118,-103.4668,0,04,1,
4515,00684,2022-05-25 18:39:52,25.54165,-103.46721,5,04,1,
4515,00684,2022-05-25 18:40:22,25.5407,-103.46774,15,04,1,
4515,00684,2022-05-25 18:40:53,25.53998,-103.46756,3,04,1,
4515,00684,2022-05-25 18:41:23,25.54002,-103.46756,0,04,1,
4515,00684,2022-05-25 18:41:53,25.54002,-103.46757,0,04,1,
4515,00684,2022-05-25 18:42:19,25.54002,-103.46756,0,04,1,
4515,00684,2022-05-25 18:42:49,25.53914,-103.46729,27,04,1,
4515,00684,2022-05-25 18:43:19,25.5382,-103.46706,0,04,1,
4515,00684,2022-05-25 18:43:50,25.53821,-103.46705,0,04,1,
4515,00684,2022-05-25 18:44:20,25.53821,-103.46707,0,04,1,
4515,00684,2022-05-25 18:44:51,25.53777,-103.46695,21,04,1,
4515,00684,2022-05-25 18:45:21,25.53641,-103.46657,12,04,1,
4515,00684,2022-05-25 18:45:51,25.53552,-103.4663,3,04,1,
4515,00684,2022-05-25 18:46:22,25.53507,-103.46596,21,04,1,
4515,00684,2022-05-25 18:46:52,25.53511,-103.4635,38,04,1,
4515,00684,2022-05-25 18:47:18,25.53563,-103.46119,21,04,1,
4515,00684,2022-05-25 18:47:47,25.53578,-103.45957,26,04,1,
4515,00684,2022-05-25 18:48:18,25.53576,-103.45926,0,04,1,
4515,00684,2022-05-25 18:48:48,25.53576,-103.45868,28,04,1,
4515,00684,2022-05-25 18:49:19,25.53576,-103.45634,27,04,1,
4515,00684,2022-05-25 18:49:49,25.53576,-103.45376,31,04,1,
4515,00684,2022-05-25 18:50:19,25.53576,-103.45236,28,04,1,
4515,00684,2022-05-25 18:50:50,25.53573,-103.45053,22,04,1,
4515,00684,2022-05-25 18:51:20,25.5357,-103.44941,0,04,1,
4515,00684,2022-05-25 18:51:50,25.53569,-103.44942,0,04,1,
4515,00684,2022-05-25 18:52:21,25.53569,-103.4489,19,04,1,
4515,00684,2022-05-25 18:52:46,25.53569,-103.44685,40,04,1,
4515,00684,2022-05-25 18:53:16,25.53568,-103.44586,1,04,1,
4515,00684,2022-05-25 18:53:47,25.53568,-103.44564,0,04,1,
4515,00684,2022-05-25 18:54:17,25.53569,-103.44493,35,04,1,
4515,00684,2022-05-25 18:54:47,25.53569,-103.44293,32,04,1,
4515,00684,2022-05-25 18:55:18,25.53567,-103.44085,30,04,1,
4515,00684,2022-05-25 18:55:48,25.53564,-103.43755,37,04,1,
4515,00684,2022-05-25 18:56:18,25.53563,-103.43684,0,04,1,
4515,00684,2022-05-25 18:56:49,25.53562,-103.43654,0,04,1,
4515,00684,2022-05-25 18:57:19,25.53564,-103.43635,2,04,1,
4515,00684,2022-05-25 18:57:44,25.53561,-103.43403,31,04,1,
4515,00684,2022-05-25 18:58:15,25.53561,-103.43252,33,04,1,
4515,00684,2022-05-25 18:58:45,25.53564,-103.42976,14,04,1,
4515,00684,2022-05-25 18:59:15,25.53565,-103.42911,31,04,1,
4515,00684,2022-05-25 18:59:46,25.53559,-103.4256,38,04,1,
4515,00684,2022-05-25 19:00:16,25.53556,-103.42253,24,04,1,
4515,00684,2022-05-25 19:00:46,25.53557,-103.4221,9,04,1,
4515,00684,2022-05-25 19:01:17,25.53558,-103.42082,8,04,1,
4515,00684,2022-05-25 19:01:47,25.53557,-103.41993,26,04,1,
4515,00684,2022-05-25 19:02:17,25.53555,-103.4189,7,04,1,
4515,00684,2022-05-25 19:02:48,25.53555,-103.41889,0,04,1,
4515,00684,2022-05-25 19:03:13,25.53556,-103.41769,37,04,1,
4515,00684,2022-05-25 19:03:43,25.53553,-103.41557,0,04,1,
4515,00684,2022-05-25 19:04:14,25.53553,-103.41559,0,04,1,
4515,00684,2022-05-25 19:04:44,25.53554,-103.41547,8,04,1,
4515,00684,2022-05-25 19:05:14,25.53552,-103.41239,48,04,1,
4515,00684,2022-05-25 19:05:45,25.53544,-103.40943,41,04,1,
4515,00684,2022-05-25 19:06:15,25.53529,-103.40718,0,04,1,
4515,00684,2022-05-25 19:06:46,25.53531,-103.40702,0,04,1,
4515,00684,2022-05-25 19:07:16,25.53534,-103.40624,27,04,1,
4515,00684,2022-05-25 19:07:45,25.53522,-103.40405,0,04,1,
4515,00684,2022-05-25 19:08:12,25.53521,-103.40405,0,04,1,
4515,00684,2022-05-25 19:08:42,25.53515,-103.4017,48,04,1,
4515,00684,2022-05-25 19:09:13,25.53512,-103.39768,40,04,1,
4515,00684,2022-05-25 19:09:43,25.5348,-103.39609,0,04,1,
4515,00684,2022-05-25 19:10:13,25.53481,-103.39611,0,04,1,
4515,00684,2022-05-25 19:10:44,25.53481,-103.39613,0,04,1,
4515,00684,2022-05-25 19:11:14,25.53482,-103.39613,0,04,1,
4515,00684,2022-05-25 19:11:45,25.53482,-103.39613,0,04,1,
4515,00684,2022-05-25 19:12:15,25.53463,-103.39612,20,04,1,
4515,00684,2022-05-25 19:12:43,25.53267,-103.39612,34,04,1,
4515,00684,2022-05-25 19:13:11,25.53011,-103.39614,25,04,1,
4515,00684,2022-05-25 19:13:41,25.52916,-103.39614,3,04,1,
4515,00684,2022-05-25 19:14:11,25.52763,-103.39615,1,04,1,
4515,00684,2022-05-25 19:14:41,25.5256,-103.39616,33,04,1,
4515,00684,2022-05-25 19:15:12,25.52327,-103.39618,21,04,1,
4515,00684,2022-05-25 19:15:42,25.52279,-103.39618,1,04,1,
4515,00684,2022-05-25 19:16:12,25.52231,-103.39618,0,04,1,
4515,00684,2022-05-25 19:16:43,25.522,-103.3962,23,04,1,
4515,00684,2022-05-25 19:17:13,25.52003,-103.39615,41,04,1,
4515,00684,2022-05-25 19:17:43,25.5179,-103.39615,0,04,1,
4515,00684,2022-05-25 19:18:09,25.51791,-103.39615,0,04,1,
4515,00684,2022-05-25 19:18:39,25.51787,-103.39614,8,04,1,
4515,00684,2022-05-25 19:19:09,25.51759,-103.39501,37,04,1,
4515,00684,2022-05-25 19:19:40,25.51758,-103.39395,26,04,1,
4515,00684,2022-05-25 19:20:10,25.51756,-103.39044,40,04,1,
4515,00684,2022-05-25 19:20:40,25.51755,-103.39007,0,04,1,
4515,00684,2022-05-25 19:21:11,25.51695,-103.39024,37,04,1,
4515,00684,2022-05-25 19:21:41,25.51448,-103.39287,44,04,1,
4515,00684,2022-05-25 19:22:11,25.51302,-103.39447,0,04,1,
4515,00684,2022-05-25 19:22:42,25.51303,-103.39445,0,04,1,
4515,00684,2022-05-25 19:23:12,25.51304,-103.39444,0,04,1,
4515,00684,2022-05-25 19:23:37,25.51304,-103.39444,0,04,1,
4515,00684,2022-05-25 19:24:08,25.51303,-103.39445,0,04,1,
4515,00684,2022-05-25 19:24:38,25.51303,-103.39443,0,04,1,
4515,00684,2022-05-25 19:25:09,25.51264,-103.3947,0,04,1,
4515,00684,2022-05-25 19:25:39,25.51265,-103.39471,0,04,1,
4515,00684,2022-05-25 19:26:09,25.51265,-103.39471,0,04,1,
4515,00684,2022-05-25 19:26:40,25.51256,-103.39479,14,04,1,
4515,00684,2022-05-25 19:27:10,25.51162,-103.39349,16,04,1,
4515,00684,2022-05-25 19:27:40,25.51095,-103.39244,25,04,1,
4515,00684,2022-05-25 19:28:11,25.5101,-103.39111,0,04,1,
4515,00684,2022-05-25 19:28:36,25.50994,-103.39087,20,04,1,
4515,00684,2022-05-25 19:29:06,25.50895,-103.38934,0,04,1,
4515,00684,2022-05-25 19:29:36,25.50829,-103.3883,0,04,1,
4515,00684,2022-05-25 19:30:07,25.50758,-103.38718,28,04,1,
4515,00684,2022-05-25 19:30:37,25.50664,-103.38564,13,04,1,
4515,00684,2022-05-25 19:31:07,25.50662,-103.38561,0,04,1,
4515,00684,2022-05-25 19:31:38,25.50756,-103.3843,29,04,1,
4515,00684,2022-05-25 19:32:08,25.50857,-103.38353,30,04,1,
4515,00684,2022-05-25 19:32:39,25.50913,-103.38269,20,04,1,
4515,00684,2022-05-25 19:33:09,25.50829,-103.38141,14,04,1,
4515,00684,2022-05-25 19:33:39,25.50735,-103.37994,12,04,1,
4515,00684,2022-05-25 19:34:05,25.50594,-103.38097,9,04,1,
4515,00684,2022-05-25 19:34:35,25.50452,-103.3821,12,04,1,
4515,00684,2022-05-25 19:35:05,25.50369,-103.38053,0,04,1,
4515,00684,2022-05-25 19:35:36,25.50238,-103.38145,11,04,1,
4515,00684,2022-05-25 19:36:06,25.50096,-103.38259,13,04,1,
4515,00684,2022-05-25 19:36:36,25.50161,-103.38362,25,04,1,
4515,00684,2022-05-25 19:37:07,25.5023,-103.38469,31,04,1,
4515,00684,2022-05-25 19:37:37,25.50224,-103.38615,27,04,1,
4515,00684,2022-05-25 19:38:07,25.50125,-103.38691,8,04,1,
4515,00684,2022-05-25 19:38:37,25.50045,-103.38556,29,04,1,
4515,00684,2022-05-25 19:39:08,25.49947,-103.38382,18,04,1,
4515,00684,2022-05-25 19:39:33,25.49911,-103.38395,0,04,1,
4515,00684,2022-05-25 19:40:04,25.49902,-103.38399,15,04,1,
4515,00684,2022-05-25 19:40:34,25.49756,-103.3816,43,04,1,
4515,00684,2022-05-25 19:41:04,25.49654,-103.37996,0,04,1,
4515,00684,2022-05-25 19:41:35,25.49611,-103.37989,16,04,1,
4515,00684,2022-05-25 19:41:45,25.49605,-103.37973,0,00,1,
4515,00684,2022-05-25 19:42:15,25.49605,-103.37974,0,00,1,
4515,00684,2022-05-25 19:42:46,25.49606,-103.37974,0,00,1,
4515,00684,2022-05-25 19:43:16,25.49606,-103.37974,0,00,1,
4515,00684,2022-05-25 19:43:46,25.49606,-103.37975,0,00,1,
4515,00684,2022-05-25 19:44:12,25.49606,-103.37975,0,00,1,
4515,00684,2022-05-25 19:44:42,25.49606,-103.37975,0,00,1,
4515,00684,2022-05-25 19:45:12,25.49606,-103.37975,0,00,1,
4515,00684,2022-05-25 19:45:43,25.49606,-103.37975,0,00,1,
4515,00684,2022-05-25 19:46:13,25.49606,-103.37975,0,00,1,
4515,00684,2022-05-25 19:46:43,25.49605,-103.37975,0,00,1,
4515,00684,2022-05-25 19:47:14,25.49605,-103.37975,0,00,1,
4515,00684,2022-05-25 19:47:44,25.49605,-103.37975,0,00,1,
4515,00684,2022-05-25 19:48:15,25.49605,-103.37975,0,00,1,
4515,00684,2022-05-25 19:48:45,25.49605,-103.37975,0,00,1,
4515,00684,2022-05-25 19:49:10,25.49605,-103.37974,0,00,1,
4515,00684,2022-05-25 19:49:41,25.49606,-103.37974,0,00,1,
4515,00685,2022-05-25 19:55:38,25.49493,-103.38221,0,04,1,
4515,00685,2022-05-25 19:56:03,25.49737,-103.38097,29,04,1,
4515,00685,2022-05-25 19:56:34,25.49879,-103.38347,33,04,1,
4515,00685,2022-05-25 19:57:04,25.50018,-103.38596,37,04,1,
4515,00685,2022-05-25 19:57:34,25.50167,-103.38862,35,04,1,
4515,00685,2022-05-25 19:58:05,25.50293,-103.39114,34,04,1,
4515,00685,2022-05-25 19:58:35,25.50419,-103.39087,11,04,1,
4515,00685,2022-05-25 19:59:05,25.50556,-103.38975,14,04,1,
4515,00685,2022-05-25 19:59:36,25.5049,-103.38873,16,04,1,
4515,00685,2022-05-25 20:00:06,25.50419,-103.38763,21,04,1,
4515,00685,2022-05-25 20:00:36,25.50365,-103.38682,9,04,1,
4515,00685,2022-05-25 20:01:03,25.50306,-103.38586,17,04,1,
4515,00685,2022-05-25 20:01:28,25.50241,-103.38488,0,04,1,
4515,00685,2022-05-25 20:01:58,25.50175,-103.38384,23,04,1,
4515,00685,2022-05-25 20:02:29,25.50105,-103.38277,14,04,1,
4515,00685,2022-05-25 20:02:59,25.50135,-103.3821,33,04,1,
4515,00685,2022-05-25 20:03:29,25.50307,-103.38081,34,04,1,
4515,00685,2022-05-25 20:04:00,25.50401,-103.38119,3,04,1,
4515,00685,2022-05-25 20:04:30,25.50476,-103.3819,24,04,1,
4515,00685,2022-05-25 20:05:00,25.50644,-103.38059,35,04,1,
4515,00685,2022-05-25 20:05:31,25.50767,-103.38036,28,04,1,
4515,00685,2022-05-25 20:06:01,25.5088,-103.38214,33,04,1,
4515,00685,2022-05-25 20:06:26,25.50941,-103.38315,15,04,1,
4515,00685,2022-05-25 20:06:56,25.50726,-103.38482,39,04,1,
4515,00685,2022-05-25 20:07:27,25.50667,-103.38529,0,04,1,
4515,00685,2022-05-25 20:07:57,25.50725,-103.38641,38,04,1,
4515,00685,2022-05-25 20:08:28,25.50772,-103.3871,18,04,1,
4515,00685,2022-05-25 20:08:58,25.5087,-103.38867,31,04,1,
4515,00685,2022-05-25 20:09:28,25.51001,-103.3907,23,04,1,
4515,00685,2022-05-25 20:09:58,25.51091,-103.39211,13,04,1,
4515,00685,2022-05-25 20:10:29,25.51243,-103.39449,18,04,1,
4515,00685,2022-05-25 20:10:59,25.51273,-103.39446,0,04,1,
4515,00685,2022-05-25 20:11:30,25.51271,-103.39445,0,04,1,
4515,00685,2022-05-25 20:11:55,25.5127,-103.39446,0,04,1,
4515,00685,2022-05-25 20:12:25,25.5127,-103.39445,0,04,1,
4515,00685,2022-05-25 20:12:56,25.5127,-103.39446,0,04,1,
4515,00685,2022-05-25 20:13:26,25.51276,-103.39443,12,04,1,
4515,00685,2022-05-25 20:13:56,25.51324,-103.39409,0,04,1,
4515,00685,2022-05-25 20:14:26,25.51332,-103.39411,12,04,1,
4515,00685,2022-05-25 20:14:57,25.51465,-103.39408,30,04,1,
4515,00685,2022-05-25 20:15:27,25.51591,-103.39404,20,04,1,
4515,00685,2022-05-25 20:15:57,25.51737,-103.39402,0,04,1,
4515,00685,2022-05-25 20:16:28,25.51736,-103.39402,0,04,1,
4515,00685,2022-05-25 20:16:58,25.51749,-103.39402,0,04,1,
4515,00685,2022-05-25 20:17:23,25.51818,-103.39402,0,04,1,
4515,00685,2022-05-25 20:17:54,25.52031,-103.39401,24,04,1,
4515,00685,2022-05-25 20:18:24,25.52234,-103.39399,28,04,1,
4515,00685,2022-05-25 20:18:54,25.52362,-103.39397,13,04,1,
4515,00685,2022-05-25 20:19:25,25.52722,-103.39396,59,04,1,
4515,00685,2022-05-25 20:19:55,25.52883,-103.39392,25,04,1,
4515,00685,2022-05-25 20:20:25,25.53174,-103.39391,24,04,1,
4515,00685,2022-05-25 20:20:56,25.5343,-103.39383,0,04,1,
4515,00685,2022-05-25 20:21:26,25.53485,-103.39384,1,04,1,
4515,00685,2022-05-25 20:21:56,25.53484,-103.39384,0,04,1,
4515,00685,2022-05-25 20:22:24,25.53538,-103.39444,25,04,1,
4515,00685,2022-05-25 20:22:52,25.53537,-103.39577,22,04,1,
4515,00685,2022-05-25 20:23:22,25.53539,-103.39903,41,04,1,
4515,00685,2022-05-25 20:23:53,25.53538,-103.4031,10,04,1,
4515,00685,2022-05-25 20:24:23,25.53551,-103.40481,15,04,1,
4515,00685,2022-05-25 20:24:54,25.5355,-103.40485,0,04,1,
4515,00685,2022-05-25 20:25:24,25.53559,-103.40611,39,04,1,
4515,00685,2022-05-25 20:25:54,25.5356,-103.40761,22,04,1,
4515,00685,2022-05-25 20:26:25,25.53563,-103.41067,31,04,1,
4515,00685,2022-05-25 20:26:55,25.53564,-103.41369,42,04,1,
4515,00685,2022-05-25 20:27:25,25.53566,-103.41664,40,04,1,
4515,00685,2022-05-25 20:27:51,25.53568,-103.4179,0,04,1,
4515,00685,2022-05-25 20:28:21,25.53568,-103.41894,28,04,1,
4515,00685,2022-05-25 20:28:51,25.5357,-103.4199,18,04,1,
4515,00685,2022-05-25 20:29:22,25.5357,-103.42034,20,04,1,
4515,00685,2022-05-25 20:29:52,25.53571,-103.42191,14,04,1,
4515,00685,2022-05-25 20:30:22,25.53571,-103.42262,14,04,1,
4515,00685,2022-05-25 20:30:53,25.53572,-103.4259,32,04,1,
4515,00685,2022-05-25 20:31:23,25.53573,-103.42702,26,04,1,
4515,00685,2022-05-25 20:31:53,25.53574,-103.42892,28,04,1,
4515,00685,2022-05-25 20:32:24,25.53574,-103.43247,46,04,1,
4515,00685,2022-05-25 20:32:49,25.53575,-103.43411,0,04,1,
4515,00685,2022-05-25 20:33:19,25.53576,-103.43408,0,04,1,
4515,00685,2022-05-25 20:33:50,25.53577,-103.43407,0,04,1,
4515,00685,2022-05-25 20:34:20,25.53579,-103.43606,38,04,1,
4515,00685,2022-05-25 20:34:50,25.5358,-103.43811,40,04,1,
4515,00685,2022-05-25 20:35:21,25.53581,-103.44154,26,04,1,
4515,00685,2022-05-25 20:35:51,25.53582,-103.44191,0,04,1,
4515,00685,2022-05-25 20:36:22,25.53583,-103.44269,25,04,1,
4515,00685,2022-05-25 20:36:52,25.53581,-103.44564,46,04,1,
4515,00685,2022-05-25 20:37:22,25.53585,-103.44761,22,04,1,
4515,00685,2022-05-25 20:37:48,25.53583,-103.44778,0,04,1,
4515,00685,2022-05-25 20:38:18,25.53584,-103.44823,13,04,1,
4515,00685,2022-05-25 20:38:48,25.53584,-103.45055,37,04,1,
4515,00685,2022-05-25 20:39:19,25.53585,-103.45336,28,04,1,
4515,00685,2022-05-25 20:39:49,25.5359,-103.45527,14,04,1,
4515,00685,2022-05-25 20:40:19,25.53588,-103.45631,22,04,1,
4515,00685,2022-05-25 20:40:49,25.53593,-103.45816,17,04,1,
4515,00685,2022-05-25 20:41:20,25.53592,-103.45919,21,04,1,
4515,00685,2022-05-25 20:41:50,25.53592,-103.46036,19,04,1,
4515,00685,2022-05-25 20:42:20,25.53593,-103.46044,0,04,1,
4515,00685,2022-05-25 20:42:51,25.53593,-103.46044,0,04,1,
4515,00685,2022-05-25 20:43:16,25.53552,-103.46233,44,04,1,
4515,00685,2022-05-25 20:43:47,25.53518,-103.4639,8,04,1,
4515,00685,2022-05-25 20:44:17,25.53518,-103.46512,8,04,1,
4515,00685,2022-05-25 20:44:47,25.53681,-103.46554,33,04,1,
4515,00685,2022-05-25 20:45:18,25.53878,-103.4661,45,04,1,
4515,00685,2022-05-25 20:45:48,25.53992,-103.46642,0,04,1,
4515,00685,2022-05-25 20:46:18,25.53991,-103.46641,0,04,1,
4515,00685,2022-05-25 20:46:49,25.5406,-103.46664,34,04,1,
4515,00685,2022-05-25 20:47:19,25.54114,-103.46679,0,04,1,
4515,00685,2022-05-25 20:47:49,25.54159,-103.46753,9,04,1,
4515,00685,2022-05-25 20:48:15,25.54033,-103.46764,1,04,1,
4515,00685,2022-05-25 20:48:45,25.53926,-103.46735,29,04,1,
4515,00685,2022-05-25 20:49:16,25.53732,-103.46681,17,04,1,
4515,00685,2022-05-25 20:49:46,25.53651,-103.4666,0,04,1,
4515,00685,2022-05-25 20:50:16,25.53651,-103.46659,0,04,1,
4515,00685,2022-05-25 20:50:47,25.53651,-103.46659,0,04,1,
4515,00685,2022-05-25 20:51:17,25.53564,-103.46633,23,04,1,
4515,00685,2022-05-25 20:51:47,25.53486,-103.46575,0,04,1,
4515,00685,2022-05-25 20:52:18,25.53491,-103.46449,45,04,1,
4515,00685,2022-05-25 20:52:48,25.53561,-103.46134,0,04,1,
4515,00685,2022-05-25 20:53:13,25.53576,-103.46062,36,04,1,
4515,00685,2022-05-25 20:53:44,25.53579,-103.45836,39,04,1,
4515,00685,2022-05-25 20:54:14,25.53577,-103.45782,7,04,1,
4515,00685,2022-05-25 20:54:44,25.53577,-103.45524,34,04,1,
4515,00685,2022-05-25 20:55:15,25.53579,-103.45244,49,04,1,
4515,00685,2022-05-25 20:55:45,25.53572,-103.44933,0,04,1,
4515,00685,2022-05-25 20:56:15,25.53571,-103.4492,14,04,1,
4515,00685,2022-05-25 20:56:46,25.53572,-103.44654,40,04,1,
4515,00685,2022-05-25 20:57:16,25.53572,-103.4453,26,04,1,
4515,00685,2022-05-25 20:57:47,25.53569,-103.44311,1,04,1,
4515,00685,2022-05-25 20:58:12,25.53568,-103.44312,0,04,1,
4515,00685,2022-05-25 20:58:42,25.53568,-103.44296,18,04,1,
4515,00685,2022-05-25 20:59:13,25.53568,-103.44093,38,04,1,
4515,00685,2022-05-25 20:59:43,25.53565,-103.43739,27,04,1,
4515,00685,2022-05-25 21:00:13,25.53563,-103.43705,0,04,1,
4515,00685,2022-05-25 21:00:43,25.53563,-103.43693,5,04,1,
4515,00685,2022-05-25 21:01:14,25.53566,-103.43625,15,04,1,
4515,00685,2022-05-25 21:01:44,25.53561,-103.43591,0,04,1,
4515,00685,2022-05-25 21:02:15,25.53561,-103.43531,28,04,1,
4515,00685,2022-05-25 21:02:45,25.53563,-103.4324,42,04,1,
4515,00685,2022-05-25 21:03:15,25.53563,-103.42997,19,04,1,
4515,00685,2022-05-25 21:03:41,25.53562,-103.4282,42,04,1,
4515,00685,2022-05-25 21:04:11,25.5356,-103.42508,39,04,1,
4515,00685,2022-05-25 21:04:41,25.53558,-103.42315,0,04,1,
4515,00685,2022-05-25 21:05:12,25.53558,-103.42233,27,04,1,
4515,00685,2022-05-25 21:05:42,25.53559,-103.42167,22,04,1,
4515,00685,2022-05-25 21:06:12,25.5356,-103.42038,18,04,1,
4515,00685,2022-05-25 21:06:43,25.53559,-103.42006,14,04,1,
4515,00685,2022-05-25 21:07:13,25.53555,-103.41879,17,04,1,
4515,00685,2022-05-25 21:07:43,25.53555,-103.41652,17,04,1,
4515,00685,2022-05-25 21:08:14,25.53554,-103.41582,0,04,1,
4515,00685,2022-05-25 21:08:39,25.53553,-103.41582,0,04,1,
4515,00685,2022-05-25 21:09:10,25.53552,-103.41448,29,04,1,
4515,00685,2022-05-25 21:09:40,25.53551,-103.41113,37,04,1,
4515,00685,2022-05-25 21:10:10,25.53533,-103.4075,22,04,1,
4515,00685,2022-05-25 21:10:41,25.5354,-103.40642,37,04,1,
4515,00685,2022-05-25 21:10:46,25.53539,-103.40585,43,04,1,
4515,00685,2022-05-25 21:11:11,25.53534,-103.40522,0,04,1,
4515,00685,2022-05-25 21:11:41,25.53526,-103.40418,2,04,1,
4515,00685,2022-05-25 21:12:12,25.53519,-103.40284,24,04,1,
4515,00685,2022-05-25 21:12:42,25.53518,-103.40087,25,04,1,
4515,00685,2022-05-25 21:13:13,25.53513,-103.39674,51,04,1,
4515,00685,2022-05-25 21:13:43,25.53478,-103.39613,0,04,1,
4515,00685,2022-05-25 21:14:13,25.53478,-103.39617,0,04,1,
4515,00685,2022-05-25 21:14:43,25.53477,-103.3962,0,04,1,
4515,00685,2022-05-25 21:15:14,25.53474,-103.39618,0,04,1,
4515,00685,2022-05-25 21:15:44,25.5337,-103.39619,26,04,1,
4515,00685,2022-05-25 21:16:14,25.53158,-103.39618,36,04,1,
4515,00685,2022-05-25 21:16:40,25.52968,-103.3962,22,04,1,
4515,00685,2022-05-25 21:17:10,25.52746,-103.3962,9,04,1,
4515,00685,2022-05-25 21:17:41,25.52629,-103.39619,36,04,1,
4515,00685,2022-05-25 21:18:11,25.52417,-103.39619,22,04,1,
4515,00685,2022-05-25 21:18:41,25.52258,-103.39621,16,04,1,
4515,00685,2022-05-25 21:19:12,25.52059,-103.39621,32,04,1,
4515,00685,2022-05-25 21:19:42,25.5185,-103.39618,5,04,1,
4515,00685,2022-05-25 21:20:12,25.51761,-103.39551,27,04,1,
4515,00685,2022-05-25 21:20:42,25.51761,-103.39395,28,04,1,
4515,00685,2022-05-25 21:21:13,25.5176,-103.39025,43,04,1,
4515,00685,2022-05-25 21:21:38,25.51758,-103.38971,0,04,1,
4515,00685,2022-05-25 21:22:08,25.51757,-103.38971,0,04,1,
4515,00685,2022-05-25 21:22:39,25.51742,-103.38978,20,04,1,
4515,00685,2022-05-25 21:23:09,25.51624,-103.39108,34,04,1,
4515,00685,2022-05-25 21:23:39,25.51531,-103.39204,9,04,1,
4515,00685,2022-05-25 21:24:10,25.51382,-103.39364,35,04,1,
4515,00685,2022-05-25 21:24:40,25.51309,-103.39443,0,04,1,
4515,00685,2022-05-25 21:25:10,25.51275,-103.39476,6,04,1,
4515,00685,2022-05-25 21:25:41,25.51252,-103.395,23,04,1,
4515,00685,2022-05-25 21:26:11,25.51141,-103.39614,33,04,1,
4515,00685,2022-05-25 21:26:42,25.51048,-103.39712,30,04,1,
4515,00685,2022-05-25 21:27:07,25.50865,-103.39904,41,04,1,
4515,00685,2022-05-25 21:27:37,25.50777,-103.4,23,04,1,
4515,00685,2022-05-25 21:28:07,25.50593,-103.4022,36,04,1,
4515,00685,2022-05-25 21:28:38,25.50478,-103.40356,30,04,1,
4515,00685,2022-05-25 21:29:08,25.50355,-103.40497,32,04,1,
4515,00685,2022-05-25 21:29:38,25.50212,-103.40603,26,04,1,
4515,00685,2022-05-25 21:30:09,25.49972,-103.40818,53,04,1,
4515,00685,2022-05-25 21:30:39,25.49756,-103.40996,0,04,1,
4515,00685,2022-05-25 21:31:09,25.49675,-103.4106,0,04,1,
4515,00685,2022-05-25 21:31:40,25.49609,-103.41023,17,04,1,
4515,00685,2022-05-25 21:32:05,25.49566,-103.40948,12,04,1,
4515,00685,2022-05-25 21:32:36,25.49639,-103.40852,8,04,1,
4515,00685,2022-05-25 21:33:06,25.49702,-103.40743,24,04,1,
4515,00685,2022-05-25 21:33:36,25.49694,-103.40622,18,04,1,
4515,00685,2022-05-25 21:34:07,25.49555,-103.40468,33,04,1,
4515,00685,2022-05-25 21:34:37,25.49356,-103.4026,17,04,1,
4515,00685,2022-05-25 21:35:07,25.49268,-103.40368,37,04,1,
4515,00685,2022-05-25 21:35:38,25.49191,-103.40449,9,04,1,
4515,00685,2022-05-25 21:36:03,25.49179,-103.40474,14,00,1,
4515,00685,2022-05-25 21:36:33,25.49172,-103.40463,0,00,1,
4515,00685,2022-05-25 21:37:04,25.49173,-103.40463,0,00,1,
4515,00685,2022-05-25 21:37:34,25.49172,-103.40462,0,00,1,
4515,00685,2022-05-25 21:38:05,25.49172,-103.40462,0,00,1,
4515,00685,2022-05-25 21:38:35,25.49173,-103.40462,0,00,1,
4515,00685,2022-05-25 21:39:05,25.49172,-103.40462,0,00,1,
4515,00685,2022-05-25 21:39:36,25.49172,-103.40462,0,00,1,
4515,00685,2022-05-25 21:40:06,25.49172,-103.40462,0,00,1,
4515,00685,2022-05-25 21:40:31,25.49116,-103.40386,23,00,1,
4515,00685,2022-05-25 21:41:02,25.49016,-103.40111,49,00,1,
4515,00685,2022-05-25 21:41:32,25.49164,-103.39923,48,00,1,
4515,00685,2022-05-25 21:42:02,25.49309,-103.39752,43,00,1,
4515,00685,2022-05-25 21:42:33,25.49435,-103.39318,58,00,1,
4515,00685,2022-05-25 21:43:03,25.49505,-103.38854,53,00,1,
4515,00685,2022-05-25 21:43:33,25.49576,-103.3839,58,00,1,
4515,00685,2022-05-25 21:44:04,25.4962,-103.38099,32,00,1,
4515,00685,2022-05-25 21:44:34,25.49612,-103.37983,0,00,1,
4515,00685,2022-05-25 21:45:04,25.49611,-103.37985,0,00,1,
4515,00685,2022-05-25 21:45:35,25.49611,-103.37986,0,00,1,
4515,00685,2022-05-25 21:46:00,25.49611,-103.37986,0,00,1,
4515,00685,2022-05-25 21:46:31,25.49611,-103.37986,0,00,1,
4515,00685,2022-05-25 21:47:01,25.49611,-103.37986,0,00,1,
4515,00685,2022-05-25 21:47:31,25.49612,-103.37986,0,00,1,
4515,00685,2022-05-25 21:48:02,25.49612,-103.37986,0,00,1,
4515,00685,2022-05-25 21:48:32,25.49612,-103.37987,0,00,1,
4515,00685,2022-05-25 21:49:02,25.49612,-103.37987,0,00,1,
4515,00685,2022-05-25 21:49:33,25.49612,-103.37987,0,00,1,
4515,00685,2022-05-25 21:50:03,25.49612,-103.37987,0,00,1,
4515,00685,2022-05-25 21:50:28,25.49612,-103.37987,0,00,1,
4515,00685,2022-05-25 21:50:59,25.49612,-103.37987,0,00,1,
4515,00685,2022-05-25 21:51:29,25.49612,-103.37988,0,00,1,
4515,00685,2022-05-25 21:51:59,25.49612,-103.37988,0,00,1,
4515,00685,2022-05-25 21:52:30,25.49612,-103.37988,0,00,1,
4515,00686,2022-05-25 22:15:56,25.4968,-103.37995,0,04,1,
4515,00686,2022-05-25 22:16:21,25.49683,-103.37997,0,04,1,
4515,00686,2022-05-25 22:16:52,25.49683,-103.37996,0,04,1,
4515,00686,2022-05-25 22:17:22,25.49683,-103.37996,0,04,1,
4515,00686,2022-05-25 22:17:52,25.49686,-103.38001,9,04,1,
4515,00686,2022-05-25 22:18:23,25.49793,-103.38188,30,04,1,
4515,00686,2022-05-25 22:18:49,25.49911,-103.38399,28,04,1,
4515,00686,2022-05-25 22:19:19,25.50025,-103.38602,30,04,1,
4515,00686,2022-05-25 22:19:50,25.50151,-103.38827,32,04,1,
4515,00686,2022-05-25 22:20:20,25.50253,-103.39037,29,04,1,
4515,00686,2022-05-25 22:20:50,25.50355,-103.39134,15,04,1,
4515,00686,2022-05-25 22:21:16,25.50451,-103.39056,20,04,1,
4515,00686,2022-05-25 22:21:46,25.50548,-103.38955,18,04,1,
4515,00686,2022-05-25 22:22:16,25.50475,-103.38846,5,04,1,
4515,00686,2022-05-25 22:22:47,25.50415,-103.38751,16,04,1,
4515,00686,2022-05-25 22:23:17,25.50393,-103.38719,0,04,1,
4515,00686,2022-05-25 22:23:48,25.50359,-103.38666,14,04,1,
4515,00686,2022-05-25 22:24:18,25.50318,-103.386,12,04,1,
4515,00686,2022-05-25 22:24:48,25.50264,-103.38519,10,04,1,
4515,00686,2022-05-25 22:25:19,25.50196,-103.38413,24,04,1,
4515,00686,2022-05-25 22:25:49,25.5012,-103.38298,9,04,1,
4515,00686,2022-05-25 22:26:19,25.50098,-103.38237,0,04,1,
4515,00686,2022-05-25 22:26:45,25.50224,-103.38142,4,04,1,
4515,00686,2022-05-25 22:27:15,25.50314,-103.38077,34,04,1,
4515,00686,2022-05-25 22:27:46,25.50408,-103.3814,35,04,1,
4515,00686,2022-05-25 22:28:16,25.50505,-103.38168,33,04,1,
4515,00686,2022-05-25 22:28:46,25.5059,-103.38101,9,04,1,
4515,00686,2022-05-25 22:29:17,25.50745,-103.37998,4,04,1,
4515,00686,2022-05-25 22:29:47,25.50808,-103.38099,27,04,1,
4515,00686,2022-05-25 22:30:17,25.50872,-103.38199,24,04,1,
4515,00686,2022-05-25 22:30:48,25.50884,-103.38361,37,04,1,
4515,00686,2022-05-25 22:31:14,25.50663,-103.38531,4,04,1,
4515,00686,2022-05-25 22:31:43,25.50728,-103.38646,43,04,1,
4515,00686,2022-05-25 22:32:14,25.50838,-103.38814,4,04,1,
4515,00686,2022-05-25 22:32:44,25.50945,-103.38982,20,04,1,
4515,00686,2022-05-25 22:33:14,25.50998,-103.39064,0,04,1,
4515,00686,2022-05-25 22:33:45,25.51031,-103.39115,34,04,1,
4515,00686,2022-05-25 22:34:15,25.51121,-103.39254,26,04,1,
4515,00686,2022-05-25 22:34:45,25.51253,-103.3946,1,04,1,
4515,00686,2022-05-25 22:35:16,25.51256,-103.39459,0,04,1,
4515,00686,2022-05-25 22:35:46,25.51272,-103.39446,0,04,1,
4515,00686,2022-05-25 22:36:16,25.51272,-103.39446,0,04,1,
4515,00686,2022-05-25 22:36:42,25.51273,-103.39448,0,04,1,
4515,00686,2022-05-25 22:37:12,25.51274,-103.39447,6,04,1,
4515,00686,2022-05-25 22:37:42,25.51438,-103.39404,8,04,1,
4515,00686,2022-05-25 22:38:13,25.5161,-103.39404,41,04,1,
4515,00686,2022-05-25 22:38:43,25.51767,-103.39401,22,04,1,
4515,00686,2022-05-25 22:39:14,25.51917,-103.39401,32,04,1,
4515,00686,2022-05-25 22:39:44,25.52149,-103.39399,40,04,1,
4515,00686,2022-05-25 22:40:14,25.52309,-103.39397,28,04,1,
4515,00686,2022-05-25 22:40:45,25.52547,-103.39395,33,04,1,
4515,00686,2022-05-25 22:41:15,25.52655,-103.39395,10,04,1,
4515,00686,2022-05-25 22:41:45,25.52804,-103.39394,25,04,1,
4515,00686,2022-05-25 22:42:10,25.53042,-103.39391,43,04,1,
4515,00686,2022-05-25 22:42:41,25.53271,-103.39387,40,04,1,
4515,00686,2022-05-25 22:43:11,25.53438,-103.39382,7,04,1,
4515,00686,2022-05-25 22:43:42,25.53492,-103.39383,0,04,1,
4515,00686,2022-05-25 22:44:12,25.5354,-103.39538,28,04,1,
4515,00686,2022-05-25 22:44:42,25.53539,-103.39774,47,04,1,
4515,00686,2022-05-25 22:45:13,25.53539,-103.40203,45,04,1,
4515,00686,2022-05-25 22:45:43,25.5356,-103.40586,46,04,1,
4515,00686,2022-05-25 22:46:14,25.53561,-103.40975,44,04,1,
4515,00686,2022-05-25 22:46:43,25.53563,-103.41139,21,04,1,
4515,00686,2022-05-25 22:47:09,25.53564,-103.41362,14,04,1,
4515,00686,2022-05-25 22:47:39,25.53565,-103.41492,13,04,1,
4515,00686,2022-05-25 22:48:10,25.53566,-103.41665,27,04,1,
4515,00686,2022-05-25 22:48:40,25.53568,-103.41793,6,04,1,
4515,00686,2022-05-25 22:49:10,25.53569,-103.41973,14,04,1,
4515,00686,2022-05-25 22:49:41,25.53568,-103.42042,23,04,1,
4515,00686,2022-05-25 22:50:11,25.53569,-103.42221,1,04,1,
4515,00686,2022-05-25 22:50:41,25.5357,-103.42249,17,04,1,
4515,00686,2022-05-25 22:51:12,25.53573,-103.42571,21,04,1,
4515,00686,2022-05-25 22:51:42,25.53572,-103.4269,28,04,1,
4515,00686,2022-05-25 22:52:07,25.53574,-103.42829,0,04,1,
4515,00686,2022-05-25 22:52:38,25.53572,-103.42985,43,04,1,
4515,00686,2022-05-25 22:53:08,25.53576,-103.43243,37,04,1,
4515,00686,2022-05-25 22:53:39,25.53576,-103.43391,4,04,1,
4515,00686,2022-05-25 22:54:09,25.53579,-103.43406,0,04,1,
4515,00686,2022-05-25 22:54:39,25.53581,-103.43405,0,04,1,
4515,00686,2022-05-25 22:55:10,25.53581,-103.43408,3,04,1,
4515,00686,2022-05-25 22:55:40,25.5358,-103.43561,43,04,1,
4515,00686,2022-05-25 22:56:10,25.53579,-103.43963,47,04,1,
4515,00686,2022-05-25 22:56:41,25.5358,-103.4429,31,04,1,
4515,00686,2022-05-25 22:57:08,25.53584,-103.44572,27,04,1,
4515,00686,2022-05-25 22:57:36,25.53583,-103.44661,25,04,1,
4515,00686,2022-05-25 22:58:07,25.53585,-103.44764,0,04,1,
4515,00686,2022-05-25 22:58:37,25.53586,-103.44907,32,04,1,
4515,00686,2022-05-25 22:59:07,25.53586,-103.45181,35,04,1,
4515,00686,2022-05-25 22:59:38,25.53586,-103.45469,34,04,1,
4515,00686,2022-05-25 23:00:08,25.53588,-103.4561,0,04,1,
4515,00686,2022-05-25 23:00:39,25.53592,-103.45865,36,04,1,
4515,00686,2022-05-25 23:01:09,25.53593,-103.45976,25,04,1,
4515,00686,2022-05-25 23:01:39,25.53568,-103.46177,0,04,1,
4515,00686,2022-05-25 23:02:10,25.53533,-103.46324,24,04,1,
4515,00686,2022-05-25 23:02:35,25.53505,-103.46511,17,04,1,
4515,00686,2022-05-25 23:03:05,25.53605,-103.46534,28,04,1,
4515,00686,2022-05-25 23:03:36,25.53629,-103.46538,0,04,1,
4515,00686,2022-05-25 23:04:06,25.53629,-103.46538,0,04,1,
4515,00686,2022-05-25 23:04:36,25.53737,-103.46567,33,04,1,
4515,00686,2022-05-25 23:05:07,25.54009,-103.46644,34,04,1,
4515,00686,2022-05-25 23:05:37,25.541,-103.46672,17,04,1,
4515,00686,2022-05-25 23:06:07,25.54164,-103.46722,0,04,1,
4515,00686,2022-05-25 23:06:38,25.54163,-103.46722,0,04,1,
4515,00686,2022-05-25 23:07:08,25.54162,-103.46722,0,04,1,
4515,00686,2022-05-25 23:07:33,25.54162,-103.46722,0,04,1,
4515,00686,2022-05-25 23:08:04,25.54162,-103.46722,0,04,1,
4515,00686,2022-05-25 23:08:34,25.54162,-103.46722,0,04,1,
4515,00686,2022-05-25 23:09:04,25.54162,-103.46722,0,04,1,
4515,00686,2022-05-25 23:09:35,25.5416,-103.46725,6,04,1,
4515,00686,2022-05-25 23:10:05,25.54044,-103.46764,16,04,1,
4515,00686,2022-05-25 23:10:35,25.54008,-103.46754,1,04,1,
4515,00686,2022-05-25 23:11:06,25.53876,-103.46718,27,04,1,
4515,00686,2022-05-25 23:11:36,25.53744,-103.46682,18,04,1,
4515,00686,2022-05-25 23:12:07,25.53725,-103.46679,0,04,1,
4515,00686,2022-05-25 23:12:32,25.53725,-103.46679,0,04,1,
4515,00686,2022-05-25 23:13:02,25.53642,-103.46656,15,04,1,
4515,00686,2022-05-25 23:13:33,25.53588,-103.46638,25,04,1,
4515,00686,2022-05-25 23:14:03,25.53498,-103.46587,6,04,1,
4515,00686,2022-05-25 23:14:33,25.53485,-103.46466,42,04,1,
4515,00686,2022-05-25 23:15:04,25.53561,-103.46132,43,04,1,
4515,00686,2022-05-25 23:15:34,25.53581,-103.45979,38,04,1,
4515,00686,2022-05-25 23:16:04,25.53578,-103.45749,9,04,1,
4515,00686,2022-05-25 23:16:30,25.53579,-103.45588,40,04,1,
4515,00686,2022-05-25 23:16:55,25.53573,-103.45291,6,04,1,
4515,00686,2022-05-25 23:17:25,25.53574,-103.45115,38,04,1,
4515,00686,2022-05-25 23:17:56,25.53571,-103.44928,0,04,1,
4515,00686,2022-05-25 23:18:26,25.53571,-103.44844,24,04,1,
4515,00686,2022-05-25 23:18:57,25.53569,-103.44567,0,04,1,
4515,00686,2022-05-25 23:19:27,25.53569,-103.44497,16,04,1,
4515,00686,2022-05-25 23:19:57,25.53567,-103.44327,20,04,1,
4515,00686,2022-05-25 23:20:28,25.53566,-103.44262,0,04,1,
4515,00686,2022-05-25 23:20:58,25.53566,-103.44196,24,04,1,
4515,00686,2022-05-25 23:21:28,25.53564,-103.43973,21,04,1,
4515,00686,2022-05-25 23:21:54,25.53562,-103.43766,30,04,1,
4515,00686,2022-05-25 23:22:24,25.53561,-103.43668,10,04,1,
4515,00686,2022-05-25 23:22:54,25.53561,-103.43659,2,04,1,
4515,00686,2022-05-25 23:23:25,25.53561,-103.43644,0,04,1,
4515,00686,2022-05-25 23:23:55,25.53563,-103.43578,26,04,1,
4515,00686,2022-05-25 23:24:25,25.53561,-103.4344,0,04,1,
4515,00686,2022-05-25 23:24:56,25.53561,-103.4344,0,04,1,
4515,00686,2022-05-25 23:25:26,25.53559,-103.43373,19,04,1,
4515,00686,2022-05-25 23:25:56,25.53558,-103.43137,39,04,1,
4515,00686,2022-05-25 23:26:27,25.53557,-103.42929,0,04,1,
4515,00686,2022-05-25 23:26:52,25.53557,-103.4293,0,04,1,
4515,00686,2022-05-25 23:27:22,25.53558,-103.42902,24,04,1,
4515,00686,2022-05-25 23:27:53,25.53556,-103.426,8,04,1,
4515,00686,2022-05-25 23:28:23,25.53554,-103.42386,5,04,1,
4515,00686,2022-05-25 23:28:54,25.53554,-103.42295,0,04,1,
4515,00686,2022-05-25 23:29:24,25.53554,-103.42233,19,04,1,
4515,00686,2022-05-25 23:29:54,25.53554,-103.42209,4,04,1,
4515,00686,2022-05-25 23:30:25,25.53555,-103.42094,15,04,1,
4515,00686,2022-05-25 23:30:55,25.53554,-103.42019,10,04,1,
4515,00686,2022-05-25 23:31:25,25.53551,-103.41868,1,04,1,
4515,00686,2022-05-25 23:31:52,25.5355,-103.41679,38,04,1,
4515,00686,2022-05-25 23:32:21,25.5355,-103.41608,0,04,1,
4515,00686,2022-05-25 23:32:51,25.53549,-103.41595,0,04,1,
4515,00686,2022-05-25 23:33:22,25.53548,-103.41395,38,04,1,
4515,00686,2022-05-25 23:33:52,25.53546,-103.41125,4,04,1,
4515,00686,2022-05-25 23:34:22,25.53546,-103.41003,34,04,1,
4515,00686,2022-05-25 23:34:53,25.53527,-103.4072,0,04,1,
4515,00686,2022-05-25 23:35:23,25.53529,-103.40699,13,04,1,
4515,00686,2022-05-25 23:35:53,25.53526,-103.40451,39,04,1,
4515,00686,2022-05-25 23:36:24,25.5352,-103.40397,0,04,1,
4515,00686,2022-05-25 23:36:54,25.53516,-103.40258,44,04,1,
4515,00686,2022-05-25 23:37:19,25.53513,-103.39889,61,04,1,
4515,00686,2022-05-25 23:37:50,25.5351,-103.3962,24,04,1,
4515,00686,2022-05-25 23:38:20,25.53476,-103.3961,0,04,1,
4515,00686,2022-05-25 23:38:50,25.53476,-103.3961,0,04,1,
4515,00686,2022-05-25 23:39:21,25.53475,-103.39611,0,04,1,
4515,00686,2022-05-25 23:39:51,25.53475,-103.39611,0,04,1,
4515,00686,2022-05-25 23:40:22,25.53475,-103.3961,1,04,1,
4515,00686,2022-05-25 23:40:52,25.53313,-103.3961,30,04,1,
4515,00686,2022-05-25 23:41:22,25.53,-103.39611,19,04,1,
4515,00686,2022-05-25 23:41:52,25.52802,-103.39615,0,04,1,
4515,00686,2022-05-25 23:42:18,25.52743,-103.39614,0,04,1,
4515,00686,2022-05-25 23:42:48,25.52556,-103.39615,29,04,1,
4515,00686,2022-05-25 23:43:19,25.52435,-103.39615,6,04,1,
4515,00686,2022-05-25 23:43:49,25.52277,-103.39617,30,04,1,
4515,00686,2022-05-25 23:44:19,25.52214,-103.39617,0,04,1,
4515,00686,2022-05-25 23:44:50,25.52215,-103.39617,0,04,1,
4515,00686,2022-05-25 23:45:20,25.52068,-103.39618,35,04,1,
4515,00686,2022-05-25 23:45:51,25.51773,-103.39613,8,04,1,
4515,00686,2022-05-25 23:46:21,25.51756,-103.39373,6,04,1,
4515,00686,2022-05-25 23:46:51,25.51756,-103.39113,45,04,1,
4515,00686,2022-05-25 23:47:17,25.51747,-103.38965,17,04,1,
4515,00686,2022-05-25 23:47:47,25.51548,-103.3918,40,04,1,
4515,00686,2022-05-25 23:48:17,25.51498,-103.39231,0,04,1,
4515,00686,2022-05-25 23:48:47,25.51488,-103.39242,17,04,1,
4515,00686,2022-05-25 23:49:18,25.51289,-103.39456,25,04,1,
4515,00686,2022-05-25 23:49:48,25.51084,-103.39669,44,04,1,
4515,00686,2022-05-25 23:50:19,25.50832,-103.39938,21,04,1,
4515,00686,2022-05-25 23:50:49,25.50779,-103.39996,21,04,1,
4515,00686,2022-05-25 23:51:19,25.50691,-103.40102,12,04,1,
4515,00686,2022-05-25 23:51:50,25.50588,-103.40225,14,04,1,
4515,00686,2022-05-25 23:52:15,25.50487,-103.40345,13,04,1,
4515,00686,2022-05-25 23:52:46,25.50354,-103.40496,9,04,1,
4515,00686,2022-05-25 23:53:16,25.50245,-103.40581,18,04,1,
4515,00686,2022-05-25 23:53:46,25.50073,-103.40714,39,04,1,
4515,00686,2022-05-25 23:54:17,25.49819,-103.40943,0,04,1,
4515,00686,2022-05-25 23:54:47,25.49754,-103.40997,0,04,1,
4515,00686,2022-05-25 23:55:17,25.49676,-103.41059,0,04,1,
4515,00686,2022-05-25 23:55:48,25.49638,-103.41057,24,04,1,
4515,00686,2022-05-25 23:56:18,25.4957,-103.40916,15,04,1,
4515,00686,2022-05-25 23:56:49,25.497,-103.40778,31,04,1,
4515,00686,2022-05-25 23:57:14,25.49676,-103.40598,27,04,1,
4515,00686,2022-05-25 23:57:44,25.49504,-103.40409,9,04,1,
4515,00686,2022-05-25 23:58:14,25.49402,-103.40296,28,04,1,
4515,00686,2022-05-25 23:58:45,25.49313,-103.40312,13,04,1,
4515,00686,2022-05-25 23:59:15,25.49215,-103.40418,23,04,1,
4515,00686,2022-05-25 23:59:46,25.4919,-103.40449,0,04,1,
4515,00686,2022-05-26 00:00:11,25.49187,-103.40496,18,00,1,
4515,00686,2022-05-26 00:00:42,25.49148,-103.4052,3,00,1,
4515,00686,2022-05-26 00:01:12,25.4917,-103.40514,0,00,1,
4515,00686,2022-05-26 00:01:42,25.4918,-103.40506,0,00,1,
4515,00686,2022-05-26 00:02:13,25.4918,-103.40506,0,00,1,
4515,00686,2022-05-26 00:02:43,25.4918,-103.40504,0,00,1,
4515,00686,2022-05-26 00:03:13,25.4918,-103.40505,0,00,1,
4515,00686,2022-05-26 00:03:39,25.4918,-103.40506,0,00,1,
4515,00686,2022-05-26 00:04:09,25.49181,-103.40506,0,00,1,
4515,00686,2022-05-26 00:04:40,25.49181,-103.40505,0,00,1,
4515,00686,2022-05-26 00:05:10,25.49181,-103.40503,0,00,1,
4515,00686,2022-05-26 00:05:40,25.4918,-103.40502,0,00,1,
4515,00686,2022-05-26 00:06:11,25.4918,-103.40504,0,00,1,
4515,00686,2022-05-26 00:06:41,25.4918,-103.40504,0,00,1,
4515,00686,2022-05-26 00:07:12,25.49179,-103.40503,0,00,1,
4515,00686,2022-05-26 00:07:42,25.49179,-103.40503,0,00,1,
4515,00686,2022-05-26 00:08:07,25.4918,-103.40504,0,00,1,
4515,00686,2022-05-26 00:08:38,25.49181,-103.40505,0,00,1,
4515,00686,2022-05-26 00:09:09,25.49181,-103.40505,0,00,1,
4515,00687,2022-05-26 00:59:57,0,0,0,04,0,
4515,00687,2022-05-26 01:00:23,25.49287,-103.40339,30,04,1,
4515,00687,2022-05-26 01:00:48,25.49356,-103.40256,2,04,1,
4515,00687,2022-05-26 01:01:15,25.49461,-103.40353,22,04,1,
4515,00687,2022-05-26 01:01:45,25.49585,-103.40497,29,04,1,
4515,00687,2022-05-26 01:02:15,25.49688,-103.40605,18,04,1,
4515,00687,2022-05-26 01:02:46,25.49701,-103.40806,27,04,1,
4515,00687,2022-05-26 01:03:16,25.49571,-103.40945,20,04,1,
4515,00687,2022-05-26 01:03:46,25.49682,-103.41026,24,04,1,
4515,00687,2022-05-26 01:04:17,25.49948,-103.40828,48,04,1,
4515,00687,2022-05-26 01:04:47,25.5021,-103.4059,30,04,1,
4515,00687,2022-05-26 01:05:17,25.50276,-103.40535,23,04,1,
4515,00687,2022-05-26 01:05:43,25.50317,-103.40503,19,04,1,
4515,00687,2022-05-26 01:06:13,25.50396,-103.40428,35,04,1,
4515,00687,2022-05-26 01:06:43,25.50612,-103.40168,44,04,1,
4515,00687,2022-05-26 01:07:14,25.50713,-103.40042,1,04,1,
4515,00687,2022-05-26 01:07:44,25.50747,-103.40001,0,04,1,
4515,00687,2022-05-26 01:08:14,25.50843,-103.39894,0,04,1,
4515,00687,2022-05-26 01:08:45,25.51009,-103.39723,0,04,1,
4515,00687,2022-05-26 01:09:15,25.51103,-103.39623,0,04,1,
4515,00687,2022-05-26 01:09:45,25.51167,-103.39556,24,04,1,
4515,00687,2022-05-26 01:10:16,25.51271,-103.39445,12,04,1,
4515,00687,2022-05-26 01:10:41,25.51273,-103.39442,0,04,1,
4515,00687,2022-05-26 01:11:11,25.51273,-103.39443,0,04,1,
4515,00687,2022-05-26 01:11:42,25.51283,-103.39434,13,04,1,
4515,00687,2022-05-26 01:12:12,25.51413,-103.39404,31,04,1,
4515,00687,2022-05-26 01:12:42,25.51449,-103.39404,12,04,1,
4515,00687,2022-05-26 01:13:13,25.51674,-103.39401,0,04,1,
4515,00687,2022-05-26 01:13:43,25.51739,-103.394,12,04,1,
4515,00687,2022-05-26 01:14:14,25.51996,-103.394,33,04,1,
4515,00687,2022-05-26 01:14:44,25.52169,-103.39398,6,04,1,
4515,00687,2022-05-26 01:15:14,25.52249,-103.39397,16,04,1,
4515,00687,2022-05-26 01:15:45,25.52506,-103.39396,35,04,1,
4515,00687,2022-05-26 01:16:10,25.52708,-103.39393,20,04,1,
4515,00687,2022-05-26 01:16:40,25.52913,-103.39391,0,04,1,
4515,00687,2022-05-26 01:17:10,25.53098,-103.3939,39,04,1,
4515,00687,2022-05-26 01:17:41,25.53339,-103.39383,42,04,1,
4515,00687,2022-05-26 01:18:11,25.53425,-103.39382,0,04,1,
4515,00687,2022-05-26 01:18:42,25.53465,-103.39384,0,04,1,
4515,00687,2022-05-26 01:19:12,25.53538,-103.39481,30,04,1,
4515,00687,2022-05-26 01:19:42,25.53541,-103.39562,7,04,1,
4515,00687,2022-05-26 01:20:13,25.5354,-103.39836,41,04,1,
4515,00687,2022-05-26 01:20:43,25.53538,-103.4021,46,04,1,
4515,00687,2022-05-26 01:21:08,25.53546,-103.40449,12,04,1,
4515,00687,2022-05-26 01:21:39,25.53549,-103.40477,0,04,1,
4515,00687,2022-05-26 01:22:09,25.53562,-103.40612,39,04,1,
4515,00687,2022-05-26 01:22:39,25.53562,-103.40951,38,04,1,
4515,00687,2022-05-26 01:23:10,25.53564,-103.41259,39,04,1,
4515,00687,2022-05-26 01:23:40,25.53565,-103.41493,0,04,1,
4515,00687,2022-05-26 01:24:10,25.53566,-103.4149,0,04,1,
4515,00687,2022-05-26 01:24:41,25.53566,-103.41488,0,04,1,
4515,00687,2022-05-26 01:25:11,25.53566,-103.41697,36,04,1,
4515,00687,2022-05-26 01:25:41,25.53567,-103.41825,0,04,1,
4515,00687,2022-05-26 01:26:10,25.53568,-103.41944,0,04,1,
4515,00687,2022-05-26 01:26:37,25.53571,-103.42102,32,04,1,
4515,00687,2022-05-26 01:27:07,25.53572,-103.42369,4,04,1,
4515,00687,2022-05-26 01:27:38,25.53572,-103.42454,5,04,1,
4515,00687,2022-05-26 01:28:08,25.53571,-103.42691,39,04,1,
4515,00687,2022-05-26 01:28:38,25.53573,-103.43069,44,04,1,
4515,00687,2022-05-26 01:29:09,25.53578,-103.43396,21,04,1,
4515,00687,2022-05-26 01:29:39,25.53581,-103.43415,0,04,1,
4515,00687,2022-05-26 01:30:10,25.53582,-103.43413,0,04,1,
4515,00687,2022-05-26 01:30:40,25.53582,-103.43528,30,04,1,
4515,00687,2022-05-26 01:31:10,25.53579,-103.43714,31,04,1,
4515,00687,2022-05-26 01:31:36,25.53578,-103.43994,43,04,1,
4515,00687,2022-05-26 01:32:06,25.53582,-103.44199,0,04,1,
4515,00687,2022-05-26 01:32:36,25.53583,-103.44405,37,04,1,
4515,00687,2022-05-26 01:33:07,25.53584,-103.44526,21,04,1,
4515,00687,2022-05-26 01:33:37,25.53585,-103.44627,2,04,1,
4515,00687,2022-05-26 01:34:07,25.53585,-103.44796,9,04,1,
4515,00687,2022-05-26 01:34:38,25.53586,-103.44931,28,04,1,
4515,00687,2022-05-26 01:35:08,25.53587,-103.451,29,04,1,
4515,00687,2022-05-26 01:35:38,25.53587,-103.4526,0,04,1,
4515,00687,2022-05-26 01:36:09,25.53587,-103.45285,22,04,1,
4515,00687,2022-05-26 01:36:34,25.53588,-103.45523,38,04,1,
4515,00687,2022-05-26 01:37:04,25.5359,-103.45851,35,04,1,
4515,00687,2022-05-26 01:37:35,25.53574,-103.46146,37,04,1,
4515,00687,2022-05-26 01:38:05,25.53514,-103.46404,29,04,1,
4515,00687,2022-05-26 01:38:35,25.53546,-103.46521,25,04,1,
4515,00687,2022-05-26 01:39:06,25.53704,-103.4656,16,04,1,
4515,00687,2022-05-26 01:39:36,25.53728,-103.46564,0,04,1,
4515,00687,2022-05-26 01:40:06,25.53727,-103.46565,0,04,1,
4515,00687,2022-05-26 01:40:37,25.53817,-103.46591,29,04,1,
4515,00687,2022-05-26 01:41:07,25.54009,-103.46646,24,04,1,
4515,00687,2022-05-26 01:41:37,25.54142,-103.46686,20,04,1,
4515,00687,2022-05-26 01:42:03,25.54161,-103.46736,0,04,1,
4515,00687,2022-05-26 01:42:33,25.5416,-103.46736,0,04,1,
4515,00687,2022-05-26 01:43:03,25.5416,-103.46736,0,04,1,
4515,00687,2022-05-26 01:43:34,25.5416,-103.46736,0,04,1,
4515,00687,2022-05-26 01:44:04,25.54087,-103.46773,27,04,1,
4515,00687,2022-05-26 01:44:34,25.54,-103.46756,15,04,1,
4515,00687,2022-05-26 01:45:05,25.53907,-103.4673,0,04,1,
4515,00687,2022-05-26 01:45:35,25.53908,-103.46731,0,04,1,
4515,00687,2022-05-26 01:46:05,25.53908,-103.46731,0,04,1,
4515,00687,2022-05-26 01:46:36,25.53903,-103.4673,12,04,1,
4515,00687,2022-05-26 01:47:05,25.53731,-103.46683,14,04,1,
4515,00687,2022-05-26 01:47:31,25.53644,-103.46658,23,04,1,
4515,00687,2022-05-26 01:48:02,25.5353,-103.46618,0,04,1,
4515,00687,2022-05-26 01:48:32,25.53482,-103.4648,36,04,1,
4515,00687,2022-05-26 01:49:02,25.53527,-103.46262,2,04,1,
4515,00687,2022-05-26 01:49:33,25.53569,-103.46095,24,04,1,
4515,00687,2022-05-26 01:50:03,25.53574,-103.45924,0,04,1,
4515,00687,2022-05-26 01:50:33,25.53574,-103.45924,2,04,1,
4515,00687,2022-05-26 01:51:04,25.53574,-103.45788,0,04,1,
4515,00687,2022-05-26 01:51:34,25.53574,-103.45712,0,04,1,
4515,00687,2022-05-26 01:52:05,25.53574,-103.45701,15,04,1,
4515,00687,2022-05-26 01:52:30,25.53574,-103.45466,27,04,1,
4515,00687,2022-05-26 01:53:00,25.5357,-103.45292,0,04,1,
4515,00687,2022-05-26 01:53:30,25.5357,-103.4529,0,04,1,
4515,00687,2022-05-26 01:54:01,25.5357,-103.45287,3,04,1,
4515,00687,2022-05-26 01:54:31,25.5357,-103.44984,46,04,1,
4515,00687,2022-05-26 01:55:02,25.53568,-103.449,0,04,1,
4515,00687,2022-05-26 01:55:32,25.53567,-103.44898,2,04,1,
4515,00687,2022-05-26 01:56:02,25.53568,-103.44887,8,04,1,
4515,00687,2022-05-26 01:56:33,25.53567,-103.4458,24,04,1,
4515,00687,2022-05-26 01:57:03,25.53567,-103.44417,41,04,1,
4515,00687,2022-05-26 01:57:28,25.53564,-103.44253,0,04,1,
4515,00687,2022-05-26 01:57:59,25.53563,-103.44254,0,04,1,
4515,00687,2022-05-26 01:58:29,25.53563,-103.44245,13,04,1,
4515,00687,2022-05-26 01:58:59,25.53564,-103.43907,53,04,1,
4515,00687,2022-05-26 01:59:30,25.53559,-103.43658,0,04,1,
4515,00687,2022-05-26 02:00:00,25.53559,-103.43582,3,04,1,
4515,00687,2022-05-26 02:00:30,25.53559,-103.43577,8,04,1,
4515,00687,2022-05-26 02:01:01,25.53556,-103.43391,0,04,1,
4515,00687,2022-05-26 02:01:31,25.53558,-103.43256,39,04,1,
4515,00687,2022-05-26 02:02:01,25.53556,-103.42994,30,04,1,
4515,00687,2022-05-26 02:02:31,25.53556,-103.42936,0,04,1,
4515,00687,2022-05-26 02:02:57,25.53555,-103.42761,42,04,1,
4515,00687,2022-05-26 02:03:27,25.53553,-103.42409,33,04,1,
4515,00687,2022-05-26 02:03:58,25.53552,-103.42213,0,04,1,
4515,00687,2022-05-26 02:04:28,25.53552,-103.42146,25,04,1,
4515,00687,2022-05-26 02:04:58,25.5355,-103.41949,29,04,1,
4515,00687,2022-05-26 02:05:29,25.53548,-103.41703,28,04,1,
4515,00687,2022-05-26 02:05:59,25.53548,-103.41575,0,04,1,
4515,00687,2022-05-26 02:06:30,25.53548,-103.41569,0,04,1,
4515,00687,2022-05-26 02:07:00,25.53546,-103.41379,36,04,1,
4515,00687,2022-05-26 02:07:30,25.53544,-103.41096,0,04,1,
4515,00687,2022-05-26 02:07:55,25.53544,-103.41027,31,04,1,
4515,00687,2022-05-26 02:08:26,25.53526,-103.40731,9,04,1,
4515,00687,2022-05-26 02:08:56,25.5353,-103.40657,27,04,1,
4515,00687,2022-05-26 02:09:27,25.53527,-103.40522,0,04,1,
4515,00687,2022-05-26 02:09:57,25.5352,-103.40412,11,04,1,
4515,00687,2022-05-26 02:10:27,25.53513,-103.40151,43,04,1,
4515,00687,2022-05-26 02:10:57,25.5351,-103.39769,46,04,1,
4515,00687,2022-05-26 02:11:28,25.53474,-103.39608,0,04,1,
4515,00687,2022-05-26 02:11:58,25.53474,-103.39611,0,04,1,
4515,00687,2022-05-26 02:12:29,25.53474,-103.39611,0,04,1,
4515,00687,2022-05-26 02:12:59,25.53359,-103.3961,24,04,1,
4515,00687,2022-05-26 02:13:24,25.53146,-103.3961,39,04,1,
4515,00687,2022-05-26 02:13:55,25.52913,-103.39614,5,04,1,
4515,00687,2022-05-26 02:14:25,25.52787,-103.39616,12,04,1,
4515,00687,2022-05-26 02:14:55,25.52562,-103.39614,44,04,1,
4515,00687,2022-05-26 02:15:26,25.52352,-103.39617,21,04,1,
4515,00687,2022-05-26 02:15:56,25.52226,-103.39618,0,04,1,
4515,00687,2022-05-26 02:16:26,25.52212,-103.39619,0,04,1,
4515,00687,2022-05-26 02:16:57,25.52078,-103.3962,27,04,1,
4515,00687,2022-05-26 02:17:27,25.51815,-103.39615,16,04,1,
4515,00687,2022-05-26 02:17:57,25.51806,-103.39614,0,04,1,
4515,00687,2022-05-26 02:18:23,25.51757,-103.39587,24,04,1,
4515,00687,2022-05-26 02:18:53,25.51756,-103.39421,0,04,1,
4515,00687,2022-05-26 02:19:23,25.51755,-103.39202,42,04,1,
4515,00687,2022-05-26 02:19:53,25.51752,-103.38987,0,04,1,
4515,00687,2022-05-26 02:20:24,25.51752,-103.38989,0,04,1,
4515,00687,2022-05-26 02:20:54,25.51749,-103.38969,14,04,1,
4515,00687,2022-05-26 02:21:25,25.51568,-103.39155,26,04,1,
4515,00687,2022-05-26 02:21:55,25.51492,-103.39236,0,04,1,
4515,00687,2022-05-26 02:22:26,25.51334,-103.39404,38,04,1,
4515,00687,2022-05-26 02:22:56,25.513,-103.39444,1,04,1,
4515,00687,2022-05-26 02:23:21,25.51264,-103.39471,0,04,1,
4515,00687,2022-05-26 02:23:51,25.51265,-103.3947,0,04,1,
4515,00687,2022-05-26 02:24:22,25.51207,-103.39421,27,04,1,
4515,00687,2022-05-26 02:24:52,25.51096,-103.39247,5,04,1,
4515,00687,2022-05-26 02:25:23,25.51009,-103.3911,0,04,1,
4515,00687,2022-05-26 02:25:53,25.5101,-103.39112,0,04,1,
4515,00687,2022-05-26 02:26:23,25.50945,-103.39011,15,04,1,
4515,00687,2022-05-26 02:26:54,25.50874,-103.389,0,04,1,
4515,00687,2022-05-26 02:27:24,25.50818,-103.38812,21,04,1,
4515,00687,2022-05-26 02:27:54,25.50734,-103.38679,28,04,1,
4515,00687,2022-05-26 02:28:20,25.50652,-103.38549,0,04,1,
4515,00687,2022-05-26 02:28:50,25.50651,-103.38545,2,04,1,
4515,00687,2022-05-26 02:29:20,25.50775,-103.38412,13,04,1,
4515,00687,2022-05-26 02:29:51,25.50876,-103.38335,31,04,1,
4515,00687,2022-05-26 02:30:21,25.50878,-103.38216,1,04,1,
4515,00687,2022-05-26 02:30:52,25.5082,-103.38128,22,04,1,
4515,00687,2022-05-26 02:31:22,25.50738,-103.37999,15,04,1,
4515,00687,2022-05-26 02:31:52,25.50644,-103.38057,27,04,1,
4515,00687,2022-05-26 02:32:23,25.50516,-103.38157,29,04,1,
4515,00687,2022-05-26 02:32:53,25.50435,-103.38214,13,04,1,
4515,00687,2022-05-26 02:33:23,25.50369,-103.38052,8,04,1,
4515,00687,2022-05-26 02:33:49,25.50233,-103.38145,3,04,1,
4515,00687,2022-05-26 02:34:19,25.50116,-103.38238,32,04,1,
4515,00687,2022-05-26 02:34:49,25.50132,-103.38322,22,04,1,
4515,00687,2022-05-26 02:35:20,25.50233,-103.38479,23,04,1,
4515,00687,2022-05-26 02:35:50,25.50274,-103.38576,5,04,1,
4515,00687,2022-05-26 02:36:20,25.50207,-103.38625,21,04,1,
4515,00687,2022-05-26 02:36:51,25.50121,-103.38691,7,04,1,
4515,00687,2022-05-26 02:37:21,25.50034,-103.38538,22,04,1,
4515,00687,2022-05-26 02:37:51,25.49949,-103.38384,16,04,1,
4515,00687,2022-05-26 02:38:22,25.49844,-103.3832,30,04,1,
4515,00687,2022-05-26 02:38:47,25.4974,-103.38134,31,04,1,
4515,00687,2022-05-26 02:39:17,25.49654,-103.37994,0,04,1,
4515,00687,2022-05-26 02:39:48,25.49613,-103.38012,20,04,1,
4515,00687,2022-05-26 02:40:18,25.49606,-103.37977,0,04,1,
4515,00687,2022-05-26 02:40:48,25.49606,-103.37977,0,04,1,
4515,00687,2022-05-26 02:41:19,25.49606,-103.37971,9,04,1,
4515,00687,2022-05-26 02:41:24,25.49615,-103.37962,9,00,1,
4515,00687,2022-05-26 02:41:51,25.49643,-103.37964,12,00,1,
4515,00687,2022-05-26 02:42:20,25.49773,-103.38168,37,00,1,
4515,00687,2022-05-26 02:42:50,25.49944,-103.38473,47,00,1,
4515,00687,2022-05-26 02:43:20,25.50115,-103.3878,36,00,1,
4515,00687,2022-05-26 02:43:51,25.50271,-103.39088,48,00,1,
4515,00687,2022-05-26 02:44:21,25.50398,-103.39313,0,00,1,
4515,00687,2022-05-26 02:44:51,25.50397,-103.3931,0,00,1,
4515,00687,2022-05-26 02:45:22,25.50523,-103.39533,45,00,1,
4515,00687,2022-05-26 02:45:52,25.50711,-103.39867,43,00,1,
4515,00687,2022-05-26 02:46:23,25.50751,-103.39945,0,00,1,
4515,00687,2022-05-26 02:46:50,25.5075,-103.3997,0,00,1,
4515,00687,2022-05-26 02:47:18,25.50726,-103.39998,0,00,1,
4515,00687,2022-05-26 02:47:49,25.50689,-103.40042,13,00,1,
4515,00687,2022-05-26 02:48:19,25.50701,-103.40024,0,00,1,
4515,00687,2022-05-26 02:48:50,25.5071,-103.40025,0,00,1,
4515,00687,2022-05-26 02:49:20,25.50712,-103.40026,0,00,1,
4515,00687,2022-05-26 02:49:50,25.50711,-103.40026,0,00,1,
4515,00687,2022-05-26 02:50:21,25.50708,-103.40024,0,00,1,
4515,00687,2022-05-26 02:50:51,25.50706,-103.40023,0,00,1,
4515,00687,2022-05-26 02:51:22,25.50706,-103.40022,0,00,1,
4515,00687,2022-05-26 02:51:47,25.50705,-103.40021,0,00,1,
4515,00687,2022-05-26 02:52:17,25.50707,-103.4002,0,00,1,
4515,00687,2022-05-26 02:52:47,25.5071,-103.40021,0,00,1,
4515,00687,2022-05-26 02:53:18,25.50712,-103.4002,0,00,1,
4515,00687,2022-05-26 02:53:48,25.50713,-103.40021,0,00,1,
4515,00687,2022-05-26 02:54:18,25.50711,-103.40019,0,00,1,
4515,00687,2022-05-26 02:54:49,25.50711,-103.40019,0,00,1,
4515,00687,2022-05-26 02:55:19,25.50715,-103.40021,0,00,1,
4515,00688,2022-05-26 02:58:25,25.50686,-103.40048,3,04,1,
4515,00688,2022-05-26 02:58:30,25.50682,-103.40046,2,00,1,
4515,00688,2022-05-26 02:59:00,25.5068,-103.40046,0,00,1,
4515,00688,2022-05-26 02:59:31,25.50681,-103.40046,0,00,1,
4515,00688,2022-05-26 03:00:01,25.50681,-103.40046,0,00,1,
4515,00688,2022-05-26 03:00:26,25.50682,-103.40045,0,00,1,
4515,00688,2022-05-26 03:00:57,25.50682,-103.40046,0,00,1,
4515,00688,2022-05-26 03:01:27,25.50681,-103.40046,0,00,1,
4515,00688,2022-05-26 03:01:57,25.50681,-103.40046,0,00,1,
4515,00688,2022-05-26 03:02:28,25.50681,-103.40047,0,00,1,
4515,00688,2022-05-26 03:02:58,25.50679,-103.40046,0,00,1,
4515,00688,2022-05-26 03:03:28,25.50677,-103.40045,0,00,1,
4515,00688,2022-05-26 03:03:59,25.50676,-103.40044,0,00,1,
4515,00688,2022-05-26 03:04:29,25.50676,-103.40043,0,00,1,
4515,00688,2022-05-26 03:05:00,25.5068,-103.40045,0,00,1,
4515,00688,2022-05-26 03:05:25,25.50681,-103.40046,0,00,1,
4515,00688,2022-05-26 03:05:55,25.50682,-103.40047,0,00,1,
4515,00688,2022-05-26 03:06:22,25.50681,-103.40047,0,00,1,
4515,00689,2022-05-26 04:04:26,25.50681,-103.40043,0,04,1,
4515,00689,2022-05-26 04:04:52,25.50703,-103.40048,7,04,1,
4515,00689,2022-05-26 04:05:02,25.50724,-103.40027,17,00,1,
4515,00689,2022-05-26 04:05:32,25.5072,-103.39925,18,00,1,
4515,00689,2022-05-26 04:06:03,25.50636,-103.39781,0,00,1,
4515,00689,2022-05-26 04:06:34,25.50537,-103.39599,36,00,1,
4515,00689,2022-05-26 04:07:04,25.50479,-103.39493,2,00,1,
4515,00689,2022-05-26 04:07:35,25.5048,-103.39493,0,00,1,
4515,00689,2022-05-26 04:08:05,25.50397,-103.39346,24,00,1,
4515,00689,2022-05-26 04:08:36,25.50245,-103.39076,46,00,1,
4515,00689,2022-05-26 04:09:02,25.50075,-103.38725,48,00,1,
4515,00689,2022-05-26 04:09:27,25.49931,-103.38474,39,00,1,
4515,00689,2022-05-26 04:09:58,25.49744,-103.38137,42,00,1,
4515,00689,2022-05-26 04:10:28,25.49661,-103.37997,0,00,1,
4515,00689,2022-05-26 04:10:59,25.49662,-103.37997,5,00,1,
4515,00689,2022-05-26 04:11:30,25.49664,-103.37796,17,00,1,
4515,00689,2022-05-26 04:12:00,25.49696,-103.37596,38,00,1,
4515,00689,2022-05-26 04:12:31,25.49726,-103.37393,29,00,1,
4515,00689,2022-05-26 04:13:01,25.49762,-103.3699,63,00,1,
4515,00689,2022-05-26 04:13:32,25.49616,-103.3663,51,00,1,
4515,00689,2022-05-26 04:14:02,25.49327,-103.36627,30,00,1,
4515,00689,2022-05-26 04:14:28,25.49056,-103.36629,26,00,1,
4515,00689,2022-05-26 04:14:58,25.48907,-103.36584,15,00,1,
4515,00689,2022-05-26 04:15:29,25.48989,-103.36438,31,00,1,
4515,00689,2022-05-26 04:15:59,25.49115,-103.36252,20,00,1,
4515,00689,2022-05-26 04:16:30,25.49187,-103.36063,30,00,1,
4515,00689,2022-05-26 04:17:00,25.49065,-103.35932,10,00,1,
4515,00689,2022-05-26 04:17:31,25.4898,-103.36025,9,00,1,
4515,00689,2022-05-26 04:18:01,25.48982,-103.36024,4,00,1,
4515,00689,2022-05-26 04:18:32,25.48983,-103.36025,0,00,1,
4515,00689,2022-05-26 04:19:02,25.48982,-103.36025,0,00,1,
4515,00689,2022-05-26 04:19:28,25.48982,-103.36025,0,00,1,
4515,00689,2022-05-26 04:19:58,25.48982,-103.36026,0,00,1,
4515,00689,2022-05-26 04:20:29,25.48982,-103.36026,0,00,1,
4515,00689,2022-05-26 04:20:59,25.48982,-103.36026,0,00,1,
4515,00689,2022-05-26 04:21:30,25.48982,-103.36025,0,00,1,
4515,00689,2022-05-26 04:22:00,25.48982,-103.36024,0,00,1,
4515,00689,2022-05-26 04:22:31,25.48982,-103.36023,0,00,1,
4515,00689,2022-05-26 04:23:01,25.48983,-103.36023,0,00,1,
4515,00689,2022-05-26 04:23:32,25.48983,-103.36024,0,00,1,
4515,00689,2022-05-26 04:24:02,25.48983,-103.36024,0,00,1,
4515,00689,2022-05-26 04:24:30,25.48984,-103.36024,0,00,1,
4515,00689,2022-05-26 04:24:58,25.48984,-103.36024,0,00,1,
4515,00689,2022-05-26 04:25:29,25.48985,-103.36023,0,00,1,
4515,00689,2022-05-26 04:25:59,25.48985,-103.36022,0,00,1,
4515,00689,2022-05-26 04:26:30,25.48985,-103.36022,0,00,1,
