Code vehicule,Code chauffeur,Date (GMT),Latitude,Longitude,Vitesse,I/O,Valide
6278,00759,2022-05-25 11:24:13,25.51606,-103.37922,0,04,1,
6278,00759,2022-05-25 11:24:13,25.51606,-103.37922,0,05,1,
6278,00759,2022-05-25 11:24:44,25.51606,-103.37921,0,04,1,
6278,00759,2022-05-25 11:25:09,25.51606,-103.37921,0,04,1,
6278,00759,2022-05-25 11:25:39,25.51606,-103.37921,0,04,1,
6278,00759,2022-05-25 11:26:10,25.51607,-103.3792,0,04,1,
6278,00759,2022-05-25 11:26:40,25.51608,-103.37919,0,04,1,
6278,00759,2022-05-25 11:27:10,25.51608,-103.37918,0,04,1,
6278,00759,2022-05-25 11:27:41,25.51609,-103.37917,0,04,1,
6278,00759,2022-05-25 11:28:11,25.5161,-103.37917,0,04,1,
6278,00759,2022-05-25 11:28:37,25.51611,-103.37916,0,04,1,
6278,00759,2022-05-25 11:29:08,25.51611,-103.37915,0,04,1,
6278,00759,2022-05-25 11:29:38,25.51612,-103.37916,0,04,1,
6278,00759,2022-05-25 11:30:08,25.51611,-103.37917,0,04,1,
6278,00759,2022-05-25 11:30:34,25.51612,-103.37917,0,04,1,
6278,00759,2022-05-25 11:31:04,25.51612,-103.37917,0,04,1,
6278,00759,2022-05-25 11:31:34,25.51611,-103.37918,0,04,1,
6278,00759,2022-05-25 11:32:05,25.51611,-103.37917,0,04,1,
6278,00759,2022-05-25 11:32:35,25.5161,-103.37917,0,04,1,
6278,00759,2022-05-25 11:33:05,25.5161,-103.37917,0,04,1,
6278,00759,2022-05-25 11:33:36,25.5161,-103.37917,0,04,1,
6278,00759,2022-05-25 11:34:06,25.5161,-103.37916,0,04,1,
6278,00759,2022-05-25 11:34:36,25.51611,-103.37916,0,04,1,
6278,00759,2022-05-25 11:35:07,25.51609,-103.37911,0,04,1,
6278,00759,2022-05-25 11:35:34,25.51608,-103.37908,0,04,1,
6278,00759,2022-05-25 11:36:02,25.51608,-103.37909,0,04,1,
6278,00759,2022-05-25 11:36:32,25.51608,-103.3791,0,04,1,
6278,00759,2022-05-25 11:37:03,25.51607,-103.37912,0,04,1,
6278,00759,2022-05-25 11:37:33,25.51606,-103.37912,0,04,1,
6278,00759,2022-05-25 11:38:03,25.51606,-103.37913,0,04,1,
6278,00759,2022-05-25 11:38:34,25.51607,-103.37913,0,04,1,
6278,00759,2022-05-25 11:39:04,25.51607,-103.37914,0,04,1,
6278,00759,2022-05-25 11:39:34,25.51607,-103.37914,0,04,1,
6278,00759,2022-05-25 11:40:05,25.51606,-103.37914,0,04,1,
6278,00759,2022-05-25 11:40:35,25.51607,-103.37913,0,04,1,
6278,00759,2022-05-25 11:41:00,25.51608,-103.37913,0,04,1,
6278,00759,2022-05-25 11:41:31,25.51608,-103.37913,0,04,1,
6278,00759,2022-05-25 11:42:01,25.5161,-103.37914,0,04,1,
6278,00759,2022-05-25 11:42:32,25.51611,-103.37915,0,04,1,
6278,00759,2022-05-25 11:43:02,25.5161,-103.37914,0,04,1,
6278,00759,2022-05-25 11:43:27,25.5162,-103.37903,5,00,1,
6278,00759,2022-05-25 11:43:57,25.51607,-103.37911,2,00,1,
6278,00759,2022-05-25 11:44:28,25.51562,-103.37947,16,00,1,
6278,00759,2022-05-25 11:44:58,25.51521,-103.38021,14,00,1,
6278,00759,2022-05-25 11:45:28,25.51593,-103.38131,15,00,1,
6278,00759,2022-05-25 11:45:59,25.51698,-103.38304,25,00,1,
6278,00759,2022-05-25 11:46:24,25.51815,-103.38447,23,00,1,
6278,00759,2022-05-25 11:46:54,25.51939,-103.38588,26,00,1,
6278,00759,2022-05-25 11:47:25,25.51993,-103.3865,9,00,1,
6278,00760,2022-05-25 12:03:59,25.49294,-103.41167,19,04,1,
6278,00760,2022-05-25 12:04:25,25.4935,-103.40258,0,04,1,
6278,00760,2022-05-25 12:04:55,25.4935,-103.40257,0,04,1,
6278,00760,2022-05-25 12:05:26,25.49349,-103.40256,0,04,1,
6278,00760,2022-05-25 12:05:56,25.49349,-103.40256,0,04,1,
6278,00760,2022-05-25 12:06:22,25.49349,-103.40257,0,04,1,
6278,00760,2022-05-25 12:06:52,25.49361,-103.40252,10,04,1,
6278,00760,2022-05-25 12:07:23,25.49472,-103.40362,0,04,1,
6278,00760,2022-05-25 12:07:53,25.4955,-103.40458,29,04,1,
6278,00760,2022-05-25 12:08:23,25.49629,-103.40542,21,04,1,
6278,00760,2022-05-25 12:08:54,25.49707,-103.40685,22,04,1,
6278,00760,2022-05-25 12:09:24,25.49665,-103.4083,26,04,1,
6278,00760,2022-05-25 12:09:49,25.49582,-103.40908,27,04,1,
6278,00760,2022-05-25 12:10:20,25.49583,-103.40962,29,04,1,
6278,00760,2022-05-25 12:10:50,25.49658,-103.4103,0,04,1,
6278,00760,2022-05-25 12:11:20,25.49671,-103.41028,19,04,1,
6278,00760,2022-05-25 12:11:51,25.49968,-103.40811,44,04,1,
6278,00760,2022-05-25 12:12:21,25.5022,-103.40577,10,04,1,
6278,00760,2022-05-25 12:12:51,25.50318,-103.40499,21,04,1,
6278,00760,2022-05-25 12:13:22,25.50467,-103.40338,0,04,1,
6278,00760,2022-05-25 12:13:52,25.5057,-103.40216,27,04,1,
6278,00760,2022-05-25 12:14:22,25.50664,-103.40101,46,04,1,
6278,00760,2022-05-25 12:14:48,25.5075,-103.39996,15,04,1,
6278,00760,2022-05-25 12:15:18,25.5084,-103.39898,0,04,1,
6278,00760,2022-05-25 12:15:48,25.50973,-103.39762,50,04,1,
6278,00760,2022-05-25 12:16:19,25.51269,-103.39446,0,04,1,
6278,00760,2022-05-25 12:16:49,25.51267,-103.39447,4,04,1,
6278,00760,2022-05-25 12:17:19,25.51501,-103.39405,36,04,1,
6278,00760,2022-05-25 12:17:50,25.51675,-103.39405,16,04,1,
6278,00760,2022-05-25 12:18:20,25.51741,-103.39404,0,04,1,
6278,00760,2022-05-25 12:18:50,25.5174,-103.39403,0,04,1,
6278,00760,2022-05-25 12:19:21,25.51768,-103.39403,22,04,1,
6278,00760,2022-05-25 12:19:51,25.52042,-103.39402,26,04,1,
6278,00760,2022-05-25 12:20:16,25.52227,-103.394,0,04,1,
6278,00760,2022-05-25 12:20:47,25.52341,-103.39398,24,04,1,
6278,00760,2022-05-25 12:21:17,25.52466,-103.39397,1,04,1,
6278,00760,2022-05-25 12:21:47,25.52722,-103.39396,38,04,1,
6278,00760,2022-05-25 12:22:18,25.52877,-103.39394,37,04,1,
6278,00760,2022-05-25 12:22:48,25.52991,-103.39393,32,04,1,
6278,00760,2022-05-25 12:23:18,25.5316,-103.39391,0,04,1,
6278,00760,2022-05-25 12:23:48,25.53216,-103.39391,0,04,1,
6278,00760,2022-05-25 12:24:19,25.53301,-103.39386,35,04,1,
6278,00760,2022-05-25 12:24:49,25.53425,-103.39383,0,04,1,
6278,00760,2022-05-25 12:25:20,25.5343,-103.39383,7,04,1,
6278,00760,2022-05-25 12:25:45,25.53534,-103.39438,30,04,1,
6278,00760,2022-05-25 12:26:15,25.53537,-103.39563,0,04,1,
6278,00760,2022-05-25 12:26:45,25.53536,-103.39795,53,04,1,
6278,00760,2022-05-25 12:27:16,25.53539,-103.3995,16,04,1,
6278,00760,2022-05-25 12:27:46,25.53531,-103.40302,38,04,1,
6278,00760,2022-05-25 12:28:16,25.53539,-103.40435,0,04,1,
6278,00760,2022-05-25 12:28:47,25.5355,-103.40505,35,04,1,
6278,00760,2022-05-25 12:29:17,25.53558,-103.40876,42,04,1,
6278,00760,2022-05-25 12:29:47,25.53558,-103.4106,20,04,1,
6278,00760,2022-05-25 12:30:18,25.5356,-103.41362,5,04,1,
6278,00760,2022-05-25 12:30:48,25.5356,-103.41361,0,04,1,
6278,00760,2022-05-25 12:31:13,25.53561,-103.41361,5,04,1,
6278,00760,2022-05-25 12:31:44,25.53561,-103.41537,34,04,1,
6278,00760,2022-05-25 12:32:14,25.53564,-103.41816,0,04,1,
6278,00760,2022-05-25 12:32:44,25.53563,-103.41895,34,04,1,
6278,00760,2022-05-25 12:33:15,25.53562,-103.41985,15,04,1,
6278,00760,2022-05-25 12:33:45,25.53565,-103.42061,10,04,1,
6278,00760,2022-05-25 12:34:15,25.53566,-103.42245,0,04,1,
6278,00760,2022-05-25 12:34:46,25.53566,-103.42401,31,04,1,
6278,00760,2022-05-25 12:35:16,25.53568,-103.42634,49,04,1,
6278,00760,2022-05-25 12:35:46,25.5357,-103.42868,0,04,1,
6278,00760,2022-05-25 12:36:17,25.5357,-103.42916,28,04,1,
6278,00760,2022-05-25 12:36:42,25.53572,-103.43116,11,04,1,
6278,00760,2022-05-25 12:37:12,25.53573,-103.43376,0,04,1,
6278,00760,2022-05-25 12:37:43,25.53574,-103.43374,0,04,1,
6278,00760,2022-05-25 12:38:13,25.53574,-103.43417,17,04,1,
6278,00760,2022-05-25 12:38:44,25.53577,-103.43615,0,04,1,
6278,00760,2022-05-25 12:39:14,25.53577,-103.43867,53,04,1,
6278,00760,2022-05-25 12:39:44,25.53578,-103.44084,22,04,1,
6278,00760,2022-05-25 12:40:14,25.53579,-103.44186,8,04,1,
6278,00760,2022-05-25 12:40:45,25.53581,-103.44431,0,04,1,
6278,00760,2022-05-25 12:41:15,25.53581,-103.44562,11,04,1,
6278,00760,2022-05-25 12:41:40,25.5358,-103.44677,41,04,1,
6278,00760,2022-05-25 12:42:11,25.53581,-103.44773,2,04,1,
6278,00760,2022-05-25 12:42:41,25.53583,-103.45057,45,04,1,
6278,00760,2022-05-25 12:43:12,25.53586,-103.45287,19,04,1,
6278,00760,2022-05-25 12:43:42,25.53583,-103.45372,34,04,1,
6278,00760,2022-05-25 12:44:12,25.53588,-103.45686,19,04,1,
6278,00760,2022-05-25 12:44:43,25.53587,-103.45947,5,04,1,
6278,00760,2022-05-25 12:45:13,25.53587,-103.46051,38,04,1,
6278,00760,2022-05-25 12:45:43,25.53554,-103.46225,39,04,1,
6278,00760,2022-05-25 12:46:14,25.53491,-103.46498,17,04,1,
6278,00760,2022-05-25 12:46:39,25.53638,-103.46544,30,04,1,
6278,00760,2022-05-25 12:47:09,25.53709,-103.46563,28,04,1,
6278,00760,2022-05-25 12:47:40,25.5373,-103.46568,0,04,1,
6278,00760,2022-05-25 12:48:10,25.5373,-103.46567,0,04,1,
6278,00760,2022-05-25 12:48:40,25.53874,-103.46606,38,04,1,
6278,00760,2022-05-25 12:49:11,25.5405,-103.46654,11,04,1,
6278,00760,2022-05-25 12:49:41,25.5415,-103.46689,24,04,1,
6278,00760,2022-05-25 12:50:11,25.5414,-103.46786,28,04,1,
6278,00760,2022-05-25 12:50:42,25.54002,-103.46759,0,04,1,
6278,00760,2022-05-25 12:51:12,25.54003,-103.46758,0,04,1,
6278,00760,2022-05-25 12:51:42,25.54003,-103.46758,0,04,1,
6278,00760,2022-05-25 12:52:08,25.54002,-103.46759,0,04,1,
6278,00760,2022-05-25 12:52:38,25.53915,-103.46734,32,04,1,
6278,00760,2022-05-25 12:53:08,25.53735,-103.46686,13,04,1,
6278,00760,2022-05-25 12:53:39,25.53724,-103.46684,0,04,1,
6278,00760,2022-05-25 12:54:09,25.53724,-103.46685,0,04,1,
6278,00760,2022-05-25 12:54:39,25.53725,-103.46684,0,04,1,
6278,00760,2022-05-25 12:55:10,25.5363,-103.46655,0,04,1,
6278,00760,2022-05-25 12:55:40,25.53554,-103.46632,15,04,1,
6278,00760,2022-05-25 12:56:11,25.53512,-103.46613,0,04,1,
6278,00760,2022-05-25 12:56:41,25.5348,-103.4649,38,04,1,
6278,00760,2022-05-25 12:57:06,25.53536,-103.46228,39,04,1,
6278,00760,2022-05-25 12:57:37,25.53576,-103.45982,24,04,1,
6278,00760,2022-05-25 12:58:07,25.53574,-103.45777,24,04,1,
6278,00760,2022-05-25 12:58:37,25.53575,-103.45565,51,04,1,
6278,00760,2022-05-25 12:59:08,25.53569,-103.45231,29,04,1,
6278,00760,2022-05-25 12:59:38,25.53567,-103.44962,29,04,1,
6278,00760,2022-05-25 13:00:08,25.53564,-103.44934,0,04,1,
6278,00760,2022-05-25 13:00:39,25.53563,-103.44714,18,04,1,
6278,00760,2022-05-25 13:01:09,25.53563,-103.44604,9,04,1,
6278,00760,2022-05-25 13:01:39,25.53566,-103.44584,0,04,1,
6278,00760,2022-05-25 13:02:05,25.53567,-103.44582,0,04,1,
6278,00760,2022-05-25 13:02:35,25.53565,-103.44458,34,04,1,
6278,00760,2022-05-25 13:03:05,25.53561,-103.44172,30,04,1,
6278,00760,2022-05-25 13:03:36,25.53559,-103.4396,0,04,1,
6278,00760,2022-05-25 13:04:06,25.53558,-103.43798,40,04,1,
6278,00760,2022-05-25 13:04:36,25.53555,-103.43661,0,04,1,
6278,00760,2022-05-25 13:05:07,25.53554,-103.4361,22,04,1,
6278,00760,2022-05-25 13:05:37,25.53554,-103.4357,0,04,1,
6278,00760,2022-05-25 13:06:07,25.53555,-103.43571,2,04,1,
6278,00760,2022-05-25 13:06:38,25.53553,-103.43327,28,04,1,
6278,00760,2022-05-25 13:07:08,25.53555,-103.4299,33,04,1,
6278,00760,2022-05-25 13:07:33,25.53554,-103.42969,0,04,1,
6278,00760,2022-05-25 13:08:04,25.53552,-103.4271,49,04,1,
6278,00760,2022-05-25 13:08:34,25.53549,-103.42514,37,04,1,
6278,00760,2022-05-25 13:09:05,25.53548,-103.42296,0,04,1,
6278,00760,2022-05-25 13:09:35,25.53547,-103.42242,13,04,1,
6278,00760,2022-05-25 13:10:05,25.53547,-103.42208,3,04,1,
6278,00760,2022-05-25 13:10:36,25.53546,-103.42178,6,04,1,
6278,00760,2022-05-25 13:11:06,25.53549,-103.42108,12,04,1,
6278,00760,2022-05-25 13:11:36,25.53549,-103.42057,5,04,1,
6278,00760,2022-05-25 13:12:07,25.53547,-103.4181,45,04,1,
6278,00760,2022-05-25 13:12:32,25.53543,-103.41574,0,04,1,
6278,00760,2022-05-25 13:13:02,25.53544,-103.41577,0,04,1,
6278,00760,2022-05-25 13:13:33,25.53542,-103.41404,36,04,1,
6278,00760,2022-05-25 13:14:03,25.5354,-103.41073,36,04,1,
6278,00760,2022-05-25 13:14:33,25.53521,-103.40737,8,04,1,
6278,00760,2022-05-25 13:15:04,25.53523,-103.40678,0,04,1,
6278,00760,2022-05-25 13:15:34,25.53524,-103.40501,39,04,1,
6278,00760,2022-05-25 13:16:04,25.5351,-103.40113,52,04,1,
6278,00760,2022-05-25 13:16:35,25.53506,-103.39648,43,04,1,
6278,00760,2022-05-25 13:17:05,25.53472,-103.39611,0,04,1,
6278,00760,2022-05-25 13:17:30,25.53473,-103.39612,0,04,1,
6278,00760,2022-05-25 13:18:01,25.53473,-103.39614,0,04,1,
6278,00760,2022-05-25 13:18:31,25.53473,-103.39613,0,04,1,
6278,00760,2022-05-25 13:19:02,25.53476,-103.39614,0,04,1,
6278,00760,2022-05-25 13:19:32,25.53477,-103.39614,0,04,1,
6278,00760,2022-05-25 13:20:02,25.53476,-103.39614,0,04,1,
6278,00760,2022-05-25 13:20:33,25.53475,-103.39613,0,04,1,
6278,00760,2022-05-25 13:21:03,25.53428,-103.39612,29,04,1,
6278,00760,2022-05-25 13:21:33,25.53189,-103.39611,38,04,1,
6278,00760,2022-05-25 13:22:04,25.53046,-103.39612,38,04,1,
6278,00760,2022-05-25 13:22:31,25.52818,-103.39613,42,04,1,
6278,00760,2022-05-25 13:22:59,25.52445,-103.39614,56,04,1,
6278,00760,2022-05-25 13:23:30,25.52259,-103.39617,0,04,1,
6278,00760,2022-05-25 13:24:00,25.52084,-103.39619,26,04,1,
6278,00760,2022-05-25 13:24:30,25.51762,-103.39614,28,04,1,
6278,00760,2022-05-25 13:25:01,25.51752,-103.39474,38,04,1,
6278,00760,2022-05-25 13:25:31,25.51751,-103.39259,41,04,1,
6278,00760,2022-05-25 13:26:01,25.51749,-103.39002,0,04,1,
6278,00760,2022-05-25 13:26:32,25.51751,-103.39006,0,04,1,
6278,00760,2022-05-25 13:27:02,25.5175,-103.38978,18,04,1,
6278,00760,2022-05-25 13:27:32,25.51576,-103.39147,42,04,1,
6278,00760,2022-05-25 13:27:58,25.51451,-103.39284,21,04,1,
6278,00760,2022-05-25 13:28:28,25.51298,-103.39448,0,04,1,
6278,00760,2022-05-25 13:28:58,25.51264,-103.39474,0,04,1,
6278,00760,2022-05-25 13:29:29,25.51264,-103.39473,0,04,1,
6278,00760,2022-05-25 13:29:59,25.51201,-103.39415,9,04,1,
6278,00760,2022-05-25 13:30:29,25.51156,-103.39344,33,04,1,
6278,00760,2022-05-25 13:31:00,25.51073,-103.39214,25,04,1,
6278,00760,2022-05-25 13:31:30,25.50999,-103.391,0,04,1,
6278,00760,2022-05-25 13:32:00,25.50925,-103.38983,4,04,1,
6278,00760,2022-05-25 13:32:31,25.50845,-103.38858,31,04,1,
6278,00760,2022-05-25 13:33:01,25.50711,-103.38646,37,04,1,
6278,00760,2022-05-25 13:33:27,25.50661,-103.38571,12,04,1,
6278,00760,2022-05-25 13:33:57,25.50769,-103.38417,30,04,1,
6278,00760,2022-05-25 13:34:27,25.50922,-103.38281,13,04,1,
6278,00760,2022-05-25 13:34:57,25.50826,-103.38137,22,04,1,
6278,00760,2022-05-25 13:35:28,25.50736,-103.38002,0,04,1,
6278,00760,2022-05-25 13:35:58,25.50644,-103.38057,31,04,1,
6278,00760,2022-05-25 13:36:28,25.50493,-103.38175,34,04,1,
6278,00760,2022-05-25 13:36:59,25.50384,-103.38119,33,04,1,
6278,00760,2022-05-25 13:37:29,25.50305,-103.38091,33,04,1,
6278,00760,2022-05-25 13:38:00,25.50174,-103.38194,35,04,1,
6278,00760,2022-05-25 13:38:25,25.50094,-103.38265,12,04,1,
6278,00760,2022-05-25 13:38:55,25.50194,-103.38413,27,04,1,
6278,00760,2022-05-25 13:39:26,25.50258,-103.38586,15,04,1,
6278,00760,2022-05-25 13:39:56,25.50127,-103.38687,17,04,1,
6278,00760,2022-05-25 13:40:26,25.50036,-103.38544,28,04,1,
6278,00760,2022-05-25 13:40:57,25.49942,-103.38378,0,04,1,
6278,00760,2022-05-25 13:41:27,25.49833,-103.38301,40,04,1,
6278,00760,2022-05-25 13:41:57,25.49657,-103.37998,18,04,1,
6278,00760,2022-05-25 13:42:28,25.49589,-103.38024,11,04,1,
6278,00760,2022-05-25 13:42:58,25.49606,-103.3802,0,04,1,
6278,00760,2022-05-25 13:43:28,25.49606,-103.38019,0,04,1,
6278,00760,2022-05-25 14:03:01,25.49606,-103.38014,0,04,1,
6278,00760,2022-05-25 14:03:27,25.49607,-103.38016,0,04,1,
6278,00760,2022-05-25 14:03:57,25.49607,-103.38017,0,04,1,
6278,00760,2022-05-25 14:04:28,25.49606,-103.38015,0,04,1,
6278,00760,2022-05-25 14:04:58,25.49606,-103.38016,0,04,1,
6278,00760,2022-05-25 14:05:28,25.49606,-103.38016,0,04,1,
6278,00760,2022-05-25 14:05:59,25.49606,-103.38016,0,04,1,
6278,00760,2022-05-25 14:06:29,25.49605,-103.38017,0,04,1,
6278,00760,2022-05-25 14:06:59,25.49605,-103.38017,0,04,1,
6278,00760,2022-05-25 14:07:30,25.49605,-103.38018,0,04,1,
6278,00760,2022-05-25 14:07:55,25.49605,-103.38018,0,04,1,
6278,00760,2022-05-25 14:08:25,25.49605,-103.38018,0,04,1,
6278,00760,2022-05-25 14:08:55,25.49634,-103.38018,15,04,1,
6278,00760,2022-05-25 14:09:26,25.4964,-103.37985,0,04,1,
6278,00760,2022-05-25 14:09:56,25.49641,-103.37985,0,04,1,
6278,00760,2022-05-25 14:10:26,25.49677,-103.37997,0,04,1,
6278,00760,2022-05-25 14:10:57,25.49677,-103.37997,0,04,1,
6278,00760,2022-05-25 14:11:23,25.49677,-103.37996,0,04,1,
6278,00760,2022-05-25 14:11:53,25.49677,-103.37997,3,04,1,
6278,00760,2022-05-25 14:12:24,25.49781,-103.38182,40,04,1,
6278,00760,2022-05-25 14:12:54,25.49969,-103.38517,45,04,1,
6278,00760,2022-05-25 14:13:19,25.50037,-103.38638,38,04,1,
6278,00760,2022-05-25 14:13:50,25.50202,-103.38945,35,04,1,
6278,00760,2022-05-25 14:14:20,25.50326,-103.3916,14,04,1,
6278,00760,2022-05-25 14:14:50,25.50328,-103.39151,5,04,1,
6278,00760,2022-05-25 14:15:21,25.50424,-103.39077,19,04,1,
6278,00760,2022-05-25 14:15:51,25.50527,-103.38941,27,04,1,
6278,00760,2022-05-25 14:16:21,25.50465,-103.38846,6,04,1,
6278,00760,2022-05-25 14:16:52,25.50388,-103.38728,17,04,1,
6278,00760,2022-05-25 14:17:22,25.50327,-103.3863,10,04,1,
6278,00760,2022-05-25 14:17:52,25.50288,-103.38567,28,04,1,
6278,00760,2022-05-25 14:18:23,25.50166,-103.38381,39,04,1,
6278,00760,2022-05-25 14:18:48,25.50098,-103.38275,1,04,1,
6278,00760,2022-05-25 14:19:18,25.50103,-103.38232,12,04,1,
6278,00760,2022-05-25 14:19:49,25.50245,-103.38126,17,04,1,
6278,00760,2022-05-25 14:20:19,25.50392,-103.38057,23,04,1,
6278,00760,2022-05-25 14:20:49,25.50504,-103.38167,31,04,1,
6278,00760,2022-05-25 14:21:20,25.50581,-103.38104,3,04,1,
6278,00760,2022-05-25 14:21:50,25.5074,-103.37996,14,04,1,
6278,00760,2022-05-25 14:22:20,25.50808,-103.38106,13,04,1,
6278,00760,2022-05-25 14:22:51,25.50878,-103.38217,29,04,1,
6278,00760,2022-05-25 14:23:21,25.50936,-103.3831,13,04,1,
6278,00760,2022-05-25 14:23:51,25.50683,-103.38517,44,04,1,
6278,00760,2022-05-25 14:24:17,25.50685,-103.38588,32,04,1,
6278,00760,2022-05-25 14:24:47,25.50811,-103.3878,31,04,1,
6278,00760,2022-05-25 14:25:17,25.50892,-103.38908,40,04,1,
6278,00760,2022-05-25 14:25:48,25.50984,-103.39046,16,04,1,
6278,00760,2022-05-25 14:26:18,25.51101,-103.39235,26,04,1,
6278,00760,2022-05-25 14:26:48,25.51251,-103.39464,0,04,1,
6278,00760,2022-05-25 14:27:19,25.51268,-103.39445,0,04,1,
6278,00760,2022-05-25 14:27:49,25.51267,-103.39445,0,04,1,
6278,00760,2022-05-25 14:28:19,25.51267,-103.39446,0,04,1,
6278,00760,2022-05-25 14:28:50,25.51272,-103.39443,12,04,1,
6278,00760,2022-05-25 14:29:17,25.51351,-103.39403,24,04,1,
6278,00760,2022-05-25 14:29:45,25.51485,-103.394,28,04,1,
6278,00760,2022-05-25 14:30:15,25.51733,-103.39398,25,04,1,
6278,00760,2022-05-25 14:30:46,25.51941,-103.39397,43,04,1,
6278,00760,2022-05-25 14:31:16,25.52113,-103.39396,38,04,1,
6278,00760,2022-05-25 14:31:46,25.52239,-103.39395,9,04,1,
6278,00760,2022-05-25 14:32:17,25.5247,-103.39393,0,04,1,
6278,00760,2022-05-25 14:32:47,25.52647,-103.39392,40,04,1,
6278,00760,2022-05-25 14:33:17,25.52903,-103.39388,2,04,1,
6278,00760,2022-05-25 14:33:48,25.53085,-103.39387,27,04,1,
6278,00760,2022-05-25 14:34:18,25.53185,-103.39386,26,04,1,
6278,00760,2022-05-25 14:34:48,25.53307,-103.39381,32,04,1,
6278,00760,2022-05-25 14:35:14,25.53428,-103.39378,0,04,1,
6278,00760,2022-05-25 14:35:44,25.53482,-103.39381,18,04,1,
6278,00760,2022-05-25 14:36:14,25.53491,-103.3938,0,04,1,
6278,00760,2022-05-25 14:36:45,25.5349,-103.39379,0,04,1,
6278,00760,2022-05-25 14:37:15,25.53531,-103.39416,28,04,1,
6278,00760,2022-05-25 14:37:45,25.53536,-103.39564,4,04,1,
6278,00760,2022-05-25 14:38:16,25.53533,-103.39794,41,04,1,
6278,00760,2022-05-25 14:38:46,25.53534,-103.40125,0,04,1,
6278,00760,2022-05-25 14:39:16,25.53533,-103.40322,40,04,1,
6278,00760,2022-05-25 14:39:47,25.5354,-103.40458,0,04,1,
6278,00760,2022-05-25 14:40:14,25.53541,-103.4046,5,04,1,
6278,00760,2022-05-25 14:40:42,25.53558,-103.40742,39,04,1,
6278,00760,2022-05-25 14:41:13,25.53558,-103.4092,38,04,1,
6278,00760,2022-05-25 14:41:43,25.53556,-103.41111,20,04,1,
6278,00760,2022-05-25 14:42:14,25.53561,-103.4133,22,04,1,
6278,00760,2022-05-25 14:42:44,25.53561,-103.41369,23,04,1,
6278,00760,2022-05-25 14:43:14,25.53562,-103.41662,40,04,1,
6278,00760,2022-05-25 14:43:44,25.53563,-103.41823,0,04,1,
6278,00760,2022-05-25 14:44:15,25.53563,-103.41981,15,04,1,
6278,00760,2022-05-25 14:44:45,25.53563,-103.42005,0,04,1,
6278,00760,2022-05-25 14:45:15,25.53566,-103.4212,0,04,1,
6278,00760,2022-05-25 14:45:41,25.53566,-103.42225,0,04,1,
6278,00760,2022-05-25 14:46:11,25.53566,-103.42246,0,04,1,
6278,00760,2022-05-25 14:46:41,25.53566,-103.42245,0,04,1,
6278,00760,2022-05-25 14:47:12,25.53566,-103.42245,0,04,1,
6278,00760,2022-05-25 14:47:42,25.53567,-103.42392,42,04,1,
6278,00760,2022-05-25 14:48:12,25.53565,-103.42589,43,04,1,
6278,00760,2022-05-25 14:48:43,25.5357,-103.4289,0,04,1,
6278,00760,2022-05-25 14:49:13,25.5357,-103.42886,1,04,1,
6278,00760,2022-05-25 14:49:43,25.53573,-103.43183,56,04,1,
6278,00760,2022-05-25 14:50:14,25.53574,-103.43422,0,04,1,
6278,00760,2022-05-25 14:50:44,25.53574,-103.43421,0,04,1,
6278,00760,2022-05-25 14:51:09,25.53575,-103.43437,19,04,1,
6278,00760,2022-05-25 14:51:40,25.53575,-103.4361,0,04,1,
6278,00760,2022-05-25 14:52:10,25.53573,-103.43811,52,04,1,
6278,00760,2022-05-25 14:52:41,25.53578,-103.44041,31,04,1,
6278,00760,2022-05-25 14:53:11,25.53578,-103.4438,41,04,1,
6278,00760,2022-05-25 14:53:41,25.53582,-103.4451,1,04,1,
6278,00760,2022-05-25 14:54:12,25.53583,-103.44539,24,04,1,
6278,00760,2022-05-25 14:54:42,25.53584,-103.44812,12,04,1,
6278,00760,2022-05-25 14:55:12,25.53584,-103.44817,0,04,1,
6278,00760,2022-05-25 14:55:42,25.53583,-103.44823,2,04,1,
6278,00760,2022-05-25 14:56:08,25.53583,-103.44837,15,04,1,
6278,00760,2022-05-25 14:56:38,25.53586,-103.45143,30,04,1,
6278,00760,2022-05-25 14:57:09,25.53584,-103.45336,33,04,1,
6278,00760,2022-05-25 14:57:39,25.53586,-103.45595,14,04,1,
6278,00760,2022-05-25 14:58:09,25.53586,-103.45654,10,04,1,
6278,00760,2022-05-25 14:58:40,25.53587,-103.45911,42,04,1,
6278,00760,2022-05-25 14:59:10,25.53587,-103.46077,25,04,1,
6278,00760,2022-05-25 14:59:40,25.5355,-103.46241,16,04,1,
6278,00760,2022-05-25 15:00:11,25.53542,-103.4627,0,04,1,
6278,00760,2022-05-25 15:00:41,25.53526,-103.46341,0,04,1,
6278,00760,2022-05-25 15:01:11,25.53492,-103.465,23,04,1,
6278,00760,2022-05-25 15:01:37,25.53542,-103.46516,0,04,1,
6278,00760,2022-05-25 15:02:07,25.53544,-103.46515,8,04,1,
6278,00760,2022-05-25 15:02:37,25.53658,-103.46547,2,04,1,
6278,00760,2022-05-25 15:03:08,25.53908,-103.46616,44,04,1,
6278,00760,2022-05-25 15:03:38,25.5416,-103.46719,25,04,1,
6278,00760,2022-05-25 15:04:08,25.54157,-103.46745,0,04,1,
6278,00760,2022-05-25 15:04:39,25.54157,-103.46746,0,04,1,
6278,00760,2022-05-25 15:05:09,25.54156,-103.46746,0,04,1,
6278,00760,2022-05-25 15:05:39,25.54127,-103.46787,17,04,1,
6278,00760,2022-05-25 15:06:10,25.54009,-103.46759,0,04,1,
6278,00760,2022-05-25 15:06:40,25.53988,-103.46753,13,04,1,
6278,00760,2022-05-25 15:07:05,25.53823,-103.46704,37,04,1,
6278,00760,2022-05-25 15:07:36,25.53594,-103.46641,24,04,1,
6278,00760,2022-05-25 15:08:06,25.53516,-103.46613,0,04,1,
6278,00760,2022-05-25 15:08:36,25.53505,-103.46599,10,04,1,
6278,00760,2022-05-25 15:09:07,25.53507,-103.46335,42,04,1,
6278,00760,2022-05-25 15:09:37,25.53563,-103.4609,19,04,1,
6278,00760,2022-05-25 15:10:07,25.53575,-103.45907,0,04,1,
6278,00760,2022-05-25 15:10:38,25.53572,-103.45812,28,04,1,
6278,00760,2022-05-25 15:11:08,25.53574,-103.45622,46,04,1,
6278,00760,2022-05-25 15:11:38,25.53572,-103.45286,13,04,1,
6278,00760,2022-05-25 15:12:04,25.53573,-103.45284,1,04,1,
6278,00760,2022-05-25 15:12:34,25.5357,-103.4497,37,04,1,
6278,00760,2022-05-25 15:13:05,25.53567,-103.44908,0,04,1,
6278,00760,2022-05-25 15:13:35,25.53567,-103.44912,0,04,1,
6278,00760,2022-05-25 15:14:05,25.53567,-103.44904,13,04,1,
6278,00760,2022-05-25 15:14:35,25.53565,-103.44669,30,04,1,
6278,00760,2022-05-25 15:15:06,25.53565,-103.44592,0,04,1,
6278,00760,2022-05-25 15:15:36,25.53565,-103.4456,0,04,1,
6278,00760,2022-05-25 15:16:06,25.53564,-103.44534,24,04,1,
6278,00760,2022-05-25 15:16:37,25.53563,-103.44267,9,04,1,
6278,00760,2022-05-25 15:17:07,25.53563,-103.4407,39,04,1,
6278,00760,2022-05-25 15:17:32,25.5356,-103.43764,40,04,1,
6278,00760,2022-05-25 15:18:03,25.53559,-103.43668,0,04,1,
6278,00760,2022-05-25 15:18:33,25.53559,-103.4366,0,04,1,
6278,00760,2022-05-25 15:19:04,25.53562,-103.43596,0,04,1,
6278,00760,2022-05-25 15:19:34,25.53556,-103.43507,36,04,1,
6278,00760,2022-05-25 15:20:04,25.53558,-103.43107,55,04,1,
6278,00760,2022-05-25 15:20:35,25.53556,-103.42941,0,04,1,
6278,00760,2022-05-25 15:21:05,25.53555,-103.4276,52,04,1,
6278,00760,2022-05-25 15:21:36,25.53555,-103.42518,38,04,1,
6278,00760,2022-05-25 15:22:06,25.53552,-103.42208,0,04,1,
6278,00760,2022-05-25 15:22:31,25.53552,-103.42205,7,04,1,
6278,00760,2022-05-25 15:23:02,25.53553,-103.42044,0,04,1,
6278,00760,2022-05-25 15:23:32,25.53555,-103.42015,0,04,1,
6278,00760,2022-05-25 15:24:02,25.5355,-103.41867,0,04,1,
6278,00760,2022-05-25 15:24:33,25.5355,-103.41868,0,04,1,
6278,00760,2022-05-25 15:25:03,25.53548,-103.41582,43,04,1,
6278,00760,2022-05-25 15:25:33,25.53546,-103.41266,40,04,1,
6278,00760,2022-05-25 15:26:04,25.53541,-103.40964,40,04,1,
6278,00760,2022-05-25 15:26:34,25.53524,-103.40728,0,04,1,
6278,00760,2022-05-25 15:27:05,25.53525,-103.40712,0,04,1,
6278,00760,2022-05-25 15:27:30,25.53528,-103.4055,34,04,1,
6278,00760,2022-05-25 15:28:00,25.53526,-103.40512,13,04,1,
6278,00760,2022-05-25 15:28:30,25.53513,-103.40324,39,04,1,
6278,00760,2022-05-25 15:29:01,25.53511,-103.39851,62,04,1,
6278,00760,2022-05-25 15:29:31,25.53472,-103.3961,0,04,1,
6278,00760,2022-05-25 15:30:01,25.53472,-103.39611,0,04,1,
6278,00760,2022-05-25 15:30:32,25.53472,-103.39612,0,04,1,
6278,00760,2022-05-25 15:31:02,25.53472,-103.39613,0,04,1,
6278,00760,2022-05-25 15:31:33,25.53471,-103.39613,0,04,1,
6278,00760,2022-05-25 15:32:03,25.5347,-103.39613,0,04,1,
6278,00760,2022-05-25 15:32:28,25.534,-103.39611,26,04,1,
6278,00760,2022-05-25 15:32:59,25.53154,-103.39612,27,04,1,
6278,00760,2022-05-25 15:33:29,25.53039,-103.39614,36,04,1,
6278,00760,2022-05-25 15:33:59,25.52802,-103.39618,14,04,1,
6278,00760,2022-05-25 15:34:30,25.52641,-103.39616,40,04,1,
6278,00760,2022-05-25 15:35:00,25.52433,-103.39617,41,04,1,
6278,00760,2022-05-25 15:35:30,25.52246,-103.39619,0,04,1,
6278,00760,2022-05-25 15:36:01,25.52209,-103.3962,0,04,1,
6278,00760,2022-05-25 15:36:31,25.52209,-103.3962,0,04,1,
6278,00760,2022-05-25 15:37:01,25.52044,-103.39621,34,04,1,
6278,00760,2022-05-25 15:37:32,25.51754,-103.39587,5,04,1,
6278,00760,2022-05-25 15:37:57,25.51755,-103.39508,36,04,1,
6278,00760,2022-05-25 15:38:27,25.51754,-103.39337,35,04,1,
6278,00760,2022-05-25 15:38:58,25.51754,-103.39128,40,04,1,
6278,00760,2022-05-25 15:39:28,25.5175,-103.38967,9,04,1,
6278,00760,2022-05-25 15:39:58,25.5155,-103.39174,52,04,1,
6278,00760,2022-05-25 15:40:29,25.51486,-103.39241,0,04,1,
6278,00760,2022-05-25 15:40:59,25.51377,-103.39357,48,04,1,
6278,00760,2022-05-25 15:41:29,25.51297,-103.39446,0,04,1,
6278,00760,2022-05-25 15:42:00,25.51103,-103.39644,53,04,1,
6278,00760,2022-05-25 15:42:30,25.50836,-103.39927,48,04,1,
6278,00760,2022-05-25 15:42:58,25.50782,-103.39985,7,04,1,
6278,00760,2022-05-25 15:43:26,25.50782,-103.39985,0,04,1,
6278,00760,2022-05-25 15:43:56,25.5074,-103.40035,33,04,1,
6278,00760,2022-05-25 15:44:26,25.50498,-103.40329,23,04,1,
6278,00760,2022-05-25 15:44:57,25.5036,-103.40484,46,04,1,
6278,00760,2022-05-25 15:45:27,25.50023,-103.40765,45,04,1,
6278,00760,2022-05-25 15:45:57,25.49741,-103.41002,2,04,1,
6278,00760,2022-05-25 15:46:28,25.49667,-103.4106,9,04,1,
6278,00760,2022-05-25 15:46:58,25.49609,-103.41023,34,04,1,
6278,00760,2022-05-25 15:47:28,25.49621,-103.40863,26,04,1,
6278,00760,2022-05-25 15:47:59,25.49699,-103.40735,16,04,1,
6278,00760,2022-05-25 15:48:19,25.49699,-103.40723,14,00,1,
6278,00760,2022-05-25 15:48:49,25.49571,-103.4049,44,00,1,
6278,00760,2022-05-25 15:49:20,25.49344,-103.40271,21,00,1,
6278,00761,2022-05-25 16:12:38,25.49339,-103.40618,0,04,1,
6278,00761,2022-05-25 16:13:04,25.49338,-103.40617,0,04,1,
6278,00761,2022-05-25 16:13:34,25.49339,-103.40617,0,04,1,
6278,00761,2022-05-25 16:14:05,25.49338,-103.40616,0,04,1,
6278,00761,2022-05-25 16:14:36,25.49338,-103.40617,0,04,1,
6278,00761,2022-05-25 16:15:06,25.49337,-103.40617,0,04,1,
6278,00761,2022-05-25 16:15:37,25.49337,-103.40618,0,04,1,
6278,00761,2022-05-25 16:16:07,25.49337,-103.40618,0,04,1,
6278,00761,2022-05-25 16:16:34,25.49337,-103.4062,0,04,1,
6278,00761,2022-05-25 16:17:04,25.49337,-103.40621,0,04,1,
6278,00761,2022-05-25 16:17:32,25.49337,-103.40622,0,04,1,
6278,00761,2022-05-25 16:18:00,25.49337,-103.40622,0,04,1,
6278,00761,2022-05-25 16:18:30,25.49337,-103.40621,0,04,1,
6278,00761,2022-05-25 16:19:01,25.49338,-103.40621,0,04,1,
6278,00761,2022-05-25 16:19:31,25.4934,-103.40619,0,04,1,
6278,00761,2022-05-25 16:20:02,25.49342,-103.40617,0,04,1,
6278,00761,2022-05-25 16:20:32,25.49249,-103.40557,32,04,1,
6278,00761,2022-05-25 16:21:03,25.49199,-103.40432,0,04,1,
6278,00761,2022-05-25 16:21:33,25.49224,-103.4041,14,04,1,
6278,00761,2022-05-25 16:22:04,25.4933,-103.4029,21,04,1,
6278,00761,2022-05-25 16:22:34,25.49353,-103.40258,0,04,1,
6278,00761,2022-05-25 16:23:00,25.49364,-103.40256,10,04,1,
6278,00761,2022-05-25 16:23:30,25.49476,-103.40371,22,04,1,
6278,00761,2022-05-25 16:24:01,25.49554,-103.40471,27,04,1,
6278,00761,2022-05-25 16:24:31,25.4965,-103.40567,24,04,1,
6278,00761,2022-05-25 16:25:02,25.4971,-103.40672,11,04,1,
6278,00761,2022-05-25 16:25:32,25.49628,-103.4087,35,04,1,
6278,00761,2022-05-25 16:26:03,25.49566,-103.40929,7,04,1,
6278,00761,2022-05-25 16:26:33,25.49662,-103.41034,0,04,1,
6278,00761,2022-05-25 16:27:04,25.49736,-103.40988,24,04,1,
6278,00761,2022-05-25 16:27:34,25.49852,-103.40904,45,04,1,
6278,00761,2022-05-25 16:28:04,25.50131,-103.40656,43,04,1,
6278,00761,2022-05-25 16:28:30,25.50244,-103.40561,17,04,1,
6278,00761,2022-05-25 16:29:01,25.50461,-103.40347,26,04,1,
6278,00761,2022-05-25 16:29:31,25.50575,-103.4021,8,04,1,
6278,00761,2022-05-25 16:30:02,25.50653,-103.40115,16,04,1,
6278,00761,2022-05-25 16:30:32,25.50727,-103.40025,0,04,1,
6278,00761,2022-05-25 16:31:03,25.5074,-103.4001,19,04,1,
6278,00761,2022-05-25 16:31:33,25.50797,-103.39947,12,04,1,
6278,00761,2022-05-25 16:32:03,25.50853,-103.39885,16,04,1,
6278,00761,2022-05-25 16:32:34,25.51094,-103.39641,54,04,1,
6278,00761,2022-05-25 16:33:04,25.51233,-103.39485,0,04,1,
6278,00761,2022-05-25 16:33:30,25.51237,-103.3948,1,04,1,
6278,00761,2022-05-25 16:34:00,25.51282,-103.39434,12,04,1,
6278,00761,2022-05-25 16:34:31,25.51432,-103.39406,42,04,1,
6278,00761,2022-05-25 16:35:01,25.5164,-103.39404,44,04,1,
6278,00761,2022-05-25 16:35:32,25.5173,-103.39404,10,04,1,
6278,00761,2022-05-25 16:36:02,25.52014,-103.39401,20,04,1,
6278,00761,2022-05-25 16:36:33,25.52283,-103.39399,36,04,1,
6278,00761,2022-05-25 16:37:03,25.52475,-103.39396,15,04,1,
6278,00761,2022-05-25 16:37:34,25.52749,-103.39393,42,04,1,
6278,00761,2022-05-25 16:38:04,25.53037,-103.39391,31,04,1,
6278,00761,2022-05-25 16:38:35,25.53238,-103.39388,34,04,1,
6278,00761,2022-05-25 16:39:00,25.53434,-103.3938,0,04,1,
6278,00761,2022-05-25 16:39:31,25.53495,-103.39383,0,04,1,
6278,00761,2022-05-25 16:40:01,25.53494,-103.39383,0,04,1,
6278,00761,2022-05-25 16:40:32,25.53524,-103.39391,22,04,1,
6278,00761,2022-05-25 16:41:02,25.5354,-103.39563,0,04,1,
6278,00761,2022-05-25 16:41:33,25.53537,-103.39764,38,04,1,
6278,00761,2022-05-25 16:42:03,25.53538,-103.39963,25,04,1,
6278,00761,2022-05-25 16:42:34,25.53537,-103.40266,37,04,1,
6278,00761,2022-05-25 16:43:04,25.53538,-103.40433,17,04,1,
6278,00761,2022-05-25 16:43:35,25.53538,-103.4044,10,04,1,
6278,00761,2022-05-25 16:44:00,25.53556,-103.40656,37,04,1,
6278,00761,2022-05-25 16:44:31,25.53558,-103.40759,18,04,1,
6278,00761,2022-05-25 16:45:01,25.53558,-103.4105,25,04,1,
6278,00761,2022-05-25 16:45:32,25.53563,-103.41331,28,04,1,
6278,00761,2022-05-25 16:46:02,25.53563,-103.41386,0,04,1,
6278,00761,2022-05-25 16:46:33,25.53564,-103.41402,18,04,1,
6278,00761,2022-05-25 16:47:03,25.53565,-103.41549,11,04,1,
6278,00761,2022-05-25 16:47:34,25.53566,-103.41717,32,04,1,
6278,00761,2022-05-25 16:48:04,25.53567,-103.41847,23,04,1,
6278,00761,2022-05-25 16:48:35,25.53567,-103.42004,14,04,1,
6278,00761,2022-05-25 16:49:05,25.53568,-103.42127,40,04,1,
6278,00761,2022-05-25 16:49:31,25.53569,-103.42217,0,04,1,
6278,00761,2022-05-25 16:50:01,25.5357,-103.4224,3,04,1,
6278,00761,2022-05-25 16:50:32,25.5357,-103.42467,0,04,1,
6278,00761,2022-05-25 16:51:02,25.53571,-103.42568,0,04,1,
6278,00761,2022-05-25 16:51:33,25.53571,-103.42622,32,04,1,
6278,00761,2022-05-25 16:52:03,25.53572,-103.43048,48,04,1,
6278,00761,2022-05-25 16:52:33,25.53574,-103.43402,38,04,1,
6278,00761,2022-05-25 16:53:04,25.53579,-103.43641,0,04,1,
6278,00761,2022-05-25 16:53:34,25.53579,-103.43823,31,04,1,
6278,00761,2022-05-25 16:54:05,25.53582,-103.44128,6,04,1,
6278,00761,2022-05-25 16:54:31,25.53582,-103.44173,24,04,1,
6278,00761,2022-05-25 16:55:01,25.53582,-103.44311,24,04,1,
6278,00761,2022-05-25 16:55:31,25.53583,-103.44505,0,04,1,
6278,00761,2022-05-25 16:56:02,25.53583,-103.44503,0,04,1,
6278,00761,2022-05-25 16:56:32,25.53583,-103.44634,0,04,1,
6278,00761,2022-05-25 16:57:03,25.53585,-103.44823,0,04,1,
6278,00761,2022-05-25 16:57:33,25.53586,-103.44819,0,04,1,
6278,00761,2022-05-25 16:58:04,25.53586,-103.44822,4,04,1,
6278,00761,2022-05-25 16:58:34,25.53586,-103.45119,45,04,1,
6278,00761,2022-05-25 16:59:05,25.53586,-103.45483,41,04,1,
6278,00761,2022-05-25 16:59:31,25.53589,-103.45656,0,04,1,
6278,00761,2022-05-25 17:00:01,25.53592,-103.45661,0,04,1,
6278,00761,2022-05-25 17:00:31,25.53594,-103.45795,0,04,1,
6278,00761,2022-05-25 17:01:02,25.53594,-103.45956,15,04,1,
6278,00761,2022-05-25 17:01:32,25.53585,-103.46101,11,04,1,
6278,00761,2022-05-25 17:02:03,25.53542,-103.46284,0,04,1,
6278,00761,2022-05-25 17:02:33,25.53524,-103.46351,32,04,1,
6278,00761,2022-05-25 17:03:04,25.53502,-103.46458,0,04,1,
6278,00761,2022-05-25 17:03:34,25.5352,-103.4651,12,04,1,
6278,00761,2022-05-25 17:04:05,25.53531,-103.46514,6,04,1,
6278,00761,2022-05-25 17:04:35,25.53622,-103.46538,18,04,1,
6278,00761,2022-05-25 17:05:01,25.53714,-103.46562,21,04,1,
6278,00761,2022-05-25 17:05:31,25.53994,-103.46643,4,04,1,
6278,00761,2022-05-25 17:06:02,25.53993,-103.4664,0,04,1,
6278,00761,2022-05-25 17:06:32,25.53992,-103.4664,0,04,1,
6278,00761,2022-05-25 17:07:03,25.54124,-103.46682,0,04,1,
6278,00761,2022-05-25 17:07:33,25.54154,-103.46699,24,04,1,
6278,00761,2022-05-25 17:08:04,25.54019,-103.4676,0,04,1,
6278,00761,2022-05-25 17:08:34,25.53981,-103.46747,21,04,1,
6278,00761,2022-05-25 17:09:05,25.53763,-103.46689,24,04,1,
6278,00761,2022-05-25 17:09:35,25.53728,-103.46682,0,04,1,
6278,00761,2022-05-25 17:10:02,25.53728,-103.46682,0,04,1,
6278,00761,2022-05-25 17:10:31,25.53729,-103.46681,0,04,1,
6278,00761,2022-05-25 17:11:02,25.53682,-103.46667,8,04,1,
6278,00761,2022-05-25 17:11:32,25.53595,-103.46641,15,04,1,
6278,00761,2022-05-25 17:12:03,25.53529,-103.46622,0,04,1,
6278,00761,2022-05-25 17:12:33,25.53502,-103.46594,16,04,1,
6278,00761,2022-05-25 17:13:04,25.53503,-103.46374,40,04,1,
6278,00761,2022-05-25 17:13:34,25.53567,-103.46083,9,04,1,
6278,00761,2022-05-25 17:14:04,25.53574,-103.45939,0,04,1,
6278,00761,2022-05-25 17:14:35,25.53573,-103.45941,0,04,1,
6278,00761,2022-05-25 17:15:06,25.53573,-103.45794,16,04,1,
6278,00761,2022-05-25 17:15:31,25.53575,-103.45715,0,04,1,
6278,00761,2022-05-25 17:16:02,25.53576,-103.45717,0,04,1,
6278,00761,2022-05-25 17:16:32,25.53575,-103.45489,6,04,1,
6278,00761,2022-05-25 17:17:03,25.53571,-103.45296,0,04,1,
6278,00761,2022-05-25 17:17:33,25.53572,-103.45083,55,04,1,
6278,00761,2022-05-25 17:18:04,25.53568,-103.44928,0,04,1,
6278,00761,2022-05-25 17:18:34,25.5357,-103.44768,45,04,1,
6278,00761,2022-05-25 17:19:05,25.53565,-103.44549,17,04,1,
6278,00761,2022-05-25 17:19:35,25.53567,-103.44278,19,04,1,
6278,00761,2022-05-25 17:20:06,25.53565,-103.44264,0,04,1,
6278,00761,2022-05-25 17:20:31,25.53566,-103.44258,13,04,1,
6278,00761,2022-05-25 17:21:02,25.53563,-103.44063,22,04,1,
6278,00761,2022-05-25 17:21:32,25.53562,-103.43902,30,04,1,
6278,00761,2022-05-25 17:22:03,25.53559,-103.43682,0,04,1,
6278,00761,2022-05-25 17:22:33,25.53559,-103.43657,9,04,1,
6278,00761,2022-05-25 17:23:04,25.53557,-103.43384,0,04,1,
6278,00761,2022-05-25 17:23:34,25.53556,-103.43386,3,04,1,
6278,00761,2022-05-25 17:24:05,25.53555,-103.43169,46,04,1,
6278,00761,2022-05-25 17:24:35,25.53556,-103.43004,0,04,1,
6278,00761,2022-05-25 17:25:05,25.53556,-103.42946,24,04,1,
6278,00761,2022-05-25 17:25:31,25.53554,-103.42678,56,04,1,
6278,00761,2022-05-25 17:26:02,25.53557,-103.42391,20,04,1,
6278,00761,2022-05-25 17:26:32,25.53553,-103.42343,18,04,1,
6278,00761,2022-05-25 17:27:03,25.53553,-103.42216,0,04,1,
6278,00761,2022-05-25 17:27:33,25.53552,-103.42175,16,04,1,
6278,00761,2022-05-25 17:28:04,25.53553,-103.42057,8,04,1,
6278,00761,2022-05-25 17:28:34,25.53552,-103.41908,0,04,1,
6278,00761,2022-05-25 17:29:05,25.5355,-103.41664,36,04,1,
6278,00761,2022-05-25 17:29:35,25.53551,-103.41561,0,04,1,
6278,00761,2022-05-25 17:30:06,25.53552,-103.41563,0,04,1,
6278,00761,2022-05-25 17:30:31,25.53552,-103.41546,19,04,1,
6278,00761,2022-05-25 17:31:02,25.53549,-103.41264,33,04,1,
6278,00761,2022-05-25 17:31:32,25.53537,-103.40902,61,04,1,
6278,00761,2022-05-25 17:32:03,25.53525,-103.40725,2,04,1,
6278,00761,2022-05-25 17:32:33,25.53518,-103.4041,53,04,1,
6278,00761,2022-05-25 17:33:04,25.5351,-103.39962,48,04,1,
6278,00761,2022-05-25 17:33:34,25.53505,-103.39634,21,04,1,
6278,00761,2022-05-25 17:34:05,25.5347,-103.39614,0,04,1,
6278,00761,2022-05-25 17:34:35,25.5347,-103.39613,0,04,1,
6278,00761,2022-05-25 17:35:06,25.5347,-103.39611,0,04,1,
6278,00761,2022-05-25 17:35:31,25.53469,-103.39609,0,04,1,
6278,00761,2022-05-25 17:36:02,25.53469,-103.39609,0,04,1,
6278,00761,2022-05-25 17:36:33,25.53469,-103.39608,0,04,1,
6278,00761,2022-05-25 17:37:03,25.53413,-103.3961,28,04,1,
6278,00761,2022-05-25 17:37:34,25.53149,-103.39609,44,04,1,
6278,00761,2022-05-25 17:38:04,25.52882,-103.39613,42,04,1,
6278,00761,2022-05-25 17:38:35,25.52731,-103.39615,15,04,1,
6278,00761,2022-05-25 17:39:05,25.52707,-103.39615,21,04,1,
6278,00761,2022-05-25 17:39:36,25.52507,-103.39616,25,04,1,
6278,00761,2022-05-25 17:40:06,25.52282,-103.39618,29,04,1,
6278,00761,2022-05-25 17:40:31,25.52159,-103.39619,39,04,1,
6278,00761,2022-05-25 17:41:02,25.51872,-103.39617,48,04,1,
6278,00761,2022-05-25 17:41:33,25.51821,-103.39616,4,04,1,
6278,00761,2022-05-25 17:42:03,25.51793,-103.39617,23,04,1,
6278,00761,2022-05-25 17:42:34,25.51756,-103.39491,34,04,1,
6278,00761,2022-05-25 17:43:04,25.51754,-103.39286,44,04,1,
6278,00761,2022-05-25 17:43:35,25.51752,-103.38983,0,04,1,
6278,00761,2022-05-25 17:44:05,25.51623,-103.39099,2,04,1,
6278,00761,2022-05-25 17:44:36,25.51489,-103.39244,0,04,1,
6278,00761,2022-05-25 17:45:06,25.51312,-103.39433,30,04,1,
6278,00761,2022-05-25 17:45:31,25.51301,-103.39446,0,04,1,
6278,00761,2022-05-25 17:46:02,25.51262,-103.39476,24,04,1,
6278,00761,2022-05-25 17:46:32,25.51115,-103.39273,28,04,1,
6278,00761,2022-05-25 17:47:03,25.51025,-103.39131,29,04,1,
6278,00761,2022-05-25 17:47:33,25.51004,-103.39096,14,04,1,
6278,00761,2022-05-25 17:48:04,25.50936,-103.3899,0,04,1,
6278,00761,2022-05-25 17:48:34,25.50876,-103.38899,1,04,1,
6278,00761,2022-05-25 17:49:05,25.50823,-103.38815,17,04,1,
6278,00761,2022-05-25 17:49:36,25.50738,-103.38681,36,04,1,
6278,00761,2022-05-25 17:50:06,25.50643,-103.38519,24,04,1,
6278,00761,2022-05-25 17:50:37,25.50862,-103.38348,41,04,1,
6278,00761,2022-05-25 17:51:02,25.50928,-103.38296,0,04,1,
6278,00761,2022-05-25 17:51:32,25.50846,-103.38165,23,04,1,
6278,00761,2022-05-25 17:52:03,25.50753,-103.38021,27,04,1,
6278,00761,2022-05-25 17:52:33,25.50686,-103.38025,27,04,1,
6278,00761,2022-05-25 17:53:04,25.50519,-103.38158,39,04,1,
6278,00761,2022-05-25 17:53:34,25.50436,-103.38212,16,04,1,
6278,00761,2022-05-25 17:54:05,25.50366,-103.38053,12,04,1,
6278,00761,2022-05-25 17:54:35,25.50235,-103.38149,3,04,1,
6278,00761,2022-05-25 17:55:06,25.50099,-103.38257,0,04,1,
6278,00761,2022-05-25 17:55:36,25.50194,-103.38415,35,04,1,
6278,00761,2022-05-25 17:56:02,25.50217,-103.38565,29,04,1,
6278,00761,2022-05-25 17:56:32,25.50076,-103.38611,25,04,1,
6278,00761,2022-05-25 17:57:03,25.49947,-103.3838,16,04,1,
6278,00761,2022-05-25 17:57:33,25.49836,-103.383,43,04,1,
6278,00761,2022-05-25 17:58:04,25.49656,-103.37993,1,04,1,
6278,00761,2022-05-25 17:58:34,25.49623,-103.38048,11,04,1,
6278,00761,2022-05-25 17:59:05,25.49598,-103.3803,9,04,1,
6278,00761,2022-05-25 17:59:35,25.49602,-103.38043,11,04,1,
6278,00761,2022-05-25 18:00:06,25.4961,-103.38046,0,04,1,
6278,00761,2022-05-25 18:00:36,25.49609,-103.38047,0,04,1,
6278,00761,2022-05-25 18:01:02,25.49608,-103.38047,0,04,1,
6278,00761,2022-05-25 18:01:32,25.49607,-103.38048,0,04,1,
6278,00761,2022-05-25 18:02:03,25.49607,-103.38048,0,04,1,
6278,00761,2022-05-25 18:02:33,25.49606,-103.38048,0,04,1,
6278,00761,2022-05-25 18:03:04,25.49609,-103.38048,0,04,1,
6278,00761,2022-05-25 18:03:34,25.49609,-103.38049,0,04,1,
6278,00761,2022-05-25 18:04:05,25.49609,-103.38048,0,04,1,
6278,00761,2022-05-25 18:04:36,25.4961,-103.38047,0,04,1,
6278,00761,2022-05-25 18:05:06,25.49611,-103.38047,0,04,1,
6278,00761,2022-05-25 18:05:37,25.49612,-103.38047,0,04,1,
6278,00761,2022-05-25 18:05:52,25.49612,-103.38047,0,00,1,
6278,00761,2022-05-25 18:06:22,25.49612,-103.38047,0,00,1,
6278,00761,2022-05-25 18:06:53,25.49612,-103.38047,0,00,1,
6278,00762,2022-05-25 18:22:08,25.49613,-103.38051,0,04,1,
6278,00762,2022-05-25 18:22:33,25.49613,-103.38051,0,04,1,
6278,00762,2022-05-25 18:23:03,25.49614,-103.38051,0,04,1,
6278,00762,2022-05-25 18:23:34,25.49614,-103.38051,0,04,1,
6278,00762,2022-05-25 18:24:04,25.49614,-103.38051,0,04,1,
6278,00762,2022-05-25 18:24:34,25.49614,-103.3805,0,04,1,
6278,00762,2022-05-25 18:25:05,25.49614,-103.3805,0,04,1,
6278,00762,2022-05-25 18:25:35,25.49614,-103.3805,0,04,1,
6278,00762,2022-05-25 18:26:05,25.49614,-103.38049,0,04,1,
6278,00762,2022-05-25 18:26:36,25.49616,-103.3805,0,04,1,
6278,00762,2022-05-25 18:27:06,25.49617,-103.38051,0,04,1,
6278,00762,2022-05-25 18:27:36,25.49627,-103.38048,9,04,1,
6278,00762,2022-05-25 18:28:02,25.49643,-103.38003,0,04,1,
6278,00762,2022-05-25 18:28:32,25.49682,-103.38001,0,04,1,
6278,00762,2022-05-25 18:29:02,25.49712,-103.38049,31,04,1,
6278,00762,2022-05-25 18:29:33,25.49918,-103.38417,54,04,1,
6278,00762,2022-05-25 18:30:03,25.50105,-103.38749,44,04,1,
6278,00762,2022-05-25 18:30:33,25.50242,-103.39025,42,04,1,
6278,00762,2022-05-25 18:31:04,25.50376,-103.39123,22,04,1,
6278,00762,2022-05-25 18:31:34,25.50527,-103.39,32,04,1,
6278,00762,2022-05-25 18:32:04,25.50478,-103.38857,18,04,1,
6278,00762,2022-05-25 18:32:35,25.50446,-103.38808,17,04,1,
6278,00762,2022-05-25 18:33:00,25.50389,-103.38723,1,04,1,
6278,00762,2022-05-25 18:33:30,25.50366,-103.38685,15,04,1,
6278,00762,2022-05-25 18:33:57,25.50275,-103.38539,22,04,1,
6278,00762,2022-05-25 18:34:27,25.50213,-103.38442,29,04,1,
6278,00762,2022-05-25 18:34:57,25.50114,-103.38289,16,04,1,
6278,00762,2022-05-25 18:35:28,25.50113,-103.38228,26,04,1,
6278,00762,2022-05-25 18:35:58,25.50228,-103.38139,14,04,1,
6278,00762,2022-05-25 18:36:28,25.50342,-103.38054,31,04,1,
6278,00762,2022-05-25 18:36:59,25.50396,-103.38061,21,04,1,
6278,00762,2022-05-25 18:37:29,25.50491,-103.38179,24,04,1,
6278,00762,2022-05-25 18:37:59,25.50584,-103.38104,0,04,1,
6278,00762,2022-05-25 18:38:25,25.50703,-103.3801,36,04,1,
6278,00762,2022-05-25 18:38:55,25.50789,-103.38074,11,04,1,
6278,00762,2022-05-25 18:39:25,25.50839,-103.38151,8,04,1,
6278,00762,2022-05-25 18:39:56,25.50932,-103.38296,11,04,1,
6278,00762,2022-05-25 18:40:26,25.50805,-103.38424,0,04,1,
6278,00762,2022-05-25 18:40:56,25.50665,-103.38534,0,04,1,
6278,00762,2022-05-25 18:41:27,25.50722,-103.38639,43,04,1,
6278,00762,2022-05-25 18:41:57,25.50836,-103.38819,40,04,1,
6278,00762,2022-05-25 18:42:27,25.50924,-103.38953,20,04,1,
6278,00762,2022-05-25 18:42:58,25.50971,-103.39025,0,04,1,
6278,00762,2022-05-25 18:43:27,25.50999,-103.39068,6,04,1,
6278,00762,2022-05-25 18:43:53,25.51104,-103.39232,26,04,1,
6278,00762,2022-05-25 18:44:24,25.51229,-103.39428,12,04,1,
6278,00762,2022-05-25 18:44:54,25.51271,-103.39451,0,04,1,
6278,00762,2022-05-25 18:45:24,25.51326,-103.39407,0,04,1,
6278,00762,2022-05-25 18:45:55,25.51354,-103.39407,26,04,1,
6278,00762,2022-05-25 18:46:25,25.51674,-103.39405,19,04,1,
6278,00762,2022-05-25 18:46:55,25.51736,-103.39404,7,04,1,
6278,00762,2022-05-25 18:47:26,25.51921,-103.39404,48,04,1,
6278,00762,2022-05-25 18:47:56,25.52143,-103.39402,6,04,1,
6278,00762,2022-05-25 18:48:26,25.52236,-103.39401,2,04,1,
6278,00762,2022-05-25 18:48:52,25.52339,-103.394,22,04,1,
6278,00762,2022-05-25 18:49:22,25.52704,-103.394,67,04,1,
6278,00762,2022-05-25 18:49:52,25.53115,-103.39398,29,04,1,
6278,00762,2022-05-25 18:50:23,25.53205,-103.39394,0,04,1,
6278,00762,2022-05-25 18:50:53,25.53204,-103.39393,2,04,1,
6278,00762,2022-05-25 18:51:23,25.5342,-103.39387,21,04,1,
6278,00762,2022-05-25 18:51:54,25.53437,-103.39387,7,04,1,
6278,00762,2022-05-25 18:52:24,25.53538,-103.39423,27,04,1,
6278,00762,2022-05-25 18:52:54,25.53541,-103.39567,1,04,1,
6278,00762,2022-05-25 18:53:25,25.53539,-103.39779,50,04,1,
6278,00762,2022-05-25 18:53:55,25.5354,-103.40143,44,04,1,
6278,00762,2022-05-25 18:54:20,25.53537,-103.40393,38,04,1,
6278,00762,2022-05-25 18:54:51,25.53542,-103.40441,0,04,1,
6278,00762,2022-05-25 18:55:21,25.53544,-103.40454,17,04,1,
6278,00762,2022-05-25 18:55:52,25.53563,-103.40724,0,04,1,
6278,00762,2022-05-25 18:56:22,25.53562,-103.40783,10,04,1,
6278,00762,2022-05-25 18:56:52,25.53563,-103.41028,19,04,1,
6278,00762,2022-05-25 18:57:23,25.53564,-103.41236,42,04,1,
6278,00762,2022-05-25 18:57:53,25.53564,-103.41352,2,04,1,
6278,00762,2022-05-25 18:58:23,25.53565,-103.41526,23,04,1,
6278,00762,2022-05-25 18:58:49,25.53566,-103.41754,33,04,1,
6278,00762,2022-05-25 18:59:19,25.53569,-103.41793,6,04,1,
6278,00762,2022-05-25 18:59:50,25.53571,-103.41944,26,04,1,
6278,00762,2022-05-25 19:00:20,25.53569,-103.4201,7,04,1,
6278,00762,2022-05-25 19:00:50,25.53569,-103.42095,24,04,1,
6278,00762,2022-05-25 19:01:21,25.53571,-103.42251,0,04,1,
6278,00762,2022-05-25 19:01:51,25.53571,-103.42383,36,04,1,
6278,00762,2022-05-25 19:02:21,25.53574,-103.42575,0,04,1,
6278,00762,2022-05-25 19:02:52,25.53574,-103.42605,24,04,1,
6278,00762,2022-05-25 19:03:22,25.53575,-103.42958,45,04,1,
6278,00762,2022-05-25 19:03:51,25.53577,-103.43297,38,04,1,
6278,00762,2022-05-25 19:04:18,25.53577,-103.43348,0,04,1,
6278,00762,2022-05-25 19:04:48,25.53575,-103.43392,0,04,1,
6278,00762,2022-05-25 19:05:18,25.53577,-103.43412,19,04,1,
6278,00762,2022-05-25 19:05:49,25.53581,-103.43615,0,04,1,
6278,00762,2022-05-25 19:06:19,25.53579,-103.43705,30,04,1,
6278,00762,2022-05-25 19:06:49,25.5358,-103.44087,52,04,1,
6278,00762,2022-05-25 19:07:20,25.53585,-103.44333,9,04,1,
6278,00762,2022-05-25 19:07:50,25.53585,-103.44445,13,04,1,
6278,00762,2022-05-25 19:08:21,25.53584,-103.44547,23,04,1,
6278,00762,2022-05-25 19:08:51,25.53585,-103.4469,20,04,1,
6278,00762,2022-05-25 19:09:11,25.53587,-103.44801,0,04,1,
6278,00762,2022-05-25 19:09:37,25.53587,-103.44805,0,04,1,
6278,00762,2022-05-25 19:10:07,25.53584,-103.44804,7,04,1,
6278,00762,2022-05-25 19:10:37,25.53586,-103.45024,48,04,1,
6278,00762,2022-05-25 19:11:08,25.53585,-103.45186,27,04,1,
6278,00762,2022-05-25 19:11:38,25.53587,-103.45393,24,04,1,
6278,00762,2022-05-25 19:12:08,25.53588,-103.45623,12,04,1,
6278,00762,2022-05-25 19:12:39,25.53592,-103.4582,12,04,1,
6278,00762,2022-05-25 19:13:09,25.53589,-103.45961,30,04,1,
6278,00762,2022-05-25 19:13:39,25.53578,-103.46127,25,04,1,
6278,00762,2022-05-25 19:14:10,25.53557,-103.46223,23,04,1,
6278,00762,2022-05-25 19:14:36,25.53502,-103.46464,32,04,1,
6278,00762,2022-05-25 19:15:05,25.5362,-103.4654,0,04,1,
6278,00762,2022-05-25 19:15:36,25.53619,-103.46538,0,04,1,
6278,00762,2022-05-25 19:16:06,25.53619,-103.46538,0,04,1,
6278,00762,2022-05-25 19:16:36,25.53703,-103.4656,12,04,1,
6278,00762,2022-05-25 19:17:07,25.53856,-103.466,0,04,1,
6278,00762,2022-05-25 19:17:37,25.53914,-103.4662,0,04,1,
6278,00762,2022-05-25 19:18:08,25.53913,-103.4662,0,04,1,
6278,00762,2022-05-25 19:18:38,25.53913,-103.46619,0,04,1,
6278,00762,2022-05-25 19:19:08,25.54094,-103.46674,30,04,1,
6278,00762,2022-05-25 19:19:39,25.54159,-103.46716,27,04,1,
6278,00762,2022-05-25 19:20:04,25.5413,-103.46791,22,04,1,
6278,00762,2022-05-25 19:20:34,25.5403,-103.46762,18,04,1,
6278,00762,2022-05-25 19:21:04,25.53889,-103.46724,33,04,1,
6278,00762,2022-05-25 19:21:35,25.53724,-103.46678,0,04,1,
6278,00762,2022-05-25 19:22:05,25.53725,-103.46678,0,04,1,
6278,00762,2022-05-25 19:22:36,25.53724,-103.46676,0,04,1,
6278,00762,2022-05-25 19:23:06,25.53634,-103.4665,3,04,1,
6278,00762,2022-05-25 19:23:36,25.53571,-103.4663,16,04,1,
6278,00762,2022-05-25 19:24:07,25.5352,-103.46609,0,04,1,
6278,00762,2022-05-25 19:24:37,25.53521,-103.4661,0,04,1,
6278,00762,2022-05-25 19:25:02,25.53497,-103.46579,24,04,1,
6278,00762,2022-05-25 19:25:33,25.53486,-103.4647,42,04,1,
6278,00762,2022-05-25 19:26:03,25.53565,-103.46092,5,04,1,
6278,00762,2022-05-25 19:26:33,25.53566,-103.46089,8,04,1,
6278,00762,2022-05-25 19:27:04,25.53575,-103.45981,35,04,1,
6278,00762,2022-05-25 19:27:34,25.53575,-103.45942,0,04,1,
6278,00762,2022-05-25 19:28:04,25.53575,-103.45773,54,04,1,
6278,00762,2022-05-25 19:28:35,25.53571,-103.45284,0,04,1,
6278,00762,2022-05-25 19:29:05,25.53573,-103.45036,54,04,1,
6278,00762,2022-05-25 19:29:36,25.53569,-103.44936,0,04,1,
6278,00762,2022-05-25 19:30:01,25.5357,-103.44937,0,04,1,
6278,00762,2022-05-25 19:30:31,25.53569,-103.44781,25,04,1,
6278,00762,2022-05-25 19:31:02,25.53569,-103.44577,0,04,1,
6278,00762,2022-05-25 19:31:32,25.53567,-103.44397,43,04,1,
6278,00762,2022-05-25 19:32:02,25.53564,-103.44272,0,04,1,
6278,00762,2022-05-25 19:32:33,25.53565,-103.44273,0,04,1,
6278,00762,2022-05-25 19:33:03,25.53564,-103.44122,37,04,1,
6278,00762,2022-05-25 19:33:33,25.53562,-103.4373,49,04,1,
6278,00762,2022-05-25 19:34:04,25.53561,-103.43656,0,04,1,
6278,00762,2022-05-25 19:34:34,25.53561,-103.43584,0,04,1,
6278,00762,2022-05-25 19:35:04,25.53562,-103.43582,0,04,1,
6278,00762,2022-05-25 19:35:30,25.53562,-103.43528,29,04,1,
6278,00762,2022-05-25 19:36:00,25.53559,-103.43161,54,04,1,
6278,00762,2022-05-25 19:36:30,25.53558,-103.42941,13,04,1,
6278,00762,2022-05-25 19:37:01,25.53556,-103.4262,56,04,1,
6278,00762,2022-05-25 19:37:31,25.53554,-103.42379,16,04,1,
6278,00762,2022-05-25 19:38:02,25.53554,-103.423,16,04,1,
6278,00762,2022-05-25 19:38:32,25.53554,-103.42213,0,04,1,
6278,00762,2022-05-25 19:39:02,25.53554,-103.42207,10,04,1,
6278,00762,2022-05-25 19:39:32,25.53555,-103.42055,10,04,1,
6278,00762,2022-05-25 19:40:03,25.53555,-103.41982,26,04,1,
6278,00762,2022-05-25 19:40:28,25.5355,-103.41871,0,04,1,
6278,00762,2022-05-25 19:40:58,25.53549,-103.4163,24,04,1,
6278,00762,2022-05-25 19:41:29,25.53548,-103.41604,0,04,1,
6278,00762,2022-05-25 19:41:59,25.53548,-103.41592,6,04,1,
6278,00762,2022-05-25 19:42:29,25.53549,-103.41318,50,04,1,
6278,00762,2022-05-25 19:43:00,25.53545,-103.41059,0,04,1,
6278,00762,2022-05-25 19:43:30,25.53533,-103.40813,50,04,1,
6278,00762,2022-05-25 19:44:01,25.53531,-103.40649,33,04,1,
6278,00762,2022-05-25 19:44:31,25.53515,-103.40236,55,04,1,
6278,00762,2022-05-25 19:45:01,25.53512,-103.39839,45,04,1,
6278,00762,2022-05-25 19:45:27,25.53507,-103.39616,9,04,1,
6278,00762,2022-05-25 19:45:57,25.53472,-103.39612,0,04,1,
6278,00762,2022-05-25 19:46:27,25.53472,-103.39612,0,04,1,
6278,00762,2022-05-25 19:46:58,25.53475,-103.39612,0,04,1,
6278,00762,2022-05-25 19:47:28,25.53474,-103.39612,0,04,1,
6278,00762,2022-05-25 19:47:58,25.53471,-103.39612,4,04,1,
6278,00762,2022-05-25 19:48:29,25.53262,-103.39609,40,04,1,
6278,00762,2022-05-25 19:48:59,25.53148,-103.39609,0,04,1,
6278,00762,2022-05-25 19:49:29,25.53018,-103.39611,37,04,1,
6278,00762,2022-05-25 19:50:00,25.52718,-103.39614,52,04,1,
6278,00762,2022-05-25 19:50:29,25.52433,-103.39615,0,04,1,
6278,00762,2022-05-25 19:50:56,25.52287,-103.39617,30,04,1,
6278,00762,2022-05-25 19:51:26,25.52223,-103.39618,1,04,1,
6278,00762,2022-05-25 19:51:56,25.52113,-103.39619,13,04,1,
6278,00762,2022-05-25 19:52:27,25.51845,-103.39614,23,04,1,
6278,00762,2022-05-25 19:52:57,25.51817,-103.39613,0,04,1,
6278,00762,2022-05-25 19:53:27,25.51756,-103.39585,0,04,1,
6278,00762,2022-05-25 19:53:58,25.51757,-103.39434,28,04,1,
6278,00762,2022-05-25 19:54:28,25.51756,-103.39198,54,04,1,
6278,00762,2022-05-25 19:54:58,25.51754,-103.38994,8,04,1,
6278,00762,2022-05-25 19:55:29,25.51587,-103.39139,54,04,1,
6278,00762,2022-05-25 19:55:54,25.51317,-103.3943,35,04,1,
6278,00762,2022-05-25 19:56:24,25.51303,-103.39449,0,04,1,
6278,00762,2022-05-25 19:56:55,25.51247,-103.39506,21,04,1,
6278,00762,2022-05-25 19:57:25,25.51059,-103.39703,0,04,1,
6278,00762,2022-05-25 19:57:56,25.50866,-103.39906,31,04,1,
6278,00762,2022-05-25 19:58:26,25.50793,-103.3998,0,04,1,
6278,00762,2022-05-25 19:58:57,25.50701,-103.40094,0,04,1,
6278,00762,2022-05-25 19:59:27,25.50565,-103.40253,46,04,1,
6278,00762,2022-05-25 19:59:57,25.50324,-103.40522,32,04,1,
6278,00762,2022-05-25 20:00:25,25.50246,-103.40583,0,04,1,
6278,00762,2022-05-25 20:00:53,25.50195,-103.40614,30,04,1,
6278,00762,2022-05-25 20:01:23,25.49975,-103.40814,56,04,1,
6278,00762,2022-05-25 20:01:54,25.4972,-103.41025,0,04,1,
6278,00762,2022-05-25 20:02:24,25.49617,-103.41039,1,04,1,
6278,00762,2022-05-25 20:02:54,25.49557,-103.40938,0,04,1,
6278,00762,2022-05-25 20:03:24,25.49611,-103.40878,30,04,1,
6278,00762,2022-05-25 20:03:55,25.49669,-103.4059,41,04,1,
6278,00762,2022-05-25 20:04:25,25.49412,-103.40305,52,04,1,
6278,00762,2022-05-25 20:04:56,25.49221,-103.40414,38,04,1,
6278,00762,2022-05-25 20:05:06,25.49196,-103.40441,0,00,1,
6278,00762,2022-05-25 20:05:31,25.49249,-103.40535,33,00,1,
6278,00762,2022-05-25 20:06:02,25.49531,-103.40893,59,00,1,
6278,00763,2022-05-25 20:32:08,25.49784,-103.41256,0,04,1,
6278,00763,2022-05-25 20:32:38,25.49782,-103.41252,7,04,1,
6278,00763,2022-05-25 20:33:09,25.49649,-103.41079,2,04,1,
6278,00763,2022-05-25 20:33:39,25.49551,-103.40941,48,04,1,
6278,00763,2022-05-25 20:34:09,25.49274,-103.40586,55,04,1,
6278,00763,2022-05-25 20:34:38,25.492,-103.40499,0,04,1,
6278,00763,2022-05-25 20:35:05,25.49201,-103.405,0,04,1,
6278,00763,2022-05-25 20:35:35,25.49201,-103.40499,0,04,1,
6278,00763,2022-05-25 20:36:06,25.492,-103.40499,0,04,1,
6278,00763,2022-05-25 20:36:36,25.492,-103.40501,0,04,1,
6278,00763,2022-05-25 20:37:06,25.49181,-103.4046,2,04,1,
6278,00763,2022-05-25 20:37:36,25.49224,-103.40407,21,04,1,
6278,00763,2022-05-25 20:38:07,25.49356,-103.40258,5,04,1,
6278,00763,2022-05-25 20:38:37,25.49436,-103.40326,25,04,1,
6278,00763,2022-05-25 20:39:04,25.49531,-103.40434,29,04,1,
6278,00763,2022-05-25 20:39:34,25.49696,-103.40617,29,04,1,
6278,00763,2022-05-25 20:39:59,25.49702,-103.4077,27,04,1,
6278,00763,2022-05-25 20:40:30,25.49565,-103.40923,10,04,1,
6278,00763,2022-05-25 20:41:00,25.49673,-103.41023,0,04,1,
6278,00763,2022-05-25 20:41:30,25.49822,-103.40919,42,04,1,
6278,00763,2022-05-25 20:42:01,25.50103,-103.40674,51,04,1,
6278,00763,2022-05-25 20:42:31,25.50237,-103.40562,20,04,1,
6278,00763,2022-05-25 20:43:01,25.5045,-103.40361,43,04,1,
6278,00763,2022-05-25 20:43:32,25.50596,-103.40186,19,04,1,
6278,00763,2022-05-25 20:44:02,25.50746,-103.40004,1,04,1,
6278,00763,2022-05-25 20:44:32,25.50843,-103.39892,5,04,1,
6278,00763,2022-05-25 20:45:02,25.50875,-103.39865,22,04,1,
6278,00763,2022-05-25 20:45:28,25.51057,-103.39672,42,04,1,
6278,00763,2022-05-25 20:45:58,25.51249,-103.39467,23,04,1,
6278,00763,2022-05-25 20:46:28,25.51275,-103.39441,0,04,1,
6278,00763,2022-05-25 20:46:59,25.51275,-103.39442,0,04,1,
6278,00763,2022-05-25 20:47:29,25.51275,-103.39444,0,04,1,
6278,00763,2022-05-25 20:47:59,25.51276,-103.39446,0,04,1,
6278,00763,2022-05-25 20:48:30,25.51285,-103.39438,6,04,1,
6278,00763,2022-05-25 20:49:00,25.51359,-103.39405,25,04,1,
6278,00763,2022-05-25 20:49:30,25.51456,-103.39405,0,04,1,
6278,00763,2022-05-25 20:50:01,25.51457,-103.39406,0,04,1,
6278,00763,2022-05-25 20:50:31,25.51582,-103.39404,33,04,1,
6278,00763,2022-05-25 20:50:56,25.51738,-103.39404,2,04,1,
6278,00763,2022-05-25 20:51:27,25.51742,-103.39405,11,04,1,
6278,00763,2022-05-25 20:51:57,25.51889,-103.39402,34,04,1,
6278,00763,2022-05-25 20:52:27,25.52094,-103.39401,35,04,1,
6278,00763,2022-05-25 20:52:58,25.52228,-103.39401,34,04,1,
6278,00763,2022-05-25 20:53:28,25.52448,-103.39399,14,04,1,
6278,00763,2022-05-25 20:53:58,25.52641,-103.39396,42,04,1,
6278,00763,2022-05-25 20:54:29,25.52781,-103.39395,19,04,1,
6278,00763,2022-05-25 20:54:59,25.52937,-103.39393,37,04,1,
6278,00763,2022-05-25 20:55:30,25.53175,-103.3939,10,04,1,
6278,00763,2022-05-25 20:55:55,25.53416,-103.39383,48,04,1,
6278,00763,2022-05-25 20:56:25,25.53459,-103.39382,9,04,1,
6278,00763,2022-05-25 20:56:56,25.53482,-103.39383,0,04,1,
6278,00763,2022-05-25 20:57:26,25.53541,-103.39479,32,04,1,
6278,00763,2022-05-25 20:57:56,25.53543,-103.39547,13,04,1,
6278,00763,2022-05-25 20:58:27,25.5354,-103.39623,33,04,1,
6278,00763,2022-05-25 20:58:57,25.53541,-103.40018,48,04,1,
6278,00763,2022-05-25 20:59:27,25.53538,-103.40373,37,04,1,
6278,00763,2022-05-25 20:59:58,25.53546,-103.40465,0,04,1,
6278,00763,2022-05-25 21:00:28,25.53559,-103.40647,47,04,1,
6278,00763,2022-05-25 21:00:57,25.53561,-103.41067,39,04,1,
6278,00763,2022-05-25 21:01:24,25.53562,-103.41293,25,04,1,
6278,00763,2022-05-25 21:01:54,25.53561,-103.41404,17,04,1,
6278,00763,2022-05-25 21:02:24,25.53561,-103.4162,31,04,1,
6278,00763,2022-05-25 21:02:55,25.53565,-103.41804,0,04,1,
6278,00763,2022-05-25 21:03:25,25.53567,-103.4187,28,04,1,
6278,00763,2022-05-25 21:03:55,25.53568,-103.41987,6,04,1,
6278,00763,2022-05-25 21:04:26,25.53565,-103.42143,38,04,1,
6278,00763,2022-05-25 21:04:56,25.53563,-103.4222,0,04,1,
6278,00763,2022-05-25 21:05:26,25.53568,-103.42504,22,04,1,
6278,00763,2022-05-25 21:05:57,25.53569,-103.42625,19,04,1,
6278,00763,2022-05-25 21:06:22,25.53568,-103.42853,0,04,1,
6278,00763,2022-05-25 21:06:52,25.53568,-103.42909,31,04,1,
6278,00763,2022-05-25 21:07:23,25.53575,-103.43326,47,04,1,
6278,00763,2022-05-25 21:07:53,25.53578,-103.43417,0,04,1,
6278,00763,2022-05-25 21:08:24,25.53579,-103.43463,28,04,1,
6278,00763,2022-05-25 21:08:54,25.53579,-103.43783,47,04,1,
6278,00763,2022-05-25 21:09:24,25.53582,-103.44127,35,04,1,
6278,00763,2022-05-25 21:09:55,25.53582,-103.44189,0,04,1,
6278,00763,2022-05-25 21:10:25,25.53583,-103.44314,36,04,1,
6278,00763,2022-05-25 21:10:55,25.53584,-103.4461,29,04,1,
6278,00763,2022-05-25 21:11:26,25.53586,-103.44769,1,04,0,
6278,00763,2022-05-25 21:11:31,25.53585,-103.44766,0,04,1,
6278,00763,2022-05-25 21:11:41,25.53582,-103.44764,0,04,1,
6278,00763,2022-05-25 21:12:06,25.53582,-103.44765,0,04,1,
6278,00763,2022-05-25 21:12:37,25.53585,-103.44966,36,04,1,
6278,00763,2022-05-25 21:13:07,25.53585,-103.4529,34,04,1,
6278,00763,2022-05-25 21:13:37,25.53585,-103.45572,0,04,1,
6278,00763,2022-05-25 21:14:08,25.53583,-103.45622,3,04,1,
6278,00763,2022-05-25 21:14:38,25.53589,-103.4576,27,04,1,
6278,00763,2022-05-25 21:15:09,25.53584,-103.45935,31,04,1,
6278,00763,2022-05-25 21:15:39,25.53531,-103.46299,50,04,1,
6278,00763,2022-05-25 21:16:09,25.53547,-103.46514,22,04,1,
6278,00763,2022-05-25 21:16:40,25.53676,-103.46545,1,04,1,
6278,00763,2022-05-25 21:17:05,25.53744,-103.46568,34,04,1,
6278,00763,2022-05-25 21:17:35,25.53904,-103.46614,21,04,1,
6278,00763,2022-05-25 21:18:06,25.5391,-103.46617,0,04,1,
6278,00763,2022-05-25 21:18:36,25.5391,-103.46617,0,04,1,
6278,00763,2022-05-25 21:19:06,25.54043,-103.46652,8,04,1,
6278,00763,2022-05-25 21:19:37,25.54116,-103.46676,22,04,1,
6278,00763,2022-05-25 21:20:07,25.54148,-103.46778,27,04,1,
6278,00763,2022-05-25 21:20:37,25.54039,-103.46769,7,04,1,
6278,00763,2022-05-25 21:21:08,25.54038,-103.46768,0,04,1,
6278,00763,2022-05-25 21:21:38,25.54038,-103.46768,0,04,1,
6278,00763,2022-05-25 21:22:08,25.54039,-103.46766,0,04,1,
6278,00763,2022-05-25 21:22:34,25.5404,-103.46766,0,04,1,
6278,00763,2022-05-25 21:23:04,25.5404,-103.46767,0,04,1,
6278,00763,2022-05-25 21:23:34,25.5404,-103.46767,0,04,1,
6278,00763,2022-05-25 21:24:05,25.54039,-103.46767,0,04,1,
6278,00763,2022-05-25 21:24:35,25.54039,-103.46767,0,04,1,
6278,00763,2022-05-25 21:25:06,25.53999,-103.46754,16,04,1,
6278,00763,2022-05-25 21:25:36,25.53912,-103.46729,0,04,1,
6278,00763,2022-05-25 21:26:06,25.53912,-103.46727,0,04,1,
6278,00763,2022-05-25 21:26:36,25.53872,-103.46715,27,04,1,
6278,00763,2022-05-25 21:27:05,25.53672,-103.46662,26,04,1,
6278,00763,2022-05-25 21:27:32,25.53635,-103.4665,12,04,1,
6278,00763,2022-05-25 21:28:02,25.53519,-103.46606,0,04,1,
6278,00763,2022-05-25 21:28:33,25.53487,-103.46473,43,04,1,
6278,00763,2022-05-25 21:29:03,25.53569,-103.46088,4,04,1,
6278,00763,2022-05-25 21:29:34,25.53578,-103.45986,30,04,1,
6278,00763,2022-05-25 21:30:04,25.53579,-103.45778,34,04,1,
6278,00763,2022-05-25 21:30:34,25.53577,-103.45494,41,04,1,
6278,00763,2022-05-25 21:31:05,25.53573,-103.4529,1,04,1,
6278,00763,2022-05-25 21:31:35,25.53575,-103.45292,0,04,1,
6278,00763,2022-05-25 21:32:05,25.53575,-103.45282,8,04,1,
6278,00763,2022-05-25 21:32:31,25.53579,-103.45061,55,04,1,
6278,00763,2022-05-25 21:33:01,25.53572,-103.44897,0,04,1,
6278,00763,2022-05-25 21:33:31,25.53571,-103.44898,0,04,1,
6278,00763,2022-05-25 21:34:02,25.53572,-103.44873,20,04,1,
6278,00763,2022-05-25 21:34:32,25.5357,-103.44576,0,04,1,
6278,00763,2022-05-25 21:35:02,25.5357,-103.44569,5,04,1,
6278,00763,2022-05-25 21:35:33,25.53569,-103.44447,35,04,1,
6278,00763,2022-05-25 21:36:03,25.53569,-103.44325,0,04,1,
6278,00763,2022-05-25 21:36:33,25.53569,-103.44303,0,04,1,
6278,00763,2022-05-25 21:37:04,25.53568,-103.44181,32,04,1,
6278,00763,2022-05-25 21:37:34,25.53567,-103.43876,45,04,1,
6278,00763,2022-05-25 21:37:59,25.53562,-103.43658,0,04,1,
6278,00763,2022-05-25 21:38:30,25.53563,-103.43659,4,04,1,
6278,00763,2022-05-25 21:39:00,25.53565,-103.4349,40,04,1,
6278,00763,2022-05-25 21:39:30,25.53562,-103.43241,48,04,1,
6278,00763,2022-05-25 21:40:01,25.53559,-103.42945,0,04,1,
6278,00763,2022-05-25 21:40:31,25.53559,-103.42774,43,04,1,
6278,00763,2022-05-25 21:41:01,25.53557,-103.42421,42,04,1,
6278,00763,2022-05-25 21:41:32,25.53554,-103.42225,1,04,1,
6278,00763,2022-05-25 21:42:02,25.53554,-103.42205,0,04,1,
6278,00763,2022-05-25 21:42:32,25.53556,-103.42084,18,04,1,
6278,00763,2022-05-25 21:43:01,25.53556,-103.41955,23,04,1,
6278,00763,2022-05-25 21:43:28,25.53552,-103.41879,0,04,1,
6278,00763,2022-05-25 21:43:58,25.53551,-103.41848,20,04,1,
6278,00763,2022-05-25 21:44:29,25.5355,-103.41667,26,04,1,
6278,00763,2022-05-25 21:44:59,25.53549,-103.41568,0,04,1,
6278,00763,2022-05-25 21:45:29,25.5355,-103.41569,0,04,1,
6278,00763,2022-05-25 21:46:00,25.5355,-103.4149,34,04,1,
6278,00763,2022-05-25 21:46:30,25.53548,-103.41229,35,04,1,
6278,00763,2022-05-25 21:47:00,25.53536,-103.40861,50,04,1,
6278,00763,2022-05-25 21:47:31,25.53527,-103.40724,0,04,1,
6278,00763,2022-05-25 21:48:01,25.53528,-103.40707,18,04,1,
6278,00763,2022-05-25 21:48:27,25.53531,-103.40667,0,04,1,
6278,00763,2022-05-25 21:48:57,25.53522,-103.40411,51,04,1,
6278,00763,2022-05-25 21:49:27,25.53515,-103.40223,36,04,1,
6278,00763,2022-05-25 21:49:58,25.53511,-103.39756,46,04,1,
6278,00763,2022-05-25 21:50:28,25.53474,-103.3961,0,04,1,
6278,00763,2022-05-25 21:50:58,25.53475,-103.39612,0,04,1,
6278,00763,2022-05-25 21:51:29,25.53475,-103.39613,0,04,1,
6278,00763,2022-05-25 21:51:59,25.53475,-103.39614,0,04,1,
6278,00763,2022-05-25 21:52:29,25.53475,-103.39613,0,04,1,
6278,00763,2022-05-25 21:53:00,25.53475,-103.39613,0,04,1,
6278,00763,2022-05-25 21:53:25,25.53476,-103.39613,0,04,1,
6278,00763,2022-05-25 21:53:55,25.53326,-103.39613,26,04,1,
6278,00763,2022-05-25 21:54:26,25.53007,-103.39614,2,04,1,
6278,00763,2022-05-25 21:54:56,25.52733,-103.39614,58,04,1,
6278,00763,2022-05-25 21:55:26,25.52339,-103.39619,13,04,1,
6278,00763,2022-05-25 21:55:57,25.52262,-103.39618,9,04,1,
6278,00763,2022-05-25 21:56:27,25.52222,-103.39619,0,04,1,
6278,00763,2022-05-25 21:56:57,25.52113,-103.39617,16,04,1,
6278,00763,2022-05-25 21:57:28,25.51825,-103.39616,23,04,1,
6278,00763,2022-05-25 21:57:58,25.5181,-103.39615,0,04,1,
6278,00763,2022-05-25 21:58:28,25.51761,-103.3957,2,04,1,
6278,00763,2022-05-25 21:58:54,25.51759,-103.39412,19,04,1,
6278,00763,2022-05-25 21:59:24,25.51756,-103.3906,43,04,1,
6278,00763,2022-05-25 21:59:55,25.5175,-103.3897,8,04,1,
6278,00763,2022-05-25 22:00:25,25.51642,-103.39082,25,04,1,
6278,00763,2022-05-25 22:00:55,25.51374,-103.39366,64,04,1,
6278,00763,2022-05-25 22:01:26,25.51294,-103.39448,13,04,1,
6278,00763,2022-05-25 22:01:56,25.51272,-103.39464,2,04,1,
6278,00763,2022-05-25 22:02:26,25.51123,-103.39287,40,04,1,
6278,00763,2022-05-25 22:02:57,25.51028,-103.39137,24,04,1,
6278,00763,2022-05-25 22:03:24,25.51019,-103.39122,7,04,1,
6278,00763,2022-05-25 22:03:52,25.50936,-103.38992,5,04,1,
6278,00763,2022-05-25 22:04:23,25.50895,-103.38927,24,04,1,
6278,00763,2022-05-25 22:04:53,25.50798,-103.38776,29,04,1,
6278,00763,2022-05-25 22:05:23,25.50751,-103.38701,22,04,1,
6278,00763,2022-05-25 22:05:54,25.50688,-103.38603,34,04,1,
6278,00763,2022-05-25 22:06:24,25.5066,-103.38559,10,04,1,
6278,00763,2022-05-25 22:06:55,25.50718,-103.3846,24,04,1,
6278,00763,2022-05-25 22:07:25,25.50819,-103.38382,27,04,1,
6278,00763,2022-05-25 22:07:56,25.50915,-103.38272,17,04,1,
6278,00763,2022-05-25 22:08:21,25.50817,-103.38117,29,04,1,
6278,00763,2022-05-25 22:08:52,25.50742,-103.38001,20,04,1,
6278,00763,2022-05-25 22:09:22,25.50613,-103.38083,22,04,1,
6278,00763,2022-05-25 22:09:53,25.50506,-103.38168,29,04,1,
6278,00763,2022-05-25 22:10:23,25.50412,-103.38171,29,04,1,
6278,00763,2022-05-25 22:10:53,25.50297,-103.38098,34,04,1,
6278,00763,2022-05-25 22:11:24,25.50213,-103.38165,26,04,1,
6278,00763,2022-05-25 22:11:54,25.501,-103.38268,15,04,1,
6278,00763,2022-05-25 22:12:25,25.50126,-103.38302,23,04,1,
6278,00763,2022-05-25 22:12:50,25.50224,-103.38454,14,04,1,
6278,00763,2022-05-25 22:13:20,25.50236,-103.38548,13,04,1,
6278,00763,2022-05-25 22:13:51,25.50078,-103.38613,27,04,1,
6278,00763,2022-05-25 22:14:21,25.49934,-103.38374,19,04,1,
6278,00763,2022-05-25 22:14:51,25.49911,-103.38393,0,04,1,
6278,00763,2022-05-25 22:15:22,25.49908,-103.38396,0,04,1,
6278,00763,2022-05-25 22:15:52,25.49787,-103.38205,53,04,1,
6278,00763,2022-05-25 22:16:23,25.49661,-103.37996,1,04,1,
6278,00763,2022-05-25 22:16:53,25.49655,-103.37988,13,04,1,
6278,00763,2022-05-25 22:17:23,25.49577,-103.37946,0,04,1,
6278,00763,2022-05-25 22:17:49,25.49567,-103.37953,0,04,1,
6278,00763,2022-05-25 22:18:19,25.49578,-103.38078,18,04,1,
6278,00763,2022-05-25 22:18:49,25.49578,-103.38076,0,04,1,
6278,00763,2022-05-25 22:19:20,25.49577,-103.38083,0,00,1,
6278,00763,2022-05-25 22:19:51,25.49577,-103.38082,0,00,1,
6278,00763,2022-05-25 22:20:21,25.49577,-103.38083,0,00,1,
6278,00764,2022-05-25 22:54:10,25.49577,-103.3808,0,04,1,
6278,00764,2022-05-25 22:54:36,25.49578,-103.3808,0,04,1,
6278,00764,2022-05-25 22:55:06,25.49577,-103.38081,0,04,1,
6278,00764,2022-05-25 22:55:36,25.49577,-103.38081,0,04,1,
6278,00764,2022-05-25 22:56:07,25.49577,-103.38081,0,04,1,
6278,00764,2022-05-25 22:56:33,25.49577,-103.3808,0,04,1,
6278,00764,2022-05-25 22:57:03,25.49576,-103.38077,0,04,1,
6278,00764,2022-05-25 22:57:34,25.49576,-103.38079,0,04,1,
6278,00764,2022-05-25 22:58:04,25.49577,-103.3808,0,04,1,
6278,00764,2022-05-25 22:58:34,25.49578,-103.3808,0,04,1,
6278,00764,2022-05-25 22:59:04,25.49634,-103.38033,30,04,1,
6278,00764,2022-05-25 22:59:30,25.49682,-103.37995,1,04,1,
6278,00764,2022-05-25 23:00:00,25.49726,-103.38071,25,04,1,
6278,00764,2022-05-25 23:00:30,25.4985,-103.38293,34,04,1,
6278,00764,2022-05-25 23:01:01,25.49991,-103.38542,28,04,1,
6278,00764,2022-05-25 23:01:31,25.50055,-103.38656,27,04,1,
6278,00764,2022-05-25 23:02:01,25.50186,-103.38895,35,04,1,
6278,00764,2022-05-25 23:02:32,25.50308,-103.39138,24,04,1,
6278,00764,2022-05-25 23:03:02,25.50411,-103.3909,16,04,1,
6278,00764,2022-05-25 23:03:33,25.50512,-103.39011,16,04,1,
6278,00764,2022-05-25 23:04:03,25.50504,-103.38899,25,04,1,
6278,00764,2022-05-25 23:04:33,25.50461,-103.38835,15,04,1,
6278,00764,2022-05-25 23:04:59,25.50401,-103.3874,10,04,1,
6278,00764,2022-05-25 23:05:29,25.50313,-103.38598,27,04,1,
6278,00764,2022-05-25 23:05:59,25.50205,-103.38432,23,04,1,
6278,00764,2022-05-25 23:06:30,25.50121,-103.383,21,04,1,
6278,00764,2022-05-25 23:07:00,25.50136,-103.38209,32,04,1,
6278,00764,2022-05-25 23:07:30,25.50238,-103.3813,15,04,1,
6278,00764,2022-05-25 23:08:01,25.50371,-103.38044,2,04,1,
6278,00764,2022-05-25 23:08:31,25.50434,-103.3818,0,04,1,
6278,00764,2022-05-25 23:09:01,25.50558,-103.38124,40,04,1,
6278,00764,2022-05-25 23:09:32,25.507,-103.38014,44,04,1,
6278,00764,2022-05-25 23:09:57,25.50817,-103.38117,44,04,1,
6278,00764,2022-05-25 23:10:27,25.50915,-103.38268,10,04,1,
6278,00764,2022-05-25 23:10:58,25.50938,-103.38316,20,04,1,
6278,00764,2022-05-25 23:11:28,25.507,-103.38502,48,04,1,
6278,00764,2022-05-25 23:11:58,25.50662,-103.38544,17,04,1,
6278,00764,2022-05-25 23:12:29,25.50837,-103.38812,9,04,1,
6278,00764,2022-05-25 23:12:59,25.50921,-103.38944,22,04,1,
6278,00764,2022-05-25 23:13:29,25.50999,-103.39064,0,04,1,
6278,00764,2022-05-25 23:14:00,25.50998,-103.39063,0,04,1,
6278,00764,2022-05-25 23:14:30,25.51103,-103.39227,28,04,1,
6278,00764,2022-05-25 23:15:00,25.51254,-103.39461,0,04,1,
6278,00764,2022-05-25 23:15:26,25.51274,-103.39445,10,04,1,
6278,00764,2022-05-25 23:15:56,25.51275,-103.39443,0,04,1,
6278,00764,2022-05-25 23:16:26,25.51374,-103.394,3,04,1,
6278,00764,2022-05-25 23:16:57,25.51569,-103.39403,44,04,1,
6278,00764,2022-05-25 23:17:27,25.51743,-103.39402,12,04,1,
6278,00764,2022-05-25 23:17:58,25.51752,-103.39402,0,04,1,
6278,00764,2022-05-25 23:18:28,25.5175,-103.39402,0,04,1,
6278,00764,2022-05-25 23:18:58,25.51825,-103.39401,20,04,1,
6278,00764,2022-05-25 23:19:29,25.52066,-103.39399,30,04,1,
6278,00764,2022-05-25 23:19:59,25.52251,-103.39398,25,04,1,
6278,00764,2022-05-25 23:20:24,25.52469,-103.39396,42,04,1,
6278,00764,2022-05-25 23:20:55,25.52687,-103.39394,10,04,1,
6278,00764,2022-05-25 23:21:25,25.52916,-103.39392,45,04,1,
6278,00764,2022-05-25 23:21:55,25.53169,-103.3939,18,04,1,
6278,00764,2022-05-25 23:22:26,25.53432,-103.39382,5,04,1,
6278,00764,2022-05-25 23:22:56,25.53468,-103.39385,0,04,1,
6278,00764,2022-05-25 23:23:26,25.53467,-103.39384,0,04,1,
6278,00764,2022-05-25 23:23:57,25.53511,-103.39385,19,04,1,
6278,00764,2022-05-25 23:24:27,25.53539,-103.39547,13,04,1,
6278,00764,2022-05-25 23:24:57,25.5354,-103.39649,37,04,1,
6278,00764,2022-05-25 23:25:23,25.5354,-103.39936,40,04,1,
6278,00764,2022-05-25 23:25:53,25.53539,-103.4028,28,04,1,
6278,00764,2022-05-25 23:26:23,25.53543,-103.40426,7,04,1,
6278,00764,2022-05-25 23:26:54,25.53545,-103.40425,0,04,1,
6278,00764,2022-05-25 23:27:24,25.53563,-103.40634,31,04,1,
6278,00764,2022-05-25 23:27:54,25.53562,-103.40777,27,04,1,
6278,00764,2022-05-25 23:28:25,25.53563,-103.41062,27,04,1,
6278,00764,2022-05-25 23:28:55,25.53563,-103.41297,30,04,1,
6278,00764,2022-05-25 23:29:25,25.53563,-103.41372,0,04,1,
6278,00764,2022-05-25 23:29:56,25.53563,-103.41395,20,04,1,
6278,00764,2022-05-25 23:30:26,25.53564,-103.41595,28,04,1,
6278,00764,2022-05-25 23:30:52,25.53566,-103.41739,25,04,1,
6278,00764,2022-05-25 23:31:22,25.53567,-103.41835,21,04,1,
6278,00764,2022-05-25 23:31:52,25.53567,-103.41937,4,04,1,
6278,00764,2022-05-25 23:32:23,25.53568,-103.42011,1,04,1,
6278,00764,2022-05-25 23:32:53,25.53569,-103.42195,24,04,1,
6278,00764,2022-05-25 23:33:23,25.5357,-103.42242,0,04,1,
6278,00764,2022-05-25 23:33:54,25.5357,-103.42242,0,04,1,
6278,00764,2022-05-25 23:34:24,25.53571,-103.42241,0,04,1,
6278,00764,2022-05-25 23:34:54,25.53571,-103.42282,24,04,1,
6278,00764,2022-05-25 23:35:25,25.53572,-103.42654,48,04,1,
6278,00764,2022-05-25 23:35:50,25.53572,-103.42883,0,04,1,
6278,00764,2022-05-25 23:36:20,25.53572,-103.42881,0,04,1,
6278,00764,2022-05-25 23:36:51,25.53576,-103.43026,38,04,1,
6278,00764,2022-05-25 23:37:21,25.53578,-103.43366,17,04,1,
6278,00764,2022-05-25 23:37:51,25.53577,-103.43392,11,04,1,
6278,00764,2022-05-25 23:38:22,25.53578,-103.43533,0,04,1,
6278,00764,2022-05-25 23:38:52,25.53577,-103.43532,0,04,1,
6278,00764,2022-05-25 23:39:23,25.53577,-103.43548,17,04,1,
6278,00764,2022-05-25 23:39:53,25.5358,-103.43725,35,04,1,
6278,00764,2022-05-25 23:40:23,25.53581,-103.43989,26,04,1,
6278,00764,2022-05-25 23:40:48,25.53582,-103.44241,30,04,1,
6278,00764,2022-05-25 23:41:19,25.53582,-103.44577,40,04,1,
6278,00764,2022-05-25 23:41:49,25.53587,-103.44759,23,04,1,
6278,00764,2022-05-25 23:42:15,25.53588,-103.44813,18,04,1,
6278,00764,2022-05-25 23:42:45,25.53588,-103.45072,37,04,1,
6278,00764,2022-05-25 23:43:15,25.53589,-103.4526,4,04,1,
6278,00764,2022-05-25 23:43:46,25.53589,-103.45266,0,04,1,
6278,00764,2022-05-25 23:44:16,25.53585,-103.45308,28,04,1,
6278,00764,2022-05-25 23:44:46,25.53588,-103.45527,43,04,1,
6278,00764,2022-05-25 23:45:17,25.53593,-103.45717,7,04,1,
6278,00764,2022-05-25 23:45:47,25.53594,-103.45884,32,04,1,
6278,00764,2022-05-25 23:46:17,25.53595,-103.45998,0,04,1,
6278,00764,2022-05-25 23:46:48,25.53596,-103.45997,0,04,1,
6278,00764,2022-05-25 23:47:13,25.53578,-103.46135,38,04,1,
6278,00764,2022-05-25 23:47:43,25.53531,-103.46328,47,04,1,
6278,00764,2022-05-25 23:48:14,25.53553,-103.46518,20,04,1,
6278,00764,2022-05-25 23:48:44,25.53706,-103.46558,26,04,1,
6278,00764,2022-05-25 23:49:15,25.53933,-103.46621,26,04,1,
6278,00764,2022-05-25 23:49:45,25.53982,-103.46635,0,04,1,
6278,00764,2022-05-25 23:50:15,25.53981,-103.46635,0,04,1,
6278,00764,2022-05-25 23:50:46,25.53997,-103.46639,19,04,1,
6278,00764,2022-05-25 23:51:16,25.54116,-103.46675,0,04,1,
6278,00764,2022-05-25 23:51:46,25.54138,-103.46779,28,04,1,
6278,00764,2022-05-25 23:52:12,25.54008,-103.46757,0,04,1,
6278,00764,2022-05-25 23:52:42,25.53975,-103.46745,28,04,1,
6278,00764,2022-05-25 23:53:12,25.53772,-103.46688,0,04,1,
6278,00764,2022-05-25 23:53:43,25.53722,-103.46677,0,04,1,
6278,00764,2022-05-25 23:54:13,25.53722,-103.46677,0,04,1,
6278,00764,2022-05-25 23:54:44,25.53722,-103.46677,1,04,1,
6278,00764,2022-05-25 23:55:14,25.53645,-103.46654,2,04,1,
6278,00764,2022-05-25 23:55:44,25.53645,-103.46656,0,04,1,
6278,00764,2022-05-25 23:56:15,25.53646,-103.46656,0,04,1,
6278,00764,2022-05-25 23:56:45,25.53647,-103.46656,0,04,1,
6278,00764,2022-05-25 23:57:10,25.53545,-103.46626,29,04,1,
6278,00764,2022-05-25 23:57:41,25.53511,-103.46598,16,04,1,
6278,00764,2022-05-25 23:58:11,25.53475,-103.46549,26,04,1,
6278,00764,2022-05-25 23:58:42,25.53557,-103.46134,51,04,1,
6278,00764,2022-05-25 23:59:12,25.53578,-103.45993,26,04,1,
6278,00764,2022-05-25 23:59:42,25.53581,-103.45914,19,04,1,
6278,00764,2022-05-26 00:00:13,25.53578,-103.45773,17,04,1,
6278,00764,2022-05-26 00:00:43,25.53579,-103.45377,51,04,1,
6278,00764,2022-05-26 00:01:13,25.53574,-103.45239,11,04,1,
6278,00764,2022-05-26 00:01:44,25.5357,-103.4496,5,04,1,
6278,00764,2022-05-26 00:02:09,25.53568,-103.44959,1,04,1,
6278,00764,2022-05-26 00:02:39,25.53567,-103.4485,31,04,1,
6278,00764,2022-05-26 00:03:10,25.53568,-103.44561,0,04,1,
6278,00764,2022-05-26 00:03:40,25.53564,-103.44562,0,04,1,
6278,00764,2022-05-26 00:04:10,25.53566,-103.44461,41,04,1,
6278,00764,2022-05-26 00:04:41,25.53568,-103.44302,4,04,1,
6278,00764,2022-05-26 00:05:11,25.53567,-103.44183,28,04,1,
6278,00764,2022-05-26 00:05:41,25.53565,-103.43916,30,04,1,
6278,00764,2022-05-26 00:06:12,25.53563,-103.43711,0,04,1,
6278,00764,2022-05-26 00:06:42,25.53561,-103.43691,9,04,1,
6278,00764,2022-05-26 00:07:07,25.53561,-103.43666,0,04,1,
6278,00764,2022-05-26 00:07:38,25.53561,-103.4366,0,04,1,
6278,00764,2022-05-26 00:08:08,25.53564,-103.4349,32,04,1,
6278,00764,2022-05-26 00:08:39,25.5356,-103.43339,23,04,1,
6278,00764,2022-05-26 00:09:09,25.53559,-103.42981,33,04,1,
6278,00764,2022-05-26 00:09:39,25.53559,-103.42955,0,04,1,
6278,00764,2022-05-26 00:10:10,25.53559,-103.42859,35,04,1,
6278,00764,2022-05-26 00:10:40,25.53556,-103.4258,21,04,1,
6278,00764,2022-05-26 00:11:10,25.53554,-103.4239,0,04,1,
6278,00764,2022-05-26 00:11:41,25.53553,-103.42292,0,04,1,
6278,00764,2022-05-26 00:12:06,25.53552,-103.42202,10,04,1,
6278,00764,2022-05-26 00:12:36,25.53551,-103.42052,0,04,1,
6278,00764,2022-05-26 00:13:07,25.53551,-103.41977,27,04,1,
6278,00764,2022-05-26 00:13:37,25.53553,-103.41923,0,04,1,
6278,00764,2022-05-26 00:14:08,25.53552,-103.4186,13,04,1,
6278,00764,2022-05-26 00:14:38,25.53551,-103.4163,12,04,1,
6278,00764,2022-05-26 00:15:09,25.53552,-103.41622,0,04,1,
6278,00764,2022-05-26 00:15:39,25.53553,-103.41622,0,04,1,
6278,00764,2022-05-26 00:16:09,25.53552,-103.41525,20,04,1,
6278,00764,2022-05-26 00:16:40,25.53548,-103.41151,32,04,1,
6278,00764,2022-05-26 00:17:05,25.53547,-103.41049,30,04,1,
6278,00764,2022-05-26 00:17:35,25.53531,-103.40736,29,04,1,
6278,00764,2022-05-26 00:18:06,25.53528,-103.40706,10,04,1,
6278,00764,2022-05-26 00:18:36,25.5353,-103.40544,36,04,1,
6278,00764,2022-05-26 00:19:06,25.53515,-103.40189,41,04,1,
6278,00764,2022-05-26 00:19:37,25.5351,-103.39757,47,04,1,
6278,00764,2022-05-26 00:20:07,25.53473,-103.3961,0,04,1,
6278,00764,2022-05-26 00:20:38,25.53472,-103.39612,0,04,1,
6278,00764,2022-05-26 00:21:08,25.53472,-103.39612,0,04,1,
6278,00764,2022-05-26 00:21:34,25.53439,-103.3961,22,04,1,
6278,00764,2022-05-26 00:22:04,25.53195,-103.39608,40,04,1,
6278,00764,2022-05-26 00:22:34,25.52929,-103.39613,32,04,1,
6278,00764,2022-05-26 00:23:05,25.52802,-103.39617,0,04,1,
6278,00764,2022-05-26 00:23:35,25.52624,-103.39616,16,04,1,
6278,00764,2022-05-26 00:24:06,25.52532,-103.39617,1,04,1,
6278,00764,2022-05-26 00:24:36,25.5242,-103.39618,18,04,1,
6278,00764,2022-05-26 00:25:06,25.52231,-103.39619,24,04,1,
6278,00764,2022-05-26 00:25:37,25.52104,-103.3962,19,04,1,
6278,00764,2022-05-26 00:26:07,25.51801,-103.39616,21,04,1,
6278,00764,2022-05-26 00:26:32,25.51781,-103.39615,0,04,1,
6278,00764,2022-05-26 00:27:03,25.51782,-103.39615,0,04,1,
6278,00764,2022-05-26 00:27:33,25.51757,-103.39547,25,04,1,
6278,00764,2022-05-26 00:28:03,25.51757,-103.39422,3,04,1,
6278,00764,2022-05-26 00:28:34,25.51755,-103.39102,54,04,1,
6278,00764,2022-05-26 00:29:04,25.51754,-103.38999,0,04,1,
6278,00764,2022-05-26 00:29:34,25.51636,-103.39085,47,04,1,
6278,00764,2022-05-26 00:30:05,25.51304,-103.39441,28,04,1,
6278,00764,2022-05-26 00:30:35,25.51266,-103.39478,0,04,1,
6278,00764,2022-05-26 00:31:05,25.51259,-103.39485,17,04,1,
6278,00764,2022-05-26 00:31:36,25.51162,-103.39587,36,04,1,
6278,00764,2022-05-26 00:32:01,25.50926,-103.39832,59,04,1,
6278,00764,2022-05-26 00:32:31,25.50804,-103.39961,7,04,1,
6278,00764,2022-05-26 00:33:02,25.50776,-103.39994,28,04,1,
6278,00764,2022-05-26 00:33:32,25.50687,-103.40104,20,04,1,
6278,00764,2022-05-26 00:34:03,25.50496,-103.40333,14,04,1,
6278,00764,2022-05-26 00:34:33,25.5042,-103.40423,37,04,1,
6278,00764,2022-05-26 00:35:03,25.50314,-103.40525,29,04,1,
6278,00764,2022-05-26 00:35:34,25.50225,-103.40592,23,04,1,
6278,00764,2022-05-26 00:36:04,25.50036,-103.40754,32,04,1,
6278,00764,2022-05-26 00:36:29,25.49777,-103.40973,51,04,1,
6278,00764,2022-05-26 00:37:00,25.49695,-103.4104,19,04,1,
6278,00764,2022-05-26 00:37:30,25.49669,-103.41062,0,04,1,
6278,00764,2022-05-26 00:38:00,25.49668,-103.41062,0,04,1,
6278,00764,2022-05-26 00:38:31,25.49608,-103.41025,19,04,1,
6278,00764,2022-05-26 00:39:01,25.49602,-103.40887,26,04,1,
6278,00764,2022-05-26 00:39:32,25.49699,-103.40768,39,04,1,
6278,00764,2022-05-26 00:40:02,25.49603,-103.40521,0,04,1,
6278,00764,2022-05-26 00:40:33,25.49504,-103.40409,0,04,1,
6278,00764,2022-05-26 00:41:03,25.49447,-103.40343,18,04,1,
6278,00764,2022-05-26 00:41:28,25.49353,-103.40263,17,04,1,
6278,00764,2022-05-26 00:41:58,25.49276,-103.40356,18,04,1,
6278,00764,2022-05-26 00:42:24,25.49198,-103.40438,0,00,1,
6278,00764,2022-05-26 00:42:54,25.49179,-103.40462,8,00,1,
6278,00765,2022-05-26 01:40:22,0,0,0,04,0,
6278,00765,2022-05-26 01:40:47,0,0,0,04,0,
6278,00765,2022-05-26 01:41:17,0,0,0,04,0,
6278,00765,2022-05-26 01:41:47,25.52077,-103.41313,0,04,0,
6278,00765,2022-05-26 01:42:17,25.5217,-103.41339,0,04,0,
6278,00765,2022-05-26 01:42:48,25.52239,-103.41352,0,04,0,
6278,00765,2022-05-26 01:43:18,25.52306,-103.4137,0,04,0,
6278,00765,2022-05-26 01:43:48,25.5239,-103.41391,0,04,0,
6278,00765,2022-05-26 01:43:58,25.49169,-103.40437,0,04,1,
6278,00765,2022-05-26 01:44:24,25.49175,-103.40432,0,04,1,
6278,00765,2022-05-26 01:44:49,25.49193,-103.40434,12,04,1,
6278,00765,2022-05-26 01:45:15,25.49295,-103.40331,25,04,1,
6278,00765,2022-05-26 01:45:45,25.49355,-103.40257,0,04,1,
6278,00765,2022-05-26 01:46:15,25.49355,-103.40256,0,04,1,
6278,00765,2022-05-26 01:46:46,25.49376,-103.4026,12,04,1,
6278,00765,2022-05-26 01:47:16,25.4949,-103.40382,23,04,1,
6278,00765,2022-05-26 01:47:46,25.49595,-103.40507,0,04,1,
6278,00765,2022-05-26 01:48:17,25.49688,-103.40611,30,04,1,
6278,00765,2022-05-26 01:48:47,25.49694,-103.40805,29,04,1,
6278,00765,2022-05-26 01:49:17,25.49616,-103.40878,25,04,1,
6278,00765,2022-05-26 01:49:48,25.49585,-103.40962,29,04,1,
6278,00765,2022-05-26 01:50:18,25.49659,-103.41031,0,04,1,
6278,00765,2022-05-26 01:50:43,25.49744,-103.40978,15,04,1,
6278,00765,2022-05-26 01:51:10,25.49954,-103.40821,50,04,1,
6278,00765,2022-05-26 01:51:40,25.50212,-103.40584,23,04,1,
6278,00765,2022-05-26 01:52:10,25.5034,-103.40485,51,04,1,
6278,00765,2022-05-26 01:52:41,25.50555,-103.40233,40,04,1,
6278,00765,2022-05-26 01:53:11,25.50704,-103.40056,54,04,1,
6278,00765,2022-05-26 01:53:41,25.50948,-103.39786,37,04,1,
6278,00765,2022-05-26 01:54:12,25.51147,-103.39576,34,04,1,
6278,00765,2022-05-26 01:54:42,25.51269,-103.39445,0,04,1,
6278,00765,2022-05-26 01:55:12,25.51268,-103.39447,0,04,1,
6278,00765,2022-05-26 01:55:43,25.51268,-103.39448,0,04,1,
6278,00765,2022-05-26 01:56:08,25.51268,-103.39448,0,04,1,
6278,00765,2022-05-26 01:56:38,25.51269,-103.39448,0,04,1,
6278,00765,2022-05-26 01:57:09,25.51269,-103.39448,0,04,1,
6278,00765,2022-05-26 01:57:39,25.51405,-103.39403,28,04,1,
6278,00765,2022-05-26 01:58:09,25.51454,-103.39404,15,04,1,
6278,00765,2022-05-26 01:58:40,25.51682,-103.39402,13,04,1,
6278,00765,2022-05-26 01:59:10,25.51732,-103.39401,0,04,1,
6278,00765,2022-05-26 01:59:40,25.51738,-103.39401,0,04,1,
6278,00765,2022-05-26 02:00:11,25.51816,-103.394,34,04,1,
6278,00765,2022-05-26 02:00:41,25.52086,-103.39398,36,04,1,
6278,00765,2022-05-26 02:01:09,25.52167,-103.39398,7,04,1,
6278,00765,2022-05-26 02:01:37,25.52392,-103.39395,42,04,1,
6278,00765,2022-05-26 02:02:07,25.52568,-103.39394,42,04,1,
6278,00765,2022-05-26 02:02:37,25.5295,-103.3939,43,04,1,
6278,00765,2022-05-26 02:03:08,25.53151,-103.39388,13,04,1,
6278,00765,2022-05-26 02:03:38,25.5342,-103.3938,28,04,1,
6278,00765,2022-05-26 02:04:08,25.53528,-103.39416,34,04,1,
6278,00765,2022-05-26 02:04:39,25.53537,-103.3958,23,04,1,
6278,00765,2022-05-26 02:05:09,25.53537,-103.39786,38,04,1,
6278,00765,2022-05-26 02:05:39,25.53538,-103.40168,42,04,1,
6278,00765,2022-05-26 02:06:10,25.5355,-103.40483,19,04,1,
6278,00765,2022-05-26 02:06:35,25.5355,-103.40492,0,04,1,
6278,00765,2022-05-26 02:07:05,25.53559,-103.40593,39,04,1,
6278,00765,2022-05-26 02:07:36,25.53559,-103.40805,21,04,1,
6278,00765,2022-05-26 02:08:06,25.53561,-103.41086,34,04,1,
6278,00765,2022-05-26 02:08:36,25.53563,-103.41376,0,04,1,
6278,00765,2022-05-26 02:09:07,25.53564,-103.41448,26,04,1,
6278,00765,2022-05-26 02:09:37,25.53565,-103.4163,32,04,1,
6278,00765,2022-05-26 02:10:07,25.53567,-103.41808,0,04,1,
6278,00765,2022-05-26 02:10:38,25.53565,-103.41951,21,04,1,
6278,00765,2022-05-26 02:11:08,25.53566,-103.42155,28,04,1,
6278,00765,2022-05-26 02:11:38,25.53569,-103.42256,0,04,1,
6278,00765,2022-05-26 02:12:03,25.53569,-103.42283,23,04,1,
6278,00765,2022-05-26 02:12:34,25.53569,-103.42604,42,04,1,
6278,00765,2022-05-26 02:13:04,25.53572,-103.42891,0,04,1,
6278,00765,2022-05-26 02:13:34,25.53574,-103.4289,0,04,1,
6278,00765,2022-05-26 02:14:05,25.53574,-103.43063,41,04,1,
6278,00765,2022-05-26 02:14:35,25.53576,-103.4326,39,04,1,
6278,00765,2022-05-26 02:15:05,25.53576,-103.43415,12,04,1,
6278,00765,2022-05-26 02:15:36,25.53577,-103.43533,0,04,1,
6278,00765,2022-05-26 02:16:06,25.53577,-103.43532,0,04,1,
6278,00765,2022-05-26 02:16:37,25.53577,-103.43534,5,04,1,
6278,00765,2022-05-26 02:17:02,25.53578,-103.43725,39,04,1,
6278,00765,2022-05-26 02:17:32,25.5358,-103.44076,37,04,1,
6278,00765,2022-05-26 02:18:03,25.53584,-103.44211,3,04,1,
6278,00765,2022-05-26 02:18:33,25.53583,-103.44348,19,04,1,
6278,00765,2022-05-26 02:19:03,25.53584,-103.44607,34,04,1,
6278,00765,2022-05-26 02:19:34,25.53585,-103.44811,0,04,1,
6278,00765,2022-05-26 02:20:04,25.53586,-103.4481,0,04,1,
6278,00765,2022-05-26 02:20:34,25.53588,-103.44994,26,04,1,
6278,00765,2022-05-26 02:21:05,25.53586,-103.45304,34,04,1,
6278,00765,2022-05-26 02:21:35,25.53589,-103.45505,24,04,1,
6278,00765,2022-05-26 02:22:01,25.53587,-103.45651,0,04,1,
6278,00765,2022-05-26 02:22:31,25.53592,-103.45827,2,04,1,
6278,00765,2022-05-26 02:23:01,25.53593,-103.45966,22,04,1,
6278,00765,2022-05-26 02:23:32,25.53569,-103.4617,19,04,1,
6278,00765,2022-05-26 02:24:02,25.53536,-103.46295,28,04,1,
6278,00765,2022-05-26 02:24:32,25.53521,-103.46513,11,04,1,
6278,00765,2022-05-26 02:25:02,25.53678,-103.46551,1,04,1,
6278,00765,2022-05-26 02:25:33,25.53725,-103.46566,0,04,1,
6278,00765,2022-05-26 02:26:03,25.53726,-103.46567,0,04,1,
6278,00765,2022-05-26 02:26:33,25.53797,-103.46589,39,04,1,
6278,00765,2022-05-26 02:27:04,25.53976,-103.46639,46,04,1,
6278,00765,2022-05-26 02:27:29,25.54131,-103.46684,17,04,1,
6278,00765,2022-05-26 02:27:59,25.54159,-103.46741,0,04,1,
6278,00765,2022-05-26 02:28:30,25.54159,-103.46736,0,04,1,
6278,00765,2022-05-26 02:29:00,25.5416,-103.46737,3,04,1,
6278,00765,2022-05-26 02:29:30,25.54159,-103.46741,0,04,1,
6278,00765,2022-05-26 02:30:01,25.54102,-103.46781,36,04,1,
6278,00765,2022-05-26 02:30:31,25.54002,-103.46757,0,04,1,
6278,00765,2022-05-26 02:31:01,25.54002,-103.46756,0,04,1,
6278,00765,2022-05-26 02:31:32,25.54002,-103.46756,0,04,1,
6278,00765,2022-05-26 02:32:02,25.54002,-103.46756,0,04,1,
6278,00765,2022-05-26 02:32:32,25.54002,-103.46754,0,04,1,
6278,00765,2022-05-26 02:32:58,25.53985,-103.46749,18,04,1,
6278,00765,2022-05-26 02:33:28,25.53787,-103.46695,21,04,1,
6278,00765,2022-05-26 02:33:58,25.53723,-103.46677,0,04,1,
6278,00765,2022-05-26 02:34:29,25.53723,-103.46678,0,04,1,
6278,00765,2022-05-26 02:34:59,25.53659,-103.4666,22,04,1,
6278,00765,2022-05-26 02:35:30,25.5349,-103.46584,21,04,1,
6278,00765,2022-05-26 02:36:00,25.53478,-103.46571,0,04,1,
6278,00765,2022-05-26 02:36:30,25.53496,-103.46389,23,04,1,
6278,00765,2022-05-26 02:37:00,25.53532,-103.46228,27,04,1,
6278,00765,2022-05-26 02:37:31,25.53563,-103.46088,0,04,1,
6278,00765,2022-05-26 02:37:59,25.5357,-103.46064,6,04,1,
6278,00765,2022-05-26 02:38:26,25.5357,-103.46063,0,04,1,
6278,00765,2022-05-26 02:38:57,25.53576,-103.46013,31,04,1,
6278,00765,2022-05-26 02:39:27,25.53575,-103.45813,39,04,1,
6278,00765,2022-05-26 02:39:57,25.53575,-103.45724,0,04,1,
6278,00765,2022-05-26 02:40:28,25.53575,-103.45504,53,04,1,
6278,00765,2022-05-26 02:40:58,25.53573,-103.45144,44,04,1,
6278,00765,2022-05-26 02:41:28,25.53567,-103.44899,0,04,1,
6278,00765,2022-05-26 02:41:59,25.53569,-103.44902,0,04,1,
6278,00765,2022-05-26 02:42:29,25.53567,-103.44722,39,04,1,
6278,00765,2022-05-26 02:43:00,25.53566,-103.44564,2,04,1,
6278,00765,2022-05-26 02:43:25,25.53566,-103.44386,36,04,1,
6278,00765,2022-05-26 02:43:55,25.53566,-103.44254,0,04,1,
6278,00765,2022-05-26 02:44:26,25.53567,-103.44256,0,04,1,
6278,00765,2022-05-26 02:44:56,25.53565,-103.44049,33,04,1,
6278,00765,2022-05-26 02:45:26,25.53562,-103.43769,39,04,1,
6278,00765,2022-05-26 02:45:57,25.53562,-103.43657,0,04,1,
6278,00765,2022-05-26 02:46:27,25.53562,-103.43645,9,04,1,
6278,00765,2022-05-26 02:46:57,25.53563,-103.43592,8,04,1,
6278,00765,2022-05-26 02:47:28,25.53558,-103.43393,0,04,1,
6278,00765,2022-05-26 02:47:58,25.53559,-103.43236,39,04,1,
6278,00765,2022-05-26 02:48:28,25.53558,-103.4306,31,04,1,
6278,00765,2022-05-26 02:48:53,25.53556,-103.42936,0,04,1,
6278,00765,2022-05-26 02:49:24,25.53558,-103.427,48,04,1,
6278,00765,2022-05-26 02:49:54,25.53556,-103.42414,0,04,1,
6278,00765,2022-05-26 02:50:25,25.53553,-103.42217,0,04,1,
6278,00765,2022-05-26 02:50:55,25.53551,-103.42219,0,04,1,
6278,00765,2022-05-26 02:51:25,25.53553,-103.42058,29,04,1,
6278,00765,2022-05-26 02:51:56,25.53551,-103.41884,26,04,1,
6278,00765,2022-05-26 02:52:26,25.53549,-103.4187,0,04,1,
6278,00765,2022-05-26 02:52:56,25.53549,-103.41795,28,04,1,
6278,00765,2022-05-26 02:53:27,25.53548,-103.41486,39,04,1,
6278,00765,2022-05-26 02:53:52,25.53545,-103.41241,30,04,1,
6278,00765,2022-05-26 02:54:22,25.53544,-103.41064,1,04,1,
6278,00765,2022-05-26 02:54:53,25.53531,-103.40772,44,04,1,
6278,00765,2022-05-26 02:55:23,25.53527,-103.40713,2,04,1,
6278,00765,2022-05-26 02:55:53,25.53525,-103.40445,51,04,1,
6278,00765,2022-05-26 02:56:24,25.53514,-103.40173,45,04,1,
6278,00765,2022-05-26 02:56:54,25.5351,-103.39715,54,04,1,
6278,00765,2022-05-26 02:57:25,25.53475,-103.39612,0,04,1,
6278,00765,2022-05-26 02:57:55,25.53476,-103.39612,0,04,1,
6278,00765,2022-05-26 02:58:25,25.53475,-103.39612,0,04,1,
6278,00765,2022-05-26 02:58:51,25.53474,-103.39612,0,04,1,
6278,00765,2022-05-26 02:59:21,25.53474,-103.39612,0,04,1,
6278,00765,2022-05-26 02:59:52,25.53474,-103.39612,0,04,1,
6278,00765,2022-05-26 03:00:22,25.53474,-103.39613,0,04,1,
6278,00765,2022-05-26 03:00:52,25.53399,-103.39609,33,04,1,
6278,00765,2022-05-26 03:01:23,25.53099,-103.3961,50,04,1,
6278,00765,2022-05-26 03:01:53,25.52859,-103.39615,43,04,1,
6278,00765,2022-05-26 03:02:23,25.52736,-103.39616,9,04,1,
6278,00765,2022-05-26 03:02:54,25.52461,-103.39617,47,04,1,
6278,00765,2022-05-26 03:03:24,25.5225,-103.39619,15,04,1,
6278,00765,2022-05-26 03:03:49,25.52104,-103.39621,13,04,1,
6278,00765,2022-05-26 03:04:20,25.51826,-103.39616,36,04,1,
6278,00765,2022-05-26 03:04:50,25.51754,-103.39585,1,04,1,
6278,00765,2022-05-26 03:05:20,25.51753,-103.3941,12,04,1,
6278,00765,2022-05-26 03:05:51,25.51752,-103.39073,47,04,1,
6278,00765,2022-05-26 03:06:21,25.51751,-103.38987,0,04,1,
6278,00765,2022-05-26 03:06:51,25.5175,-103.38975,14,04,1,
6278,00765,2022-05-26 03:07:22,25.51548,-103.39178,43,04,1,
6278,00765,2022-05-26 03:07:52,25.51488,-103.39242,0,04,1,
6278,00765,2022-05-26 03:08:22,25.51487,-103.39243,8,04,1,
6278,00765,2022-05-26 03:08:52,25.513,-103.39445,8,04,1,
6278,00765,2022-05-26 03:09:18,25.51298,-103.39446,9,04,1,
6278,00765,2022-05-26 03:09:48,25.51262,-103.39474,0,04,1,
6278,00765,2022-05-26 03:10:19,25.51262,-103.39473,0,04,1,
6278,00765,2022-05-26 03:10:49,25.51187,-103.39391,7,04,1,
6278,00765,2022-05-26 03:11:19,25.51094,-103.39245,18,04,1,
6278,00765,2022-05-26 03:11:50,25.50994,-103.39088,0,04,1,
6278,00765,2022-05-26 03:12:20,25.50922,-103.38974,18,04,1,
6278,00765,2022-05-26 03:12:51,25.50864,-103.38883,26,04,1,
6278,00765,2022-05-26 03:13:21,25.5081,-103.38798,18,04,1,
6278,00765,2022-05-26 03:13:51,25.50746,-103.38696,26,04,1,
6278,00765,2022-05-26 03:14:16,25.50709,-103.38639,15,04,1,
6278,00765,2022-05-26 03:14:47,25.50653,-103.3855,0,04,1,
6278,00765,2022-05-26 03:15:17,25.50683,-103.38484,1,04,1,
6278,00765,2022-05-26 03:15:47,25.50683,-103.38484,0,04,1,
6278,00765,2022-05-26 03:16:18,25.50682,-103.38484,0,04,1,
6278,00765,2022-05-26 03:16:48,25.50786,-103.38404,7,04,1,
6278,00765,2022-05-26 03:17:18,25.50927,-103.38292,0,04,1,
6278,00765,2022-05-26 03:17:49,25.5086,-103.38188,25,04,1,
6278,00765,2022-05-26 03:18:19,25.50758,-103.38028,8,04,1,
6278,00765,2022-05-26 03:18:49,25.50732,-103.37992,4,04,1,
6278,00765,2022-05-26 03:19:20,25.50604,-103.38088,23,04,1,
6278,00765,2022-05-26 03:19:45,25.50497,-103.38173,25,04,1,
6278,00765,2022-05-26 03:20:15,25.50446,-103.38214,3,04,1,
6278,00765,2022-05-26 03:20:46,25.50391,-103.38146,5,04,1,
6278,00765,2022-05-26 03:21:16,25.50319,-103.3808,25,04,1,
6278,00765,2022-05-26 03:21:46,25.50227,-103.38152,15,04,1,
6278,00765,2022-05-26 03:22:17,25.50097,-103.38254,5,04,1,
6278,00765,2022-05-26 03:22:47,25.50169,-103.38378,22,04,1,
6278,00765,2022-05-26 03:23:17,25.50256,-103.38533,12,04,1,
6278,00765,2022-05-26 03:23:48,25.50119,-103.38635,19,04,1,
6278,00765,2022-05-26 03:24:18,25.50065,-103.38594,21,04,1,
6278,00765,2022-05-26 03:24:48,25.49982,-103.38439,25,04,1,
6278,00765,2022-05-26 03:25:14,25.49911,-103.38394,2,04,1,
6278,00765,2022-05-26 03:25:44,25.4991,-103.38394,0,04,1,
6278,00765,2022-05-26 03:26:14,25.49907,-103.38395,9,04,1,
6278,00765,2022-05-26 03:26:45,25.49786,-103.38214,37,04,1,
6278,00765,2022-05-26 03:27:15,25.4966,-103.38001,0,04,1,
6278,00765,2022-05-26 03:27:30,25.4966,-103.38003,0,00,1,
6278,00765,2022-05-26 03:27:59,25.49639,-103.37948,18,00,1,
6278,00765,2022-05-26 03:28:26,25.49664,-103.37786,15,00,1,
6278,00766,2022-05-26 03:50:04,25.50478,-103.36686,0,05,1,
6278,00766,2022-05-26 03:50:10,25.50478,-103.36686,0,04,1,
6278,00766,2022-05-26 03:50:40,25.50482,-103.36688,0,04,1,
6278,00766,2022-05-26 03:51:05,25.50483,-103.36688,0,04,1,
6278,00766,2022-05-26 03:51:36,25.50483,-103.36687,0,04,1,
6278,00766,2022-05-26 03:52:06,25.50483,-103.36687,0,04,1,
6278,00766,2022-05-26 03:52:36,25.50483,-103.36687,0,04,1,
6278,00766,2022-05-26 03:53:07,25.50484,-103.36688,0,04,1,
6278,00766,2022-05-26 03:53:37,25.50484,-103.36688,0,04,1,
6278,00766,2022-05-26 03:54:08,25.50483,-103.36687,0,04,1,
6278,00766,2022-05-26 03:54:38,25.50482,-103.36687,0,04,1,
6278,00766,2022-05-26 03:55:08,25.50483,-103.36687,0,04,1,
6278,00766,2022-05-26 03:55:39,25.50483,-103.36689,0,04,1,
6278,00766,2022-05-26 03:55:54,25.50483,-103.36689,0,00,1,
6278,00766,2022-05-26 03:56:20,25.50483,-103.36689,0,00,1,
6278,00766,2022-05-26 03:56:50,25.50484,-103.36689,0,00,1,
6278,00766,2022-05-26 03:57:19,25.50483,-103.36689,0,00,1,
6278,00766,2022-05-26 03:57:46,25.50482,-103.36688,0,00,1,
6278,00766,2022-05-26 03:58:16,25.50481,-103.36688,0,00,1,
6278,00766,2022-05-26 03:58:47,25.50481,-103.36688,0,00,1,
6278,00766,2022-05-26 03:59:17,25.50481,-103.36688,0,00,1,
6278,00766,2022-05-26 03:59:47,25.50446,-103.36701,9,00,1,
6278,00766,2022-05-26 04:00:18,25.50453,-103.36775,35,00,1,
6278,00766,2022-05-26 04:00:48,25.50646,-103.37079,43,00,1,
6278,00766,2022-05-26 04:01:19,25.5083,-103.37367,39,00,1,
6278,00767,2022-05-26 04:03:30,0,0,0,05,0,
6278,00767,2022-05-26 04:03:30,0,0,0,04,0,
6278,00767,2022-05-26 04:03:35,25.51348,-103.37935,0,04,1,
6278,00767,2022-05-26 04:04:00,25.51351,-103.37938,0,04,1,
6278,00767,2022-05-26 04:04:31,25.51351,-103.37937,0,04,1,
6278,00767,2022-05-26 04:05:01,25.51352,-103.37937,0,04,1,
6278,00767,2022-05-26 04:05:32,25.51352,-103.37937,0,04,1,
