Code vehicule,Code chauffeur,Date (GMT),Latitude,Longitude,Vitesse,I/O,Valide
4796,01094,2022-05-25 10:59:24,0,0,0,04,0,
4796,01094,2022-05-25 10:59:29,25.4876,-103.4059,0,04,1,
4796,01094,2022-05-25 10:59:54,25.4876,-103.40589,0,04,1,
4796,01094,2022-05-25 11:00:25,25.48761,-103.40587,0,04,1,
4796,01094,2022-05-25 11:00:55,25.48763,-103.40586,0,04,1,
4796,01094,2022-05-25 11:01:26,25.48764,-103.40585,0,04,1,
4796,01094,2022-05-25 11:01:56,25.48763,-103.40586,0,04,1,
4796,01094,2022-05-25 11:02:26,25.48764,-103.40585,0,04,1,
4796,01094,2022-05-25 11:02:56,25.48766,-103.40584,0,04,1,
4796,01094,2022-05-25 11:03:27,25.48764,-103.40585,0,04,1,
4796,01094,2022-05-25 11:03:53,25.48765,-103.40584,0,04,1,
4796,01094,2022-05-25 11:04:23,25.48768,-103.40583,0,04,1,
4796,01094,2022-05-25 11:04:49,25.48771,-103.40583,0,04,1,
4796,01094,2022-05-25 11:05:19,25.4877,-103.40582,0,04,1,
4796,01094,2022-05-25 11:05:49,25.48768,-103.40583,0,04,1,
4796,01094,2022-05-25 11:06:20,25.48767,-103.40583,0,04,1,
4796,01094,2022-05-25 11:06:50,25.48772,-103.40582,0,04,1,
4796,01094,2022-05-25 11:07:20,25.4877,-103.40582,0,04,1,
4796,01094,2022-05-25 11:07:50,25.48768,-103.40582,0,04,1,
4796,01094,2022-05-25 11:08:21,25.48767,-103.40583,0,04,1,
4796,01094,2022-05-25 11:08:51,25.48766,-103.40583,0,04,1,
4796,01094,2022-05-25 11:09:21,25.48765,-103.40583,0,04,1,
4796,01094,2022-05-25 11:09:52,25.48765,-103.40583,0,04,1,
4796,01094,2022-05-25 11:10:19,25.48764,-103.40583,0,04,1,
4796,01094,2022-05-25 11:10:47,25.48764,-103.40584,0,04,1,
4796,01094,2022-05-25 11:11:18,25.48764,-103.40584,0,04,1,
4796,01094,2022-05-25 11:11:48,25.48764,-103.40584,0,04,1,
4796,01094,2022-05-25 11:12:18,25.48764,-103.40584,0,04,1,
4796,01094,2022-05-25 11:12:49,25.48765,-103.40584,0,04,1,
4796,01094,2022-05-25 11:13:19,25.48765,-103.40584,0,04,1,
4796,01094,2022-05-25 11:13:49,25.48767,-103.40584,0,04,1,
4796,01094,2022-05-25 11:14:20,25.48768,-103.40584,0,04,1,
4796,01094,2022-05-25 11:14:50,25.48769,-103.40585,0,04,1,
4796,01094,2022-05-25 11:15:20,25.48769,-103.40585,0,04,1,
4796,01094,2022-05-25 11:15:50,25.48774,-103.40589,6,04,1,
4796,01094,2022-05-25 11:16:16,25.48812,-103.40619,10,04,1,
4796,01094,2022-05-25 11:16:46,25.48883,-103.40551,11,04,1,
4796,01094,2022-05-25 11:17:17,25.48947,-103.40487,5,04,1,
4796,01094,2022-05-25 11:17:47,25.49008,-103.4043,18,04,1,
4796,01094,2022-05-25 11:18:17,25.49107,-103.40356,18,04,1,
4796,01094,2022-05-25 11:18:48,25.49199,-103.40468,16,04,1,
4796,01094,2022-05-25 11:19:18,25.49292,-103.40587,26,04,1,
4796,01094,2022-05-25 11:19:48,25.49468,-103.40811,45,04,1,
4796,01094,2022-05-25 11:20:19,25.49662,-103.41033,18,04,1,
4796,01094,2022-05-25 11:20:49,25.49923,-103.4085,52,04,1,
4796,01094,2022-05-25 11:21:14,25.5017,-103.40624,61,04,1,
4796,01094,2022-05-25 11:21:44,25.50491,-103.40311,51,04,1,
4796,01094,2022-05-25 11:22:15,25.50765,-103.39982,54,04,1,
4796,01094,2022-05-25 11:22:45,25.51072,-103.39662,52,04,1,
4796,01094,2022-05-25 11:23:15,25.51286,-103.39436,26,04,1,
4796,01094,2022-05-25 11:23:46,25.51296,-103.39447,0,04,1,
4796,01094,2022-05-25 11:24:16,25.51295,-103.39447,0,04,1,
4796,01094,2022-05-25 11:24:47,25.51295,-103.39447,0,04,1,
4796,01094,2022-05-25 11:25:17,25.51294,-103.39448,0,04,1,
4796,01094,2022-05-25 11:25:47,25.51294,-103.39448,0,04,1,
4796,01094,2022-05-25 11:26:18,25.51294,-103.39449,0,04,1,
4796,01094,2022-05-25 11:26:43,25.51294,-103.39449,0,04,1,
4796,01094,2022-05-25 11:27:13,25.51218,-103.39527,33,04,1,
4796,01094,2022-05-25 11:27:44,25.50984,-103.39767,43,04,1,
4796,01094,2022-05-25 11:28:09,25.50786,-103.39972,19,00,1,
4796,01094,2022-05-25 11:28:39,25.50782,-103.39976,0,00,1,
4796,01094,2022-05-25 11:29:10,25.50787,-103.39972,1,00,1,
4796,01094,2022-05-25 11:29:40,25.50692,-103.39867,36,00,1,
4796,01094,2022-05-25 11:30:10,25.50515,-103.39549,52,00,1,
4796,01094,2022-05-25 11:30:41,25.50335,-103.3923,39,00,1,
4796,01094,2022-05-25 11:31:11,25.50195,-103.38959,36,00,1,
4796,01094,2022-05-25 11:31:42,25.50026,-103.38639,49,00,1,
4796,01094,2022-05-25 11:32:12,25.49832,-103.38289,48,00,1,
4796,01094,2022-05-25 11:32:42,25.4967,-103.38006,19,00,1,
4796,01095,2022-05-25 11:32:47,25.49662,-103.37993,5,04,1,
4796,01095,2022-05-25 11:33:18,25.49674,-103.37986,5,04,1,
4796,01095,2022-05-25 11:33:48,25.49675,-103.37989,0,04,1,
4796,01095,2022-05-25 11:34:18,25.49676,-103.37995,6,04,1,
4796,01095,2022-05-25 11:34:49,25.4978,-103.38176,36,04,1,
4796,01095,2022-05-25 11:35:19,25.49894,-103.3838,0,04,1,
4796,01095,2022-05-25 11:35:49,25.49983,-103.3854,34,04,1,
4796,01095,2022-05-25 11:36:19,25.50098,-103.38744,9,04,1,
4796,01095,2022-05-25 11:36:50,25.50202,-103.38948,37,04,1,
4796,01095,2022-05-25 11:37:15,25.50321,-103.39159,13,04,1,
4796,01095,2022-05-25 11:37:45,25.50383,-103.3911,27,04,1,
4796,01095,2022-05-25 11:38:16,25.50501,-103.39017,30,04,1,
4796,01095,2022-05-25 11:38:46,25.50498,-103.38892,9,04,1,
4796,01095,2022-05-25 11:39:16,25.5046,-103.38833,15,04,1,
4796,01095,2022-05-25 11:39:47,25.50402,-103.38744,13,04,1,
4796,01095,2022-05-25 11:40:17,25.50372,-103.38695,0,04,1,
4796,01095,2022-05-25 11:40:47,25.50372,-103.38695,0,04,1,
4796,01095,2022-05-25 11:41:18,25.50284,-103.38556,29,04,1,
4796,01095,2022-05-25 11:41:48,25.5024,-103.38491,11,04,1,
4796,01095,2022-05-25 11:42:18,25.50205,-103.38437,16,04,1,
4796,01095,2022-05-25 11:42:44,25.50186,-103.38406,13,04,1,
4796,01095,2022-05-25 11:43:14,25.50136,-103.38329,21,04,1,
4796,01095,2022-05-25 11:43:44,25.50099,-103.38264,0,04,1,
4796,01095,2022-05-25 11:44:15,25.50099,-103.38236,7,04,1,
4796,01095,2022-05-25 11:44:45,25.50218,-103.38145,3,04,1,
4796,01095,2022-05-25 11:45:15,25.50339,-103.38052,24,04,1,
4796,01095,2022-05-25 11:45:46,25.50422,-103.38166,29,04,1,
4796,01095,2022-05-25 11:46:16,25.50571,-103.38403,39,04,1,
4796,01095,2022-05-25 11:46:46,25.50749,-103.38685,43,04,1,
4796,01095,2022-05-25 11:47:17,25.50935,-103.38972,28,04,1,
4796,01095,2022-05-25 11:47:42,25.51002,-103.39074,18,04,1,
4796,01095,2022-05-25 11:48:13,25.51109,-103.39242,25,04,1,
4796,01095,2022-05-25 11:48:43,25.51247,-103.39458,19,04,1,
4796,01095,2022-05-25 11:49:13,25.5127,-103.39449,6,04,1,
4796,01095,2022-05-25 11:49:44,25.51321,-103.39405,10,04,1,
4796,01095,2022-05-25 11:50:14,25.51493,-103.39404,31,04,1,
4796,01095,2022-05-25 11:50:44,25.51703,-103.39402,19,04,1,
4796,01095,2022-05-25 11:51:14,25.51818,-103.394,25,04,1,
4796,01095,2022-05-25 11:51:45,25.52034,-103.39399,19,04,1,
4796,01095,2022-05-25 11:52:15,25.52151,-103.39399,21,04,1,
4796,01095,2022-05-25 11:52:45,25.52181,-103.39398,1,04,1,
4796,01095,2022-05-25 11:53:11,25.52229,-103.39398,0,04,1,
4796,01095,2022-05-25 11:53:41,25.52285,-103.39399,23,04,1,
4796,01095,2022-05-25 11:54:11,25.52543,-103.39397,42,04,1,
4796,01095,2022-05-25 11:54:42,25.5275,-103.39394,23,04,1,
4796,01095,2022-05-25 11:55:12,25.52834,-103.39393,23,04,1,
4796,01095,2022-05-25 11:55:42,25.53062,-103.3939,7,04,1,
4796,01095,2022-05-25 11:56:13,25.53106,-103.39391,21,04,1,
4796,01095,2022-05-25 11:56:43,25.53275,-103.39388,30,04,1,
4796,01095,2022-05-25 11:57:13,25.53403,-103.39382,0,04,1,
4796,01095,2022-05-25 11:57:44,25.53493,-103.39382,0,04,1,
4796,01095,2022-05-25 11:58:14,25.53493,-103.39382,0,04,1,
4796,01095,2022-05-25 11:58:39,25.53492,-103.39382,0,04,1,
4796,01095,2022-05-25 11:59:09,25.53535,-103.39535,20,04,1,
4796,01095,2022-05-25 11:59:40,25.53535,-103.3966,32,04,1,
4796,01095,2022-05-25 12:00:10,25.53537,-103.39936,0,04,1,
4796,01095,2022-05-25 12:00:40,25.53536,-103.40208,52,04,1,
4796,01095,2022-05-25 12:01:11,25.53538,-103.40403,30,04,1,
4796,01095,2022-05-25 12:01:41,25.53543,-103.40442,0,04,1,
4796,01095,2022-05-25 12:02:12,25.53559,-103.40586,37,04,1,
4796,01095,2022-05-25 12:02:42,25.53559,-103.40702,17,04,1,
4796,01095,2022-05-25 12:03:12,25.53561,-103.4104,22,04,1,
4796,01095,2022-05-25 12:03:42,25.53561,-103.41241,41,04,1,
4796,01095,2022-05-25 12:04:08,25.53563,-103.41407,20,04,1,
4796,01095,2022-05-25 12:04:38,25.53563,-103.41486,0,04,1,
4796,01095,2022-05-25 12:05:08,25.53563,-103.41484,0,04,1,
4796,01095,2022-05-25 12:05:39,25.53564,-103.41535,29,04,1,
4796,01095,2022-05-25 12:06:09,25.53565,-103.41708,25,04,1,
4796,01095,2022-05-25 12:06:39,25.53565,-103.4178,3,04,1,
4796,01095,2022-05-25 12:07:10,25.53563,-103.41951,3,04,1,
4796,01095,2022-05-25 12:07:40,25.53563,-103.42024,23,04,1,
4796,01095,2022-05-25 12:08:10,25.53567,-103.42219,0,04,1,
4796,01095,2022-05-25 12:08:41,25.53566,-103.42284,33,04,1,
4796,01095,2022-05-25 12:09:09,25.53569,-103.42522,31,04,1,
4796,01095,2022-05-25 12:09:37,25.53569,-103.42843,29,04,1,
4796,01095,2022-05-25 12:10:07,25.53568,-103.42865,1,04,1,
4796,01095,2022-05-25 12:10:37,25.53571,-103.43196,62,04,1,
4796,01095,2022-05-25 12:11:07,25.53574,-103.43409,0,04,1,
4796,01095,2022-05-25 12:11:38,25.53574,-103.43413,0,04,1,
4796,01095,2022-05-25 12:12:08,25.53578,-103.43642,61,04,1,
4796,01095,2022-05-25 12:12:38,25.5358,-103.44096,4,04,1,
4796,01095,2022-05-25 12:13:09,25.53579,-103.44279,22,04,1,
4796,01095,2022-05-25 12:13:39,25.53578,-103.44527,0,04,1,
4796,01095,2022-05-25 12:14:09,25.53577,-103.44557,28,04,1,
4796,01095,2022-05-25 12:14:40,25.53583,-103.44757,42,04,1,
4796,01095,2022-05-25 12:15:05,25.53584,-103.44845,0,04,1,
4796,01095,2022-05-25 12:15:36,25.53584,-103.44842,0,04,1,
4796,01095,2022-05-25 12:16:06,25.53584,-103.44882,25,04,1,
4796,01095,2022-05-25 12:16:36,25.53585,-103.45247,42,04,1,
4796,01095,2022-05-25 12:17:07,25.53585,-103.45571,47,04,1,
4796,01095,2022-05-25 12:17:37,25.53589,-103.45963,42,04,1,
4796,01095,2022-05-25 12:18:07,25.53589,-103.45999,0,04,1,
4796,01095,2022-05-25 12:18:38,25.5359,-103.45998,0,04,1,
4796,01095,2022-05-25 12:19:08,25.53583,-103.46097,30,04,1,
4796,01095,2022-05-25 12:19:38,25.53509,-103.46419,38,04,1,
4796,01095,2022-05-25 12:20:03,25.53526,-103.46515,0,04,1,
4796,01095,2022-05-25 12:20:34,25.53705,-103.46563,30,04,1,
4796,01095,2022-05-25 12:21:04,25.53989,-103.46643,36,04,1,
4796,01095,2022-05-25 12:21:35,25.5416,-103.46709,18,04,1,
4796,01095,2022-05-25 12:22:05,25.5414,-103.46784,21,04,1,
4796,01095,2022-05-25 12:22:35,25.54039,-103.46764,25,04,1,
4796,01095,2022-05-25 12:23:06,25.54009,-103.46755,0,04,1,
4796,01095,2022-05-25 12:23:36,25.5401,-103.46754,0,04,1,
4796,01095,2022-05-25 12:24:07,25.54009,-103.46754,0,04,1,
4796,01095,2022-05-25 12:24:37,25.53961,-103.4674,25,04,1,
4796,01095,2022-05-25 12:25:02,25.53784,-103.46693,27,04,1,
4796,01095,2022-05-25 12:25:33,25.5369,-103.4667,25,04,1,
4796,01095,2022-05-25 12:26:03,25.53648,-103.46659,0,04,1,
4796,01095,2022-05-25 12:26:33,25.53647,-103.46659,0,04,1,
4796,01095,2022-05-25 12:27:04,25.53635,-103.46654,7,04,1,
4796,01095,2022-05-25 12:27:34,25.53523,-103.46617,0,04,1,
4796,01095,2022-05-25 12:28:04,25.53515,-103.46606,8,04,1,
4796,01095,2022-05-25 12:28:35,25.53482,-103.46471,39,04,1,
4796,01095,2022-05-25 12:29:05,25.53555,-103.46151,17,04,1,
4796,01095,2022-05-25 12:29:35,25.53578,-103.45926,26,04,1,
4796,01095,2022-05-25 12:30:01,25.53576,-103.45729,5,04,1,
4796,01095,2022-05-25 12:30:31,25.53574,-103.45495,48,04,1,
4796,01095,2022-05-25 12:31:01,25.53573,-103.4521,40,04,1,
4796,01095,2022-05-25 12:31:32,25.5357,-103.44934,0,04,1,
4796,01095,2022-05-25 12:32:02,25.5357,-103.44939,0,04,1,
4796,01095,2022-05-25 12:32:32,25.53569,-103.44707,49,04,1,
4796,01095,2022-05-25 12:33:03,25.53565,-103.44504,15,04,1,
4796,01095,2022-05-25 12:33:33,25.53563,-103.44282,0,04,1,
4796,01095,2022-05-25 12:34:03,25.53564,-103.44283,0,04,1,
4796,01095,2022-05-25 12:34:34,25.53564,-103.44265,19,04,1,
4796,01095,2022-05-25 12:35:04,25.53564,-103.43999,43,04,1,
4796,01095,2022-05-25 12:35:29,25.5356,-103.43688,29,04,1,
4796,01095,2022-05-25 12:36:00,25.5356,-103.43659,1,04,1,
4796,01095,2022-05-25 12:36:30,25.5356,-103.43508,40,04,1,
4796,01095,2022-05-25 12:37:01,25.53558,-103.43441,0,04,1,
4796,01095,2022-05-25 12:37:31,25.53559,-103.43442,0,04,1,
4796,01095,2022-05-25 12:38:01,25.53557,-103.43353,15,04,1,
4796,01095,2022-05-25 12:38:32,25.53557,-103.42996,56,04,1,
4796,01095,2022-05-25 12:39:02,25.53555,-103.42795,44,04,1,
4796,01095,2022-05-25 12:39:33,25.53554,-103.42641,25,04,1,
4796,01095,2022-05-25 12:39:58,25.53553,-103.42543,28,04,1,
4796,01095,2022-05-25 12:40:28,25.53553,-103.42241,25,04,1,
4796,01095,2022-05-25 12:40:59,25.53551,-103.42163,13,04,1,
4796,01095,2022-05-25 12:41:29,25.53551,-103.42039,0,04,1,
4796,01095,2022-05-25 12:41:59,25.53551,-103.41955,10,04,1,
4796,01095,2022-05-25 12:42:30,25.5355,-103.41888,12,04,1,
4796,01095,2022-05-25 12:43:00,25.53549,-103.4164,25,04,1,
4796,01095,2022-05-25 12:43:30,25.53549,-103.41615,0,04,1,
4796,01095,2022-05-25 12:44:01,25.53548,-103.41556,0,04,1,
4796,01095,2022-05-25 12:44:31,25.53546,-103.41339,38,04,1,
4796,01095,2022-05-25 12:45:01,25.53544,-103.4106,31,04,1,
4796,01095,2022-05-25 12:45:27,25.5353,-103.40831,30,04,1,
4796,01095,2022-05-25 12:45:57,25.53525,-103.40724,14,04,1,
4796,01095,2022-05-25 12:46:27,25.5353,-103.40634,0,04,1,
4796,01095,2022-05-25 12:46:58,25.5353,-103.40591,21,04,1,
4796,01095,2022-05-25 12:47:28,25.53512,-103.40331,13,04,1,
4796,01095,2022-05-25 12:47:58,25.53513,-103.40206,41,04,1,
4796,01095,2022-05-25 12:48:29,25.53511,-103.40024,36,04,1,
4796,01095,2022-05-25 12:48:59,25.53506,-103.39669,16,04,1,
4796,01095,2022-05-25 12:49:29,25.53477,-103.3961,0,04,1,
4796,01095,2022-05-25 12:49:59,25.53476,-103.39612,0,04,1,
4796,01095,2022-05-25 12:50:25,25.53476,-103.39613,0,04,1,
4796,01095,2022-05-25 12:50:55,25.53476,-103.39614,0,04,1,
4796,01095,2022-05-25 12:51:26,25.53476,-103.39614,0,04,1,
4796,01095,2022-05-25 12:51:56,25.53476,-103.39614,0,04,1,
4796,01095,2022-05-25 12:52:26,25.53476,-103.39614,0,04,1,
4796,01095,2022-05-25 12:52:57,25.53475,-103.39615,0,04,1,
4796,01095,2022-05-25 12:53:27,25.53432,-103.39613,22,04,1,
4796,01095,2022-05-25 12:53:57,25.53204,-103.39613,38,04,1,
4796,01095,2022-05-25 12:54:28,25.53057,-103.39614,40,04,1,
4796,01095,2022-05-25 12:54:58,25.52779,-103.39616,57,04,1,
4796,01095,2022-05-25 12:55:28,25.52518,-103.39616,16,04,1,
4796,01095,2022-05-25 12:55:54,25.52331,-103.39618,17,04,1,
4796,01095,2022-05-25 12:56:24,25.52257,-103.39619,7,04,1,
4796,01095,2022-05-25 12:56:55,25.5211,-103.3962,13,04,1,
4796,01095,2022-05-25 12:57:25,25.51967,-103.3962,42,04,1,
4796,01095,2022-05-25 12:57:55,25.51754,-103.39581,6,04,1,
4796,01095,2022-05-25 12:58:26,25.51755,-103.39448,0,04,1,
4796,01095,2022-05-25 12:58:56,25.51753,-103.39209,9,04,1,
4796,01095,2022-05-25 12:59:27,25.51748,-103.38967,14,04,1,
4796,01095,2022-05-25 12:59:57,25.51565,-103.3916,0,04,1,
4796,01095,2022-05-25 13:00:22,25.51439,-103.39292,56,04,1,
4796,01095,2022-05-25 13:00:53,25.51297,-103.39448,0,04,1,
4796,01095,2022-05-25 13:01:23,25.51298,-103.39447,0,04,1,
4796,01095,2022-05-25 13:01:53,25.51165,-103.39584,42,04,1,
4796,01095,2022-05-25 13:02:24,25.51062,-103.39691,28,04,1,
4796,01095,2022-05-25 13:02:54,25.50889,-103.39876,34,04,1,
4796,01095,2022-05-25 13:03:24,25.50828,-103.3994,8,04,1,
4796,01095,2022-05-25 13:03:55,25.50793,-103.39978,6,04,1,
4796,01095,2022-05-25 13:04:25,25.50704,-103.40085,17,04,1,
4796,01095,2022-05-25 13:04:55,25.50655,-103.4014,33,04,1,
4796,01095,2022-05-25 13:05:24,25.50496,-103.40333,4,04,1,
4796,01095,2022-05-25 13:05:51,25.50356,-103.40494,12,04,1,
4796,01095,2022-05-25 13:06:22,25.50234,-103.40588,0,04,1,
4796,01095,2022-05-25 13:06:52,25.501,-103.40683,27,04,1,
4796,01095,2022-05-25 13:07:22,25.49936,-103.40841,31,04,1,
4796,01095,2022-05-25 13:07:52,25.49745,-103.41001,3,04,1,
4796,01095,2022-05-25 13:08:23,25.49644,-103.41071,18,04,1,
4796,01095,2022-05-25 13:08:28,25.49629,-103.41058,12,00,1,
4796,01095,2022-05-25 13:08:54,25.49565,-103.40958,32,00,1,
4796,01095,2022-05-25 13:09:24,25.49603,-103.40883,23,00,1,
4796,01095,2022-05-25 13:09:54,25.49705,-103.40646,31,00,1,
4796,01095,2022-05-25 13:10:24,25.49624,-103.4054,24,00,1,
4796,01095,2022-05-25 13:10:55,25.49541,-103.40455,30,00,1,
4796,01095,2022-05-25 13:11:25,25.4939,-103.40282,17,00,1,
4796,01095,2022-05-25 13:11:55,25.49285,-103.40344,0,00,1,
4796,01095,2022-05-25 13:12:26,25.49201,-103.40432,0,00,1,
4796,01095,2022-05-25 13:12:56,25.4918,-103.40453,6,00,1,
4796,01095,2022-05-25 13:13:26,25.49143,-103.40431,0,00,1,
4796,01095,2022-05-25 13:13:52,25.49142,-103.40431,0,00,1,
4796,01095,2022-05-25 13:14:22,25.49142,-103.40431,0,00,1,
4796,01096,2022-05-25 13:35:53,25.49175,-103.40164,14,04,1,
4796,01096,2022-05-25 13:35:58,25.48965,-103.4047,17,00,1,
4796,01096,2022-05-25 13:36:29,25.48881,-103.40551,22,00,1,
4796,01096,2022-05-25 13:36:59,25.48779,-103.40606,14,00,1,
4796,01096,2022-05-25 13:37:30,25.48763,-103.40584,0,00,1,
4796,01096,2022-05-25 13:38:00,25.48764,-103.40584,0,00,1,
4796,01097,2022-05-25 13:45:32,0,0,0,04,0,
4796,01097,2022-05-25 13:45:37,25.489,-103.40087,18,04,1,
4796,01097,2022-05-25 13:46:02,25.48901,-103.40313,14,04,1,
4796,01097,2022-05-25 13:46:29,25.48932,-103.40405,17,04,1,
4796,01097,2022-05-25 13:46:59,25.49019,-103.40419,12,04,1,
4796,01097,2022-05-25 13:47:30,25.49152,-103.40409,30,04,1,
4796,01097,2022-05-25 13:48:00,25.49196,-103.4043,5,04,1,
4796,01097,2022-05-25 13:48:30,25.49255,-103.40373,10,04,1,
4796,01097,2022-05-25 13:49:01,25.49319,-103.40304,30,04,1,
4796,01097,2022-05-25 13:49:31,25.49352,-103.4026,0,04,1,
4796,01097,2022-05-25 13:50:01,25.49406,-103.40296,0,04,1,
4796,01097,2022-05-25 13:50:32,25.49494,-103.40393,25,04,1,
4796,01097,2022-05-25 13:50:57,25.49602,-103.40518,20,04,1,
4796,01097,2022-05-25 13:51:27,25.49678,-103.40601,12,04,1,
4796,01097,2022-05-25 13:51:57,25.49706,-103.4069,21,04,1,
4796,01097,2022-05-25 13:52:28,25.49579,-103.40912,23,04,1,
4796,01097,2022-05-25 13:52:58,25.49563,-103.40934,13,04,1,
4796,01097,2022-05-25 13:53:28,25.49656,-103.41031,0,04,1,
4796,01097,2022-05-25 13:53:59,25.49656,-103.41031,0,04,1,
4796,01097,2022-05-25 13:54:29,25.4972,-103.40996,15,04,1,
4796,01097,2022-05-25 13:55:00,25.50018,-103.4077,60,04,1,
4796,01097,2022-05-25 13:55:30,25.50218,-103.40579,0,04,1,
4796,01097,2022-05-25 13:56:00,25.50298,-103.40517,0,04,1,
4796,01097,2022-05-25 13:56:26,25.5043,-103.40387,56,04,1,
4796,01097,2022-05-25 13:56:56,25.50572,-103.40214,23,04,1,
4796,01097,2022-05-25 13:57:26,25.507,-103.40057,57,04,1,
4796,01097,2022-05-25 13:57:57,25.50751,-103.39994,0,04,1,
4796,01097,2022-05-25 13:58:27,25.50749,-103.39996,0,04,1,
4796,01097,2022-05-25 13:58:57,25.50834,-103.39901,13,04,1,
4796,01097,2022-05-25 13:59:27,25.50944,-103.39792,47,04,1,
4796,01097,2022-05-25 13:59:58,25.5109,-103.39636,16,04,1,
4796,01097,2022-05-25 14:00:28,25.51235,-103.39482,37,04,1,
4796,01097,2022-05-25 14:00:59,25.51311,-103.39412,18,04,1,
4796,01097,2022-05-25 14:01:24,25.51347,-103.39402,23,04,1,
4796,01097,2022-05-25 14:01:54,25.51542,-103.39403,24,04,1,
4796,01097,2022-05-25 14:02:25,25.51695,-103.39404,26,04,1,
4796,01097,2022-05-25 14:02:55,25.51986,-103.39402,39,04,1,
4796,01097,2022-05-25 14:03:25,25.52211,-103.394,25,04,1,
4796,01097,2022-05-25 14:03:56,25.52316,-103.39398,6,04,1,
4796,01097,2022-05-25 14:04:26,25.52456,-103.39397,25,04,1,
4796,01097,2022-05-25 14:04:56,25.52594,-103.39395,0,04,1,
4796,01097,2022-05-25 14:05:27,25.52774,-103.39393,0,04,1,
4796,01097,2022-05-25 14:05:57,25.52909,-103.39391,0,04,1,
4796,01097,2022-05-25 14:06:27,25.53135,-103.3939,29,04,1,
4796,01097,2022-05-25 14:06:53,25.53336,-103.39383,51,04,1,
4796,01097,2022-05-25 14:07:23,25.53494,-103.39381,0,04,1,
4796,01097,2022-05-25 14:07:53,25.53492,-103.39382,0,04,1,
4796,01097,2022-05-25 14:08:24,25.53491,-103.39382,0,04,1,
4796,01097,2022-05-25 14:08:54,25.53534,-103.39416,21,04,1,
4796,01097,2022-05-25 14:09:24,25.53539,-103.39559,0,04,1,
4796,01097,2022-05-25 14:09:55,25.53536,-103.39669,36,04,1,
4796,01097,2022-05-25 14:10:25,25.53538,-103.39915,21,04,1,
4796,01097,2022-05-25 14:10:55,25.53538,-103.40065,41,04,1,
4796,01097,2022-05-25 14:11:26,25.53534,-103.40371,16,04,1,
4796,01097,2022-05-25 14:11:51,25.53534,-103.40386,0,04,1,
4796,01097,2022-05-25 14:12:21,25.53548,-103.40497,39,04,1,
4796,01097,2022-05-25 14:12:52,25.5356,-103.40775,0,04,1,
4796,01097,2022-05-25 14:13:22,25.53561,-103.4102,27,04,1,
4796,01097,2022-05-25 14:13:53,25.53562,-103.41164,37,04,1,
4796,01097,2022-05-25 14:14:23,25.53563,-103.41314,0,04,1,
4796,01097,2022-05-25 14:14:53,25.53561,-103.41324,0,04,1,
4796,01097,2022-05-25 14:15:23,25.53563,-103.41461,33,04,1,
4796,01097,2022-05-25 14:15:54,25.53564,-103.4164,30,04,1,
4796,01097,2022-05-25 14:16:24,25.53564,-103.41785,18,04,1,
4796,01097,2022-05-25 14:16:51,25.53566,-103.41897,24,04,1,
4796,01097,2022-05-25 14:17:20,25.53567,-103.41958,3,04,1,
4796,01097,2022-05-25 14:17:50,25.53566,-103.42033,0,04,1,
4796,01097,2022-05-25 14:18:21,25.53568,-103.42214,2,04,1,
4796,01097,2022-05-25 14:18:51,25.53568,-103.4245,49,04,1,
4796,01097,2022-05-25 14:19:21,25.53571,-103.42782,21,04,1,
4796,01097,2022-05-25 14:19:52,25.53569,-103.4286,24,04,1,
4796,01097,2022-05-25 14:20:22,25.53573,-103.43153,50,04,1,
4796,01097,2022-05-25 14:20:53,25.53575,-103.43364,0,04,1,
4796,01097,2022-05-25 14:21:23,25.53574,-103.43565,32,04,1,
4796,01097,2022-05-25 14:21:53,25.53575,-103.43932,47,04,1,
4796,01097,2022-05-25 14:22:18,25.5358,-103.44108,17,04,1,
4796,01097,2022-05-25 14:22:49,25.53578,-103.44314,35,04,1,
4796,01097,2022-05-25 14:23:19,25.53583,-103.44544,16,04,1,
4796,01097,2022-05-25 14:23:50,25.53583,-103.44671,0,04,1,
4796,01097,2022-05-25 14:24:20,25.53583,-103.44691,3,04,1,
4796,01097,2022-05-25 14:24:50,25.53584,-103.44804,0,04,1,
4796,01097,2022-05-25 14:25:21,25.53585,-103.44846,0,04,1,
4796,01097,2022-05-25 14:25:51,25.53585,-103.44846,0,04,1,
4796,01097,2022-05-25 14:26:22,25.53587,-103.4502,35,04,1,
4796,01097,2022-05-25 14:26:47,25.53587,-103.45134,37,04,1,
4796,01097,2022-05-25 14:27:17,25.53585,-103.45452,43,04,1,
4796,01097,2022-05-25 14:27:48,25.53589,-103.45664,0,04,1,
4796,01097,2022-05-25 14:28:18,25.53589,-103.45741,32,04,1,
4796,01097,2022-05-25 14:28:48,25.5359,-103.4593,24,04,1,
4796,01097,2022-05-25 14:29:19,25.53581,-103.46102,30,04,1,
4796,01097,2022-05-25 14:29:49,25.5354,-103.46289,0,04,1,
4796,01097,2022-05-25 14:30:19,25.53505,-103.46433,32,04,1,
4796,01097,2022-05-25 14:30:50,25.53615,-103.46538,21,04,1,
4796,01097,2022-05-25 14:31:20,25.53711,-103.46561,1,04,1,
4796,01097,2022-05-25 14:31:50,25.5372,-103.46572,0,04,1,
4796,01097,2022-05-25 14:32:16,25.53724,-103.46575,0,04,1,
4796,01097,2022-05-25 14:32:46,25.53893,-103.46616,32,04,1,
4796,01097,2022-05-25 14:33:16,25.54102,-103.46677,21,04,1,
4796,01097,2022-05-25 14:33:47,25.54158,-103.46728,13,04,1,
4796,01097,2022-05-25 14:34:17,25.54025,-103.46762,19,04,1,
4796,01097,2022-05-25 14:34:47,25.54003,-103.46758,0,04,1,
4796,01097,2022-05-25 14:35:17,25.54002,-103.46758,0,04,1,
4796,01097,2022-05-25 14:35:48,25.54001,-103.46759,0,04,1,
4796,01097,2022-05-25 14:36:18,25.54001,-103.46759,0,04,1,
4796,01097,2022-05-25 14:36:49,25.53999,-103.46758,7,04,1,
4796,01097,2022-05-25 14:37:19,25.53865,-103.46719,30,04,1,
4796,01097,2022-05-25 14:37:44,25.53721,-103.46678,2,04,1,
4796,01097,2022-05-25 14:38:15,25.53721,-103.46677,0,04,1,
4796,01097,2022-05-25 14:38:45,25.53707,-103.46674,15,04,1,
4796,01097,2022-05-25 14:39:16,25.53589,-103.46641,25,04,1,
4796,01097,2022-05-25 14:39:46,25.53519,-103.46619,0,04,1,
4796,01097,2022-05-25 14:40:16,25.53473,-103.46564,21,04,1,
4796,01097,2022-05-25 14:40:46,25.5353,-103.46248,39,04,1,
4796,01097,2022-05-25 14:41:17,25.53578,-103.46018,29,04,1,
4796,01097,2022-05-25 14:41:47,25.53574,-103.45755,15,04,1,
4796,01097,2022-05-25 14:42:17,25.53573,-103.45643,34,04,1,
4796,01097,2022-05-25 14:42:43,25.53572,-103.45586,20,04,1,
4796,01097,2022-05-25 14:43:13,25.5357,-103.45301,2,04,1,
4796,01097,2022-05-25 14:43:43,25.53572,-103.45004,42,04,1,
4796,01097,2022-05-25 14:44:14,25.53568,-103.44939,0,04,1,
4796,01097,2022-05-25 14:44:44,25.53568,-103.44889,0,04,1,
4796,01097,2022-05-25 14:45:14,25.53568,-103.4489,0,04,1,
4796,01097,2022-05-25 14:45:45,25.53568,-103.44891,0,04,1,
4796,01097,2022-05-25 14:46:15,25.53568,-103.44802,36,04,1,
4796,01097,2022-05-25 14:46:45,25.53566,-103.44644,36,04,1,
4796,01097,2022-05-25 14:47:16,25.53568,-103.44577,10,04,1,
4796,01097,2022-05-25 14:47:46,25.53569,-103.44564,0,04,1,
4796,01097,2022-05-25 14:48:11,25.53567,-103.44511,31,04,1,
4796,01097,2022-05-25 14:48:42,25.53563,-103.4427,1,04,1,
4796,01097,2022-05-25 14:49:12,25.53564,-103.4404,45,04,1,
4796,01097,2022-05-25 14:49:42,25.53559,-103.43677,25,04,1,
4796,01097,2022-05-25 14:50:13,25.5356,-103.43644,14,04,1,
4796,01097,2022-05-25 14:50:43,25.53558,-103.43578,0,04,1,
4796,01097,2022-05-25 14:51:13,25.53558,-103.43444,38,04,1,
4796,01097,2022-05-25 14:51:44,25.53558,-103.43331,22,04,1,
4796,01097,2022-05-25 14:52:14,25.53556,-103.4296,39,04,1,
4796,01097,2022-05-25 14:52:44,25.53555,-103.42929,0,04,1,
4796,01097,2022-05-25 14:53:15,25.53554,-103.4278,43,04,1,
4796,01097,2022-05-25 14:53:40,25.53553,-103.42558,30,04,1,
4796,01097,2022-05-25 14:54:10,25.5355,-103.42218,16,04,1,
4796,01097,2022-05-25 14:54:41,25.53552,-103.42124,26,04,1,
4796,01097,2022-05-25 14:55:11,25.53551,-103.42023,12,04,1,
4796,01097,2022-05-25 14:55:41,25.53549,-103.41838,20,04,1,
4796,01097,2022-05-25 14:56:12,25.53547,-103.41568,2,04,1,
4796,01097,2022-05-25 14:56:42,25.53547,-103.41569,0,04,1,
4796,01097,2022-05-25 14:57:12,25.53546,-103.41465,32,04,1,
4796,01097,2022-05-25 14:57:43,25.53545,-103.41176,29,04,1,
4796,01097,2022-05-25 14:58:13,25.53543,-103.4103,29,04,1,
4796,01097,2022-05-25 14:58:38,25.53526,-103.4074,26,04,1,
4796,01097,2022-05-25 14:59:09,25.53531,-103.40605,40,04,1,
4796,01097,2022-05-25 14:59:39,25.53526,-103.40493,19,04,1,
4796,01097,2022-05-25 15:00:09,25.53515,-103.40326,37,04,1,
4796,01097,2022-05-25 15:00:40,25.5351,-103.39816,65,04,1,
4796,01097,2022-05-25 15:01:10,25.53478,-103.39609,0,04,1,
4796,01097,2022-05-25 15:01:41,25.53477,-103.39611,0,04,1,
4796,01097,2022-05-25 15:02:11,25.53477,-103.39612,0,04,1,
4796,01097,2022-05-25 15:02:41,25.53477,-103.39612,0,04,1,
4796,01097,2022-05-25 15:03:11,25.53477,-103.39612,0,04,1,
4796,01097,2022-05-25 15:03:42,25.5346,-103.39612,9,04,1,
4796,01097,2022-05-25 15:04:07,25.53322,-103.39611,26,04,1,
4796,01097,2022-05-25 15:04:37,25.53036,-103.39614,37,04,1,
4796,01097,2022-05-25 15:05:08,25.52802,-103.39617,37,04,1,
4796,01097,2022-05-25 15:05:38,25.52728,-103.39616,0,04,1,
4796,01097,2022-05-25 15:06:08,25.52478,-103.39616,51,04,1,
4796,01097,2022-05-25 15:06:39,25.52241,-103.39619,15,04,1,
4796,01097,2022-05-25 15:07:09,25.5208,-103.39621,24,04,1,
4796,01097,2022-05-25 15:07:39,25.51811,-103.39615,8,04,1,
4796,01097,2022-05-25 15:08:10,25.51809,-103.39616,0,04,1,
4796,01097,2022-05-25 15:08:40,25.51798,-103.39616,14,04,1,
4796,01097,2022-05-25 15:09:05,25.51754,-103.3958,13,04,1,
4796,01097,2022-05-25 15:09:36,25.51754,-103.39398,29,04,1,
4796,01097,2022-05-25 15:10:06,25.51753,-103.3904,36,04,1,
4796,01097,2022-05-25 15:10:36,25.51754,-103.38986,0,04,1,
4796,01097,2022-05-25 15:11:07,25.51663,-103.39055,45,04,1,
4796,01097,2022-05-25 15:11:37,25.5147,-103.39263,14,04,1,
4796,01097,2022-05-25 15:12:07,25.51342,-103.39398,0,04,1,
4796,01097,2022-05-25 15:12:38,25.51302,-103.39444,0,04,1,
4796,01097,2022-05-25 15:13:08,25.51303,-103.39444,0,04,1,
4796,01097,2022-05-25 15:13:38,25.51265,-103.3947,0,04,1,
4796,01097,2022-05-25 15:14:09,25.51265,-103.39469,0,04,1,
4796,01097,2022-05-25 15:14:34,25.51251,-103.39478,13,04,1,
4796,01097,2022-05-25 15:15:04,25.5122,-103.39442,0,04,1,
4796,01097,2022-05-25 15:15:35,25.51181,-103.39379,29,04,1,
4796,01097,2022-05-25 15:16:05,25.51064,-103.39197,33,04,1,
4796,01097,2022-05-25 15:16:36,25.50959,-103.39034,22,04,1,
4796,01097,2022-05-25 15:17:06,25.50848,-103.3886,22,04,1,
4796,01097,2022-05-25 15:17:36,25.50751,-103.38709,1,04,1,
4796,01097,2022-05-25 15:18:07,25.50704,-103.38635,9,04,1,
4796,01097,2022-05-25 15:18:37,25.50659,-103.38557,0,04,1,
4796,01097,2022-05-25 15:19:07,25.50659,-103.38558,0,04,1,
4796,01097,2022-05-25 15:19:33,25.50694,-103.38477,28,04,1,
4796,01097,2022-05-25 15:20:03,25.50783,-103.38407,8,04,1,
4796,01097,2022-05-25 15:20:33,25.50927,-103.3829,5,04,1,
4796,01097,2022-05-25 15:21:04,25.50858,-103.38184,13,04,1,
4796,01097,2022-05-25 15:21:34,25.50807,-103.38108,5,04,1,
4796,01097,2022-05-25 15:22:05,25.50736,-103.37995,13,04,1,
4796,01097,2022-05-25 15:22:35,25.50596,-103.38094,13,04,1,
4796,01097,2022-05-25 15:23:05,25.50452,-103.38208,5,04,1,
4796,01097,2022-05-25 15:23:36,25.50369,-103.38053,18,04,1,
4796,01097,2022-05-25 15:24:06,25.50229,-103.3815,10,04,1,
4796,01097,2022-05-25 15:24:31,25.50095,-103.38256,14,04,1,
4796,01097,2022-05-25 15:25:02,25.50164,-103.3837,22,04,1,
4796,01097,2022-05-25 15:25:07,25.50179,-103.38393,11,00,1,
4796,01097,2022-05-25 15:25:37,25.50242,-103.38494,28,00,1,
4796,01097,2022-05-25 15:26:08,25.50236,-103.38605,18,00,1,
4796,01097,2022-05-25 15:26:38,25.50161,-103.38662,7,00,1,
4796,01097,2022-05-25 15:27:09,25.50077,-103.38616,29,00,1,
4796,01097,2022-05-25 15:27:34,25.49989,-103.38459,29,00,1,
4796,01097,2022-05-25 15:28:05,25.49906,-103.38396,2,00,1,
4796,01097,2022-05-25 15:28:35,25.49792,-103.38224,38,00,1,
4796,01097,2022-05-25 15:29:05,25.49654,-103.3799,11,00,1,
4796,01097,2022-05-25 15:29:35,25.49611,-103.37973,0,00,1,
4796,01097,2022-05-25 15:30:06,25.49601,-103.37966,8,00,1,
4796,01097,2022-05-25 15:30:36,25.49621,-103.37958,0,00,1,
4796,01097,2022-05-25 15:31:06,25.49621,-103.37958,0,00,1,
4796,01097,2022-05-25 15:31:37,25.49621,-103.37958,0,00,1,
4796,01097,2022-05-25 15:32:07,25.49621,-103.37958,0,00,1,
4796,01098,2022-05-25 15:42:56,25.49883,-103.38259,0,04,1,
4796,01098,2022-05-25 15:43:22,25.4962,-103.37958,0,04,1,
4796,01098,2022-05-25 15:43:52,25.49621,-103.37958,0,04,1,
4796,01098,2022-05-25 15:44:23,25.49621,-103.37958,0,04,1,
4796,01098,2022-05-25 15:44:53,25.49621,-103.37958,0,04,1,
4796,01098,2022-05-25 15:45:24,25.49621,-103.37958,0,04,1,
4796,01098,2022-05-25 15:45:54,25.49621,-103.37958,0,04,1,
4796,01098,2022-05-25 15:46:24,25.49621,-103.37959,0,04,1,
4796,01098,2022-05-25 15:46:55,25.49621,-103.37959,0,04,1,
4796,01098,2022-05-25 15:47:25,25.49621,-103.37959,0,04,1,
4796,01098,2022-05-25 15:47:55,25.49676,-103.37995,0,04,1,
4796,01098,2022-05-25 15:48:20,25.49674,-103.37995,0,04,1,
4796,01098,2022-05-25 15:48:51,25.49674,-103.37994,0,04,1,
4796,01098,2022-05-25 15:49:21,25.49684,-103.38015,14,04,1,
4796,01098,2022-05-25 15:49:52,25.49814,-103.38243,46,04,1,
4796,01098,2022-05-25 15:50:22,25.50039,-103.38644,55,04,1,
4796,01098,2022-05-25 15:50:52,25.50117,-103.3878,37,04,1,
4796,01098,2022-05-25 15:51:18,25.50298,-103.3913,34,04,1,
4796,01098,2022-05-25 15:51:49,25.50415,-103.3909,9,04,1,
4796,01098,2022-05-25 15:52:19,25.50535,-103.38998,33,04,1,
4796,01098,2022-05-25 15:52:50,25.50462,-103.38835,20,04,1,
4796,01098,2022-05-25 15:53:18,25.50371,-103.38695,0,04,1,
4796,01098,2022-05-25 15:53:45,25.50285,-103.38561,32,04,1,
4796,01098,2022-05-25 15:54:16,25.50099,-103.38273,19,04,1,
4796,01098,2022-05-25 15:54:46,25.50121,-103.38221,25,04,1,
4796,01098,2022-05-25 15:55:16,25.50233,-103.38132,3,04,1,
4796,01098,2022-05-25 15:55:47,25.50387,-103.38044,16,04,1,
4796,01098,2022-05-25 15:56:17,25.50467,-103.38198,16,04,1,
4796,01098,2022-05-25 15:56:48,25.50572,-103.38114,25,04,1,
4796,01098,2022-05-25 15:57:18,25.50731,-103.37991,6,04,1,
4796,01098,2022-05-25 15:57:48,25.50781,-103.38063,0,04,1,
4796,01098,2022-05-25 15:58:14,25.50831,-103.38143,17,04,1,
4796,01098,2022-05-25 15:58:44,25.509,-103.38249,35,04,1,
4796,01098,2022-05-25 15:59:15,25.50836,-103.38395,43,04,1,
4796,01098,2022-05-25 15:59:45,25.50668,-103.38529,0,04,1,
4796,01098,2022-05-25 16:00:15,25.50669,-103.38527,0,04,1,
4796,01098,2022-05-25 16:00:46,25.50718,-103.38635,43,04,1,
4796,01098,2022-05-25 16:01:16,25.50847,-103.38837,30,04,1,
4796,01098,2022-05-25 16:01:46,25.50979,-103.3904,27,04,1,
4796,01098,2022-05-25 16:02:17,25.51095,-103.39224,22,04,1,
4796,01098,2022-05-25 16:02:47,25.51247,-103.3946,15,04,1,
4796,01098,2022-05-25 16:03:17,25.51268,-103.3945,0,04,1,
4796,01098,2022-05-25 16:03:42,25.51267,-103.3945,0,04,1,
4796,01098,2022-05-25 16:04:13,25.51357,-103.39404,21,04,1,
4796,01098,2022-05-25 16:04:43,25.5148,-103.39406,26,04,1,
4796,01098,2022-05-25 16:05:14,25.51712,-103.39402,24,04,1,
4796,01098,2022-05-25 16:05:44,25.51901,-103.394,12,04,1,
4796,01098,2022-05-25 16:06:14,25.51991,-103.394,18,04,1,
4796,01098,2022-05-25 16:06:45,25.52174,-103.39399,31,04,1,
4796,01098,2022-05-25 16:07:15,25.52316,-103.39399,22,04,1,
4796,01098,2022-05-25 16:07:45,25.5255,-103.39398,32,04,1,
4796,01098,2022-05-25 16:08:16,25.5265,-103.39394,0,04,1,
4796,01098,2022-05-25 16:08:41,25.52724,-103.39393,25,04,1,
4796,01098,2022-05-25 16:09:11,25.52999,-103.39391,40,04,1,
4796,01098,2022-05-25 16:09:42,25.53152,-103.39391,12,04,1,
4796,01098,2022-05-25 16:10:12,25.53352,-103.39382,34,04,1,
4796,01098,2022-05-25 16:10:42,25.53417,-103.39382,0,04,1,
4796,01098,2022-05-25 16:11:13,25.53416,-103.39383,0,04,1,
4796,01098,2022-05-25 16:11:43,25.53494,-103.39382,0,04,1,
4796,01098,2022-05-25 16:12:13,25.53522,-103.39384,17,04,1,
4796,01098,2022-05-25 16:12:44,25.53538,-103.39547,12,04,1,
4796,01098,2022-05-25 16:13:14,25.53535,-103.39664,37,04,1,
4796,01098,2022-05-25 16:13:40,25.53537,-103.40003,49,04,1,
4796,01098,2022-05-25 16:14:10,25.53538,-103.40161,24,04,1,
4796,01098,2022-05-25 16:14:40,25.5354,-103.40439,13,04,1,
4796,01098,2022-05-25 16:15:11,25.53541,-103.40447,1,04,1,
4796,01098,2022-05-25 16:15:41,25.53558,-103.40661,33,04,1,
4796,01098,2022-05-25 16:16:11,25.53561,-103.4082,24,04,1,
4796,01098,2022-05-25 16:16:42,25.53563,-103.41117,32,04,1,
4796,01098,2022-05-25 16:17:12,25.53564,-103.4141,19,04,1,
4796,01098,2022-05-25 16:17:42,25.53565,-103.41617,24,04,1,
4796,01098,2022-05-25 16:18:13,25.53567,-103.41798,0,04,1,
4796,01098,2022-05-25 16:18:38,25.53567,-103.41899,23,04,1,
4796,01098,2022-05-25 16:19:09,25.53569,-103.42016,0,04,1,
4796,01098,2022-05-25 16:19:39,25.53567,-103.42073,22,04,1,
4796,01098,2022-05-25 16:20:09,25.53567,-103.42211,11,04,1,
4796,01098,2022-05-25 16:20:40,25.53569,-103.42513,46,04,1,
4796,01098,2022-05-25 16:21:10,25.53574,-103.42845,22,04,1,
4796,01098,2022-05-25 16:21:40,25.53573,-103.4287,1,04,1,
4796,01098,2022-05-25 16:22:11,25.53575,-103.43129,43,04,1,
4796,01098,2022-05-25 16:22:41,25.53577,-103.43417,11,04,1,
4796,01098,2022-05-25 16:23:11,25.53576,-103.43418,0,04,1,
4796,01098,2022-05-25 16:23:42,25.53575,-103.43417,0,04,1,
4796,01098,2022-05-25 16:24:07,25.53575,-103.4351,28,04,1,
4796,01098,2022-05-25 16:24:37,25.53577,-103.43622,0,04,1,
4796,01098,2022-05-25 16:25:08,25.53575,-103.43834,49,04,1,
4796,01098,2022-05-25 16:25:38,25.5358,-103.44052,37,04,1,
4796,01098,2022-05-25 16:26:09,25.53581,-103.44188,5,04,1,
4796,01098,2022-05-25 16:26:39,25.53579,-103.44397,47,04,1,
4796,01098,2022-05-25 16:27:09,25.53583,-103.44612,25,04,1,
4796,01098,2022-05-25 16:27:40,25.53584,-103.44771,14,04,1,
4796,01098,2022-05-25 16:28:10,25.53584,-103.4481,9,04,1,
4796,01098,2022-05-25 16:28:35,25.53585,-103.44988,38,04,1,
4796,01098,2022-05-25 16:29:06,25.53587,-103.45169,16,04,1,
4796,01098,2022-05-25 16:29:36,25.53586,-103.45458,37,04,1,
4796,01098,2022-05-25 16:30:07,25.53586,-103.45605,5,04,1,
4796,01098,2022-05-25 16:30:37,25.5359,-103.45763,11,04,1,
4796,01098,2022-05-25 16:31:07,25.53591,-103.45961,24,04,1,
4796,01098,2022-05-25 16:31:38,25.53578,-103.46126,8,04,1,
4796,01098,2022-05-25 16:32:08,25.53525,-103.46343,26,04,1,
4796,01098,2022-05-25 16:32:38,25.53496,-103.46484,18,04,1,
4796,01098,2022-05-25 16:33:09,25.53537,-103.46517,0,04,1,
4796,01098,2022-05-25 16:33:39,25.53541,-103.46515,1,04,1,
4796,01098,2022-05-25 16:34:04,25.53543,-103.46513,7,04,1,
4796,01098,2022-05-25 16:34:35,25.53671,-103.46547,0,04,1,
4796,01098,2022-05-25 16:35:05,25.53771,-103.46577,31,04,1,
4796,01098,2022-05-25 16:35:35,25.53993,-103.4664,0,04,1,
4796,01098,2022-05-25 16:36:06,25.53992,-103.46639,0,04,1,
4796,01098,2022-05-25 16:36:36,25.53991,-103.46638,0,04,1,
4796,01098,2022-05-25 16:37:06,25.54123,-103.4668,9,04,1,
4796,01098,2022-05-25 16:37:37,25.54161,-103.46712,14,04,1,
4796,01098,2022-05-25 16:38:07,25.54095,-103.4678,24,04,1,
4796,01098,2022-05-25 16:38:37,25.54016,-103.46757,15,04,1,
4796,01098,2022-05-25 16:39:03,25.53877,-103.46718,22,04,1,
4796,01098,2022-05-25 16:39:33,25.53736,-103.46682,11,04,1,
4796,01098,2022-05-25 16:40:03,25.53728,-103.4668,0,04,1,
4796,01098,2022-05-25 16:40:34,25.53729,-103.46678,0,04,1,
4796,01098,2022-05-25 16:41:04,25.5369,-103.46666,12,04,1,
4796,01098,2022-05-25 16:41:34,25.53611,-103.46644,14,04,1,
4796,01098,2022-05-25 16:42:05,25.53513,-103.46604,2,04,1,
4796,01098,2022-05-25 16:42:35,25.5348,-103.46492,33,04,1,
4796,01098,2022-05-25 16:43:05,25.53533,-103.46238,27,04,1,
4796,01098,2022-05-25 16:43:36,25.53576,-103.46017,22,04,1,
4796,01098,2022-05-25 16:44:06,25.53576,-103.45944,0,04,1,
4796,01098,2022-05-25 16:44:31,25.53575,-103.45923,0,04,1,
4796,01098,2022-05-25 16:45:02,25.53574,-103.45785,13,04,1,
4796,01098,2022-05-25 16:45:32,25.53573,-103.45605,0,04,1,
4796,01098,2022-05-25 16:46:03,25.53576,-103.45483,35,04,1,
4796,01098,2022-05-25 16:46:33,25.53571,-103.45293,4,04,1,
4796,01098,2022-05-25 16:47:03,25.53569,-103.45044,39,04,1,
4796,01098,2022-05-25 16:47:33,25.53569,-103.44926,0,04,1,
4796,01098,2022-05-25 16:48:04,25.53568,-103.44929,0,04,1,
4796,01098,2022-05-25 16:48:34,25.5357,-103.448,40,04,1,
4796,01098,2022-05-25 16:49:03,25.53566,-103.44618,3,04,1,
4796,01098,2022-05-25 16:49:30,25.53566,-103.44572,2,04,1,
4796,01098,2022-05-25 16:50:01,25.53564,-103.44568,0,04,1,
4796,01098,2022-05-25 16:50:31,25.53563,-103.44362,40,04,1,
4796,01098,2022-05-25 16:51:01,25.53565,-103.44185,26,04,1,
4796,01098,2022-05-25 16:51:31,25.53564,-103.43888,48,04,1,
4796,01098,2022-05-25 16:52:02,25.5356,-103.43678,0,04,1,
4796,01098,2022-05-25 16:52:32,25.53563,-103.4354,35,04,1,
4796,01098,2022-05-25 16:53:03,25.53562,-103.4346,0,04,1,
4796,01098,2022-05-25 16:53:33,25.53564,-103.43462,0,04,1,
4796,01098,2022-05-25 16:54:03,25.53558,-103.43401,0,04,1,
4796,01098,2022-05-25 16:54:29,25.53558,-103.43359,10,04,1,
4796,01098,2022-05-25 16:54:59,25.53556,-103.43054,51,04,1,
4796,01098,2022-05-25 16:55:29,25.53556,-103.42924,11,04,1,
4796,01098,2022-05-25 16:56:00,25.53554,-103.42603,11,04,1,
4796,01098,2022-05-25 16:56:30,25.53554,-103.42495,0,04,1,
4796,01098,2022-05-25 16:57:00,25.53554,-103.42486,12,04,1,
4796,01098,2022-05-25 16:57:31,25.53552,-103.42221,17,04,1,
4796,01098,2022-05-25 16:58:01,25.53553,-103.42186,6,04,1,
4796,01098,2022-05-25 16:58:31,25.53554,-103.4208,3,04,1,
4796,01098,2022-05-25 16:59:02,25.53554,-103.42033,4,04,1,
4796,01098,2022-05-25 16:59:27,25.53551,-103.41911,24,04,1,
4796,01098,2022-05-25 16:59:57,25.53551,-103.41883,4,04,1,
4796,01098,2022-05-25 17:00:28,25.53551,-103.41872,3,04,1,
4796,01098,2022-05-25 17:00:58,25.5355,-103.4171,42,04,1,
4796,01098,2022-05-25 17:01:28,25.53548,-103.41418,36,04,1,
4796,01098,2022-05-25 17:01:59,25.53545,-103.4111,15,04,1,
4796,01098,2022-05-25 17:02:29,25.53544,-103.40983,41,04,1,
4796,01098,2022-05-25 17:02:59,25.53527,-103.40719,12,04,1,
4796,01098,2022-05-25 17:03:30,25.5353,-103.40687,0,04,1,
4796,01098,2022-05-25 17:04:00,25.53523,-103.40427,46,04,1,
4796,01098,2022-05-25 17:04:26,25.53515,-103.40266,34,04,1,
4796,01098,2022-05-25 17:04:56,25.53512,-103.39825,55,04,1,
4796,01098,2022-05-25 17:05:26,25.53507,-103.39619,0,04,1,
4796,01098,2022-05-25 17:05:57,25.53478,-103.39615,0,04,1,
4796,01098,2022-05-25 17:06:27,25.53478,-103.39615,0,04,1,
4796,01098,2022-05-25 17:06:57,25.53478,-103.39615,0,04,1,
4796,01098,2022-05-25 17:07:28,25.53478,-103.39614,0,04,1,
4796,01098,2022-05-25 17:07:58,25.53478,-103.39614,0,04,1,
4796,01098,2022-05-25 17:08:28,25.53477,-103.39614,0,04,1,
4796,01098,2022-05-25 17:08:59,25.53477,-103.39613,0,04,1,
4796,01098,2022-05-25 17:09:24,25.53473,-103.39613,8,04,1,
4796,01098,2022-05-25 17:09:55,25.53241,-103.39612,45,04,1,
4796,01098,2022-05-25 17:10:25,25.52955,-103.39615,30,04,1,
4796,01098,2022-05-25 17:10:55,25.52744,-103.39618,0,04,1,
4796,01098,2022-05-25 17:11:26,25.52601,-103.39617,0,04,1,
4796,01098,2022-05-25 17:11:56,25.52492,-103.39616,20,04,1,
4796,01098,2022-05-25 17:12:26,25.52289,-103.39619,2,04,1,
4796,01098,2022-05-25 17:12:57,25.5221,-103.3962,0,04,1,
4796,01098,2022-05-25 17:13:27,25.5212,-103.3962,15,04,1,
4796,01098,2022-05-25 17:13:57,25.51837,-103.39617,47,04,1,
4796,01098,2022-05-25 17:14:27,25.51756,-103.39539,27,04,1,
4796,01098,2022-05-25 17:14:53,25.51757,-103.39389,29,04,1,
4796,01098,2022-05-25 17:15:23,25.51751,-103.38994,3,04,1,
4796,01098,2022-05-25 17:15:54,25.5158,-103.39142,46,04,1,
4796,01098,2022-05-25 17:16:24,25.51328,-103.39413,35,04,1,
4796,01098,2022-05-25 17:16:54,25.51302,-103.39444,0,04,1,
4796,01098,2022-05-25 17:17:25,25.51303,-103.39442,0,04,1,
4796,01098,2022-05-25 17:17:55,25.51303,-103.39441,0,04,1,
4796,01098,2022-05-25 17:18:25,25.51303,-103.39441,0,04,1,
4796,01098,2022-05-25 17:18:56,25.51283,-103.39458,7,04,1,
4796,01098,2022-05-25 17:19:26,25.51269,-103.39473,0,04,1,
4796,01098,2022-05-25 17:19:52,25.51209,-103.39535,27,04,1,
4796,01098,2022-05-25 17:20:22,25.51021,-103.39737,35,04,1,
4796,01098,2022-05-25 17:20:52,25.50826,-103.39947,14,04,1,
4796,01098,2022-05-25 17:21:23,25.50796,-103.39978,6,04,1,
4796,01098,2022-05-25 17:21:53,25.50775,-103.40001,16,04,1,
4796,01098,2022-05-25 17:22:23,25.50677,-103.40116,16,04,1,
4796,01098,2022-05-25 17:22:54,25.5052,-103.40305,37,04,1,
4796,01098,2022-05-25 17:23:24,25.50364,-103.40486,0,04,1,
4796,01098,2022-05-25 17:23:54,25.50299,-103.40538,28,04,1,
4796,01098,2022-05-25 17:24:25,25.50197,-103.40614,28,04,1,
4796,01098,2022-05-25 17:24:50,25.50033,-103.40763,44,04,1,
4796,01098,2022-05-25 17:25:20,25.49757,-103.40996,0,04,1,
4796,01098,2022-05-25 17:25:51,25.49709,-103.41033,25,04,1,
4796,01098,2022-05-25 17:26:21,25.49672,-103.41063,0,04,1,
4796,01098,2022-05-25 17:26:52,25.49616,-103.41037,14,04,1,
4796,01098,2022-05-25 17:27:22,25.49577,-103.40909,9,04,1,
4796,01098,2022-05-25 17:27:27,25.49593,-103.40896,20,00,1,
4796,01098,2022-05-25 17:27:52,25.49667,-103.40826,28,00,1,
4796,01098,2022-05-25 17:28:23,25.4968,-103.40607,24,00,1,
4796,01098,2022-05-25 17:28:53,25.49577,-103.40496,25,00,1,
4796,01098,2022-05-25 17:29:24,25.49391,-103.40287,20,00,1,
4796,01098,2022-05-25 17:29:54,25.49274,-103.40356,29,00,1,
4796,01098,2022-05-25 17:30:24,25.49187,-103.40448,7,00,1,
4796,01098,2022-05-25 17:30:55,25.49284,-103.40579,39,00,1,
4796,01098,2022-05-25 17:31:25,25.49551,-103.40925,54,00,1,
4796,01098,2022-05-25 17:31:56,25.49616,-103.41034,11,00,1,
4796,01098,2022-05-25 17:32:26,25.49594,-103.41016,0,00,1,
4796,01098,2022-05-25 17:32:51,25.49593,-103.41015,0,00,1,
4796,01098,2022-05-25 17:33:22,25.49592,-103.41014,0,00,1,
4796,01098,2022-05-25 17:33:52,25.49592,-103.41014,0,00,1,
4796,01098,2022-05-25 17:34:22,25.49517,-103.40903,31,00,1,
4796,01098,2022-05-25 17:34:53,25.49312,-103.40637,42,00,1,
4796,01098,2022-05-25 17:35:23,25.49183,-103.40472,17,00,1,
4796,01098,2022-05-25 17:35:53,25.49102,-103.40376,12,00,1,
4796,01098,2022-05-25 17:36:24,25.49006,-103.40421,7,00,1,
4796,01098,2022-05-25 17:36:54,25.48934,-103.4035,12,00,1,
4796,01098,2022-05-25 17:37:25,25.48881,-103.40402,11,00,1,
4796,01098,2022-05-25 17:37:50,25.48863,-103.4042,3,00,1,
4796,01098,2022-05-25 17:38:20,25.4883,-103.40454,7,00,1,
4796,01098,2022-05-25 17:38:51,25.48742,-103.40533,12,00,1,
4796,01098,2022-05-25 17:39:21,25.4876,-103.40573,11,00,1,
4796,01098,2022-05-25 17:39:51,25.48768,-103.40583,0,00,1,
4796,01098,2022-05-25 17:40:22,25.48768,-103.40583,0,00,1,
4796,01099,2022-05-25 17:56:05,25.48778,-103.40599,4,04,1,
4796,01099,2022-05-25 17:56:31,25.48815,-103.40616,6,04,1,
4796,01099,2022-05-25 17:57:02,25.48852,-103.40576,9,04,1,
4796,01099,2022-05-25 17:57:32,25.48903,-103.40527,12,04,1,
4796,01099,2022-05-25 17:58:02,25.48957,-103.40475,9,04,1,
4796,01099,2022-05-25 17:58:33,25.4901,-103.40423,8,04,1,
4796,01099,2022-05-25 17:58:58,25.49075,-103.4036,12,04,1,
4796,01099,2022-05-25 17:59:28,25.49161,-103.40415,1,04,1,
4796,01099,2022-05-25 17:59:58,25.49162,-103.40418,0,04,1,
4796,01099,2022-05-25 18:00:29,25.49162,-103.40418,0,04,1,
4796,01099,2022-05-25 18:00:59,25.49162,-103.40419,0,04,1,
4796,01099,2022-05-25 18:01:30,25.49161,-103.40419,0,04,1,
4796,01099,2022-05-25 18:02:00,25.49161,-103.4042,0,04,1,
4796,01099,2022-05-25 18:02:30,25.49161,-103.4042,0,04,1,
4796,01099,2022-05-25 18:03:01,25.49193,-103.40433,6,04,1,
4796,01099,2022-05-25 18:03:31,25.49234,-103.40398,15,04,1,
4796,01099,2022-05-25 18:03:56,25.49264,-103.40368,8,04,1,
4796,01099,2022-05-25 18:04:27,25.49336,-103.40285,16,04,1,
4796,01099,2022-05-25 18:04:57,25.49389,-103.40272,17,04,1,
4796,01099,2022-05-25 18:05:27,25.49429,-103.40314,0,04,1,
4796,01099,2022-05-25 18:05:58,25.495,-103.40394,11,04,1,
4796,01099,2022-05-25 18:06:28,25.49565,-103.40479,19,04,1,
4796,01099,2022-05-25 18:06:58,25.49676,-103.40594,2,04,1,
4796,01099,2022-05-25 18:07:29,25.49712,-103.40661,8,04,1,
4796,01099,2022-05-25 18:07:59,25.49705,-103.40771,1,04,1,
4796,01099,2022-05-25 18:08:30,25.49653,-103.40849,0,04,1,
4796,01099,2022-05-25 18:08:55,25.49597,-103.409,23,04,1,
4796,01099,2022-05-25 18:09:25,25.49607,-103.40989,36,04,1,
4796,01099,2022-05-25 18:09:55,25.49667,-103.41034,8,04,1,
4796,01099,2022-05-25 18:10:26,25.49759,-103.40973,22,04,1,
4796,01099,2022-05-25 18:10:56,25.50066,-103.40722,58,04,1,
4796,01099,2022-05-25 18:11:27,25.50244,-103.40566,20,04,1,
4796,01099,2022-05-25 18:11:57,25.5038,-103.40454,49,04,1,
4796,01099,2022-05-25 18:12:27,25.50582,-103.40207,0,04,1,
4796,01099,2022-05-25 18:12:58,25.50674,-103.40097,41,04,1,
4796,01099,2022-05-25 18:13:28,25.5072,-103.40041,19,04,1,
4796,01099,2022-05-25 18:13:58,25.50846,-103.39896,0,04,1,
4796,01099,2022-05-25 18:14:24,25.5095,-103.39792,40,04,1,
4796,01099,2022-05-25 18:14:54,25.51191,-103.39536,31,04,1,
4796,01099,2022-05-25 18:15:24,25.51273,-103.3945,0,04,1,
4796,01099,2022-05-25 18:15:54,25.51354,-103.39404,29,04,1,
4796,01099,2022-05-25 18:16:25,25.51437,-103.39407,0,04,1,
4796,01099,2022-05-25 18:16:55,25.51438,-103.39407,7,04,1,
4796,01099,2022-05-25 18:17:26,25.51582,-103.39407,30,04,1,
4796,01099,2022-05-25 18:17:56,25.51727,-103.39403,0,04,1,
4796,01099,2022-05-25 18:18:26,25.51736,-103.39404,15,04,1,
4796,01099,2022-05-25 18:18:57,25.51974,-103.39402,40,04,1,
4796,01099,2022-05-25 18:19:22,25.52141,-103.39401,27,04,1,
4796,01099,2022-05-25 18:19:52,25.52299,-103.394,35,04,1,
4796,01099,2022-05-25 18:20:23,25.52572,-103.39397,33,04,1,
4796,01099,2022-05-25 18:20:53,25.52773,-103.39394,0,04,1,
4796,01099,2022-05-25 18:21:24,25.53004,-103.39393,47,04,1,
4796,01099,2022-05-25 18:21:54,25.53168,-103.39392,16,04,1,
4796,01099,2022-05-25 18:22:24,25.53217,-103.39391,0,04,1,
4796,01099,2022-05-25 18:22:55,25.53406,-103.39383,33,04,1,
4796,01099,2022-05-25 18:23:25,25.53448,-103.39383,12,04,1,
4796,01099,2022-05-25 18:23:55,25.53504,-103.39385,16,04,1,
4796,01099,2022-05-25 18:24:21,25.53539,-103.39514,25,04,1,
4796,01099,2022-05-25 18:24:51,25.53541,-103.39559,1,04,1,
4796,01099,2022-05-25 18:25:21,25.53539,-103.39591,0,04,1,
4796,01099,2022-05-25 18:25:52,25.5354,-103.39592,0,04,1,
4796,01099,2022-05-25 18:26:22,25.5354,-103.39813,49,04,1,
4796,01099,2022-05-25 18:26:53,25.53541,-103.40261,45,04,1,
4796,01099,2022-05-25 18:27:23,25.53553,-103.40498,48,04,1,
4796,01099,2022-05-25 18:27:53,25.53561,-103.40753,18,04,1,
4796,01099,2022-05-25 18:28:23,25.53564,-103.41045,37,04,1,
4796,01099,2022-05-25 18:28:54,25.53566,-103.41353,25,04,1,
4796,01099,2022-05-25 18:29:19,25.53565,-103.41392,0,04,1,
4796,01099,2022-05-25 18:29:50,25.53564,-103.4139,0,04,1,
4796,01099,2022-05-25 18:30:20,25.53565,-103.41431,0,04,1,
4796,01099,2022-05-25 18:30:50,25.53566,-103.41578,28,04,1,
4796,01099,2022-05-25 18:31:21,25.53569,-103.41796,2,04,1,
4796,01099,2022-05-25 18:31:51,25.53569,-103.41913,3,04,1,
4796,01099,2022-05-25 18:32:21,25.53569,-103.41992,0,04,1,
4796,01099,2022-05-25 18:32:52,25.5357,-103.42125,27,04,1,
4796,01099,2022-05-25 18:33:22,25.53572,-103.42241,13,04,1,
4796,01099,2022-05-25 18:33:53,25.53573,-103.42454,0,04,1,
4796,01099,2022-05-25 18:34:18,25.53573,-103.42594,25,04,1,
4796,01099,2022-05-25 18:34:48,25.53575,-103.42849,10,04,1,
4796,01099,2022-05-25 18:35:19,25.53576,-103.42971,41,04,1,
4796,01099,2022-05-25 18:35:49,25.53576,-103.43195,37,04,1,
4796,01099,2022-05-25 18:36:19,25.53579,-103.43377,0,04,1,
4796,01099,2022-05-25 18:36:49,25.53577,-103.43403,3,04,1,
4796,01099,2022-05-25 18:37:20,25.53579,-103.43618,41,04,1,
4796,01099,2022-05-25 18:37:50,25.53581,-103.44049,38,04,1,
4796,01099,2022-05-25 18:38:21,25.53585,-103.44217,30,04,1,
4796,01099,2022-05-25 18:38:51,25.53586,-103.44432,0,04,1,
4796,01099,2022-05-25 18:39:17,25.53586,-103.44588,31,04,1,
4796,01099,2022-05-25 18:39:47,25.53588,-103.44791,11,04,1,
4796,01099,2022-05-25 18:40:17,25.53587,-103.44814,1,04,1,
4796,01099,2022-05-25 18:40:47,25.53586,-103.44969,35,04,1,
4796,01099,2022-05-25 18:41:18,25.53585,-103.45306,32,04,1,
4796,01099,2022-05-25 18:41:48,25.5359,-103.45519,40,04,1,
4796,01099,2022-05-25 18:42:18,25.5359,-103.45668,24,04,1,
4796,01099,2022-05-25 18:42:49,25.53595,-103.45921,24,04,1,
4796,01099,2022-05-25 18:43:19,25.53595,-103.46057,37,04,1,
4796,01099,2022-05-25 18:43:49,25.53553,-103.46258,30,04,1,
4796,01099,2022-05-25 18:44:20,25.53524,-103.4637,14,04,1,
4796,01099,2022-05-25 18:44:45,25.53497,-103.46496,18,04,1,
4796,01099,2022-05-25 18:45:16,25.53608,-103.46537,14,04,1,
4796,01099,2022-05-25 18:45:46,25.53624,-103.46542,0,04,1,
4796,01099,2022-05-25 18:46:16,25.53631,-103.46544,11,04,1,
4796,01099,2022-05-25 18:46:47,25.53694,-103.46562,20,04,1,
4796,01099,2022-05-25 18:47:17,25.53879,-103.46611,23,04,1,
4796,01099,2022-05-25 18:47:47,25.53907,-103.46616,0,04,1,
4796,01099,2022-05-25 18:48:18,25.53906,-103.46616,0,04,1,
4796,01099,2022-05-25 18:48:48,25.53905,-103.46616,0,04,1,
4796,01099,2022-05-25 18:49:18,25.53905,-103.46615,0,04,1,
4796,01099,2022-05-25 18:49:44,25.53905,-103.46614,0,04,1,
4796,01099,2022-05-25 18:50:14,25.53905,-103.46613,0,04,1,
4796,01099,2022-05-25 18:50:44,25.53905,-103.46613,0,04,1,
4796,01099,2022-05-25 18:51:15,25.53905,-103.46614,0,04,1,
4796,01099,2022-05-25 18:51:45,25.53907,-103.46617,4,04,1,
4796,01099,2022-05-25 18:52:16,25.53915,-103.46621,0,04,1,
4796,01099,2022-05-25 18:52:46,25.53934,-103.46626,18,04,1,
4796,01099,2022-05-25 18:53:16,25.54121,-103.46683,6,04,1,
4796,01099,2022-05-25 18:53:47,25.54129,-103.46787,27,04,1,
4796,01099,2022-05-25 18:54:17,25.54012,-103.46759,0,04,1,
4796,01099,2022-05-25 18:54:42,25.53893,-103.46726,26,04,1,
4796,01099,2022-05-25 18:55:13,25.53726,-103.46681,0,04,1,
4796,01099,2022-05-25 18:55:43,25.5364,-103.46655,0,04,1,
4796,01099,2022-05-25 18:56:13,25.53641,-103.46653,0,04,1,
4796,01099,2022-05-25 18:56:44,25.5364,-103.46653,1,04,1,
4796,01099,2022-05-25 18:57:14,25.53521,-103.4661,3,04,1,
4796,01099,2022-05-25 18:57:44,25.53493,-103.46578,9,04,1,
4796,01099,2022-05-25 18:58:15,25.53484,-103.46474,47,04,1,
4796,01099,2022-05-25 18:58:45,25.53563,-103.46115,18,04,1,
4796,01099,2022-05-25 18:59:16,25.53577,-103.45997,31,04,1,
4796,01099,2022-05-25 18:59:41,25.53579,-103.45839,44,04,1,
4796,01099,2022-05-25 19:00:11,25.53576,-103.45661,37,04,1,
4796,01099,2022-05-25 19:00:42,25.53577,-103.45195,61,04,1,
4796,01099,2022-05-25 19:01:12,25.5357,-103.44911,0,04,1,
4796,01099,2022-05-25 19:01:42,25.53567,-103.44913,0,04,1,
4796,01099,2022-05-25 19:02:13,25.53568,-103.44849,26,04,1,
4796,01099,2022-05-25 19:02:43,25.53568,-103.44579,0,04,1,
4796,01099,2022-05-25 19:03:13,25.53569,-103.44541,14,04,1,
4796,01099,2022-05-25 19:03:44,25.53567,-103.4428,21,04,1,
4796,01099,2022-05-25 19:04:14,25.53566,-103.4427,0,04,1,
4796,01099,2022-05-25 19:04:44,25.53565,-103.44218,21,04,1,
4796,01099,2022-05-25 19:05:10,25.53564,-103.43964,42,04,1,
4796,01099,2022-05-25 19:05:40,25.53563,-103.43672,10,04,1,
4796,01099,2022-05-25 19:06:10,25.53564,-103.43652,5,04,1,
4796,01099,2022-05-25 19:06:41,25.53559,-103.43591,0,04,1,
4796,01099,2022-05-25 19:07:11,25.53559,-103.43574,19,04,1,
4796,01099,2022-05-25 19:07:41,25.53556,-103.43396,7,04,1,
4796,01099,2022-05-25 19:08:12,25.5356,-103.43143,52,04,1,
4796,01099,2022-05-25 19:08:42,25.53559,-103.42839,48,04,1,
4796,01099,2022-05-25 19:09:12,25.53557,-103.42583,23,04,1,
4796,01099,2022-05-25 19:09:43,25.53555,-103.42298,2,04,1,
4796,01099,2022-05-25 19:10:08,25.53555,-103.423,0,04,1,
4796,01099,2022-05-25 19:10:38,25.53553,-103.42186,8,04,1,
4796,01099,2022-05-25 19:11:09,25.53553,-103.42058,0,04,1,
4796,01099,2022-05-25 19:11:39,25.53552,-103.41941,19,04,1,
4796,01099,2022-05-25 19:12:09,25.53551,-103.41911,0,04,1,
4796,01099,2022-05-25 19:12:40,25.5355,-103.41768,9,04,1,
4796,01099,2022-05-25 19:13:10,25.53551,-103.4161,10,04,1,
4796,01099,2022-05-25 19:13:41,25.53551,-103.41594,0,04,1,
4796,01099,2022-05-25 19:14:11,25.53551,-103.41574,18,04,1,
4796,01099,2022-05-25 19:14:42,25.53548,-103.41253,39,04,1,
4796,01099,2022-05-25 19:15:07,25.53546,-103.41009,41,04,1,
4796,01099,2022-05-25 19:15:37,25.53527,-103.40731,0,04,1,
4796,01099,2022-05-25 19:16:08,25.53529,-103.40684,7,04,1,
4796,01099,2022-05-25 19:16:38,25.53529,-103.40676,0,04,1,
4796,01099,2022-05-25 19:17:08,25.53529,-103.40557,32,04,1,
4796,01099,2022-05-25 19:17:38,25.53515,-103.40251,34,04,1,
4796,01099,2022-05-25 19:18:09,25.53512,-103.39865,49,04,1,
4796,01099,2022-05-25 19:18:39,25.53509,-103.39651,19,04,1,
4796,01099,2022-05-25 19:19:10,25.53481,-103.39611,4,04,1,
4796,01099,2022-05-25 19:19:40,25.5348,-103.39611,0,04,1,
4796,01099,2022-05-25 19:20:05,25.53436,-103.3961,27,04,1,
4796,01099,2022-05-25 19:20:36,25.53191,-103.39609,27,04,1,
4796,01099,2022-05-25 19:21:06,25.53076,-103.39611,34,04,1,
4796,01099,2022-05-25 19:21:36,25.52922,-103.39612,7,04,1,
4796,01099,2022-05-25 19:22:07,25.52809,-103.39615,1,04,1,
4796,01099,2022-05-25 19:22:37,25.52614,-103.39613,43,04,1,
4796,01099,2022-05-25 19:23:07,25.52458,-103.39613,30,04,1,
4796,01099,2022-05-25 19:23:38,25.52276,-103.39616,0,04,1,
4796,01099,2022-05-25 19:24:08,25.52272,-103.39615,8,04,1,
4796,01099,2022-05-25 19:24:38,25.52223,-103.39615,0,04,1,
4796,01099,2022-05-25 19:25:09,25.52124,-103.39616,17,04,1,
4796,01099,2022-05-25 19:25:34,25.5193,-103.39612,51,04,1,
4796,01099,2022-05-25 19:26:04,25.51801,-103.3961,0,04,1,
4796,01099,2022-05-25 19:26:35,25.51797,-103.39609,0,04,1,
4796,01099,2022-05-25 19:27:05,25.51759,-103.39565,18,04,1,
4796,01099,2022-05-25 19:27:35,25.51759,-103.39428,4,04,1,
4796,01099,2022-05-25 19:28:06,25.51759,-103.39144,61,04,1,
4796,01099,2022-05-25 19:28:36,25.51754,-103.38993,0,04,1,
4796,01099,2022-05-25 19:29:06,25.51694,-103.39024,40,04,1,
4796,01099,2022-05-25 19:29:37,25.51521,-103.39213,12,04,1,
4796,01099,2022-05-25 19:30:07,25.51315,-103.39432,21,04,1,
4796,01099,2022-05-25 19:30:34,25.51305,-103.39446,0,04,1,
4796,01099,2022-05-25 19:31:03,25.51305,-103.39445,0,04,1,
4796,01099,2022-05-25 19:31:33,25.51305,-103.39445,0,04,1,
4796,01099,2022-05-25 19:32:03,25.51306,-103.39445,0,04,1,
4796,01099,2022-05-25 19:32:34,25.51296,-103.39451,0,04,1,
4796,01099,2022-05-25 19:33:04,25.5127,-103.39465,13,04,1,
4796,01099,2022-05-25 19:33:35,25.51267,-103.3947,0,04,1,
4796,01099,2022-05-25 19:34:05,25.51267,-103.3947,0,04,1,
4796,01099,2022-05-25 19:34:35,25.51267,-103.3947,0,04,1,
4796,01099,2022-05-25 19:35:05,25.51192,-103.39396,28,04,1,
4796,01099,2022-05-25 19:35:36,25.5111,-103.39267,17,04,1,
4796,01099,2022-05-25 19:36:01,25.51066,-103.39199,29,04,1,
4796,01099,2022-05-25 19:36:31,25.51,-103.39095,0,04,1,
4796,01099,2022-05-25 19:37:02,25.50978,-103.39062,18,04,1,
4796,01099,2022-05-25 19:37:32,25.5087,-103.38896,16,04,1,
4796,01099,2022-05-25 19:38:02,25.50822,-103.38819,0,04,1,
4796,01099,2022-05-25 19:38:33,25.50757,-103.38714,30,04,1,
4796,01099,2022-05-25 19:39:03,25.50663,-103.38562,29,04,1,
4796,01099,2022-05-25 19:39:34,25.50784,-103.38412,23,04,1,
4796,01099,2022-05-25 19:40:04,25.50908,-103.3831,11,04,1,
4796,01099,2022-05-25 19:40:34,25.50862,-103.38191,6,04,1,
4796,01099,2022-05-25 19:41:04,25.50824,-103.38132,19,04,1,
4796,01099,2022-05-25 19:41:30,25.50746,-103.38011,18,04,1,
4796,01099,2022-05-25 19:42:00,25.50647,-103.38057,32,04,1,
4796,01099,2022-05-25 19:42:30,25.50555,-103.38127,28,04,1,
4796,01099,2022-05-25 19:43:01,25.50492,-103.38179,0,04,1,
4796,01099,2022-05-25 19:43:31,25.50421,-103.38186,25,04,1,
4796,01099,2022-05-25 19:44:02,25.50367,-103.38054,0,04,1,
4796,01099,2022-05-25 19:44:32,25.50241,-103.38144,0,04,1,
4796,01099,2022-05-25 19:45:02,25.50145,-103.3822,29,04,1,
4796,01099,2022-05-25 19:45:33,25.50115,-103.38289,12,04,1,
4796,01099,2022-05-25 19:46:03,25.5019,-103.38404,0,04,1,
4796,01099,2022-05-25 19:46:28,25.50282,-103.38551,25,04,1,
4796,01099,2022-05-25 19:46:38,25.50275,-103.3858,8,00,1,
4796,01099,2022-05-25 19:47:09,25.50191,-103.3864,19,00,1,
4796,01099,2022-05-25 19:47:39,25.50111,-103.38672,20,00,1,
4796,01099,2022-05-25 19:48:10,25.49974,-103.38426,38,00,1,
4796,01099,2022-05-25 19:48:35,25.49913,-103.38392,0,00,1,
4796,01099,2022-05-25 19:49:05,25.49914,-103.38393,0,00,1,
4796,01099,2022-05-25 19:49:35,25.49874,-103.38369,28,00,1,
4796,01099,2022-05-25 19:50:06,25.49687,-103.38037,39,00,1,
4796,01099,2022-05-25 19:50:36,25.4966,-103.37995,3,00,1,
4796,01099,2022-05-25 19:51:07,25.49617,-103.37973,4,00,1,
4796,01099,2022-05-25 19:51:37,25.49617,-103.37973,0,00,1,
4796,01099,2022-05-25 19:52:07,25.49617,-103.37974,0,00,1,
4796,01099,2022-05-25 19:52:38,25.49617,-103.37974,0,00,1,
4796,01100,2022-05-25 20:03:11,25.49624,-103.37961,3,04,1,
4796,01100,2022-05-25 20:03:37,25.49652,-103.37972,16,04,1,
4796,01100,2022-05-25 20:04:07,25.4968,-103.37997,0,04,1,
4796,01100,2022-05-25 20:04:38,25.4976,-103.38139,36,04,1,
4796,01100,2022-05-25 20:05:08,25.49927,-103.38434,48,04,1,
4796,01100,2022-05-25 20:05:39,25.50018,-103.38596,28,04,1,
4796,01100,2022-05-25 20:06:09,25.50195,-103.38925,48,04,1,
4796,01100,2022-05-25 20:06:40,25.50322,-103.3916,0,04,1,
4796,01100,2022-05-25 20:07:11,25.50419,-103.39088,24,04,1,
4796,01100,2022-05-25 20:07:41,25.50526,-103.3893,33,04,1,
4796,01100,2022-05-25 20:08:11,25.50443,-103.38803,23,04,1,
4796,01100,2022-05-25 20:08:37,25.50385,-103.38714,14,04,1,
4796,01100,2022-05-25 20:09:08,25.50315,-103.38599,27,04,1,
4796,01100,2022-05-25 20:09:38,25.50269,-103.38529,0,04,1,
4796,01100,2022-05-25 20:10:09,25.5019,-103.38407,15,04,1,
4796,01100,2022-05-25 20:10:40,25.5012,-103.38299,23,04,1,
4796,01100,2022-05-25 20:11:10,25.50104,-103.38233,13,04,1,
4796,01100,2022-05-25 20:11:40,25.50234,-103.38132,5,04,1,
4796,01100,2022-05-25 20:12:11,25.50374,-103.38042,0,04,1,
4796,01100,2022-05-25 20:12:41,25.50435,-103.38181,34,04,1,
4796,01100,2022-05-25 20:13:07,25.50523,-103.38152,34,04,1,
4796,01100,2022-05-25 20:13:38,25.50658,-103.38047,34,04,1,
4796,01100,2022-05-25 20:14:04,25.50782,-103.38059,12,04,1,
4796,01100,2022-05-25 20:14:35,25.50877,-103.38207,24,04,1,
4796,01100,2022-05-25 20:15:06,25.50939,-103.38315,14,04,1,
4796,01100,2022-05-25 20:15:36,25.50713,-103.38488,50,04,1,
4796,01100,2022-05-25 20:16:07,25.50756,-103.38695,47,04,1,
4796,01100,2022-05-25 20:16:37,25.50932,-103.38965,24,04,1,
4796,01100,2022-05-25 20:17:08,25.50981,-103.3904,0,04,1,
4796,01100,2022-05-25 20:17:33,25.51029,-103.39115,38,04,1,
4796,01100,2022-05-25 20:18:04,25.51133,-103.39276,37,04,1,
4796,01100,2022-05-25 20:18:34,25.51237,-103.39441,13,04,1,
4796,01100,2022-05-25 20:19:05,25.51268,-103.39451,0,04,1,
4796,01100,2022-05-25 20:19:35,25.51268,-103.39452,0,04,1,
4796,01100,2022-05-25 20:20:06,25.51267,-103.39452,0,04,1,
4796,01100,2022-05-25 20:20:36,25.51273,-103.39445,10,04,1,
4796,01100,2022-05-25 20:21:07,25.51398,-103.39402,4,04,1,
4796,01100,2022-05-25 20:21:37,25.51455,-103.39404,15,04,1,
4796,01100,2022-05-25 20:22:03,25.51555,-103.39407,0,04,1,
4796,01100,2022-05-25 20:22:34,25.51702,-103.39406,16,04,1,
4796,01100,2022-05-25 20:23:04,25.5173,-103.39404,0,04,1,
4796,01100,2022-05-25 20:23:35,25.51767,-103.39402,16,04,1,
4796,01100,2022-05-25 20:24:05,25.51997,-103.394,31,04,1,
4796,01100,2022-05-25 20:24:36,25.52109,-103.394,34,04,1,
4796,01100,2022-05-25 20:25:06,25.52363,-103.39398,32,04,1,
4796,01100,2022-05-25 20:25:37,25.52535,-103.39397,32,04,1,
4796,01100,2022-05-25 20:26:07,25.52712,-103.39395,10,04,1,
4796,01100,2022-05-25 20:26:38,25.52855,-103.39394,30,04,1,
4796,01100,2022-05-25 20:27:03,25.52918,-103.39392,13,04,1,
4796,01100,2022-05-25 20:27:34,25.5316,-103.39392,14,04,1,
4796,01100,2022-05-25 20:28:04,25.53427,-103.39384,4,04,1,
4796,01100,2022-05-25 20:28:35,25.53447,-103.39387,12,04,1,
4796,01100,2022-05-25 20:29:05,25.53536,-103.39446,28,04,1,
4796,01100,2022-05-25 20:29:36,25.53539,-103.39655,4,04,1,
4796,01100,2022-05-25 20:30:06,25.5354,-103.3991,51,04,1,
4796,01100,2022-05-25 20:30:37,25.5354,-103.40352,41,04,1,
4796,01100,2022-05-25 20:31:07,25.53548,-103.40465,0,04,1,
4796,01100,2022-05-25 20:31:38,25.53548,-103.40465,0,04,1,
4796,01100,2022-05-25 20:32:08,25.5356,-103.40573,41,04,1,
4796,01100,2022-05-25 20:32:34,25.53563,-103.40723,10,04,1,
4796,01100,2022-05-25 20:33:04,25.53561,-103.41,45,04,1,
4796,01100,2022-05-25 20:33:35,25.53565,-103.41173,27,04,1,
4796,01100,2022-05-25 20:34:05,25.53565,-103.41371,5,04,1,
4796,01100,2022-05-25 20:34:36,25.53566,-103.41521,20,04,1,
4796,01100,2022-05-25 20:35:07,25.53568,-103.41778,25,04,1,
4796,01100,2022-05-25 20:35:37,25.53569,-103.41855,24,04,1,
4796,01100,2022-05-25 20:36:08,25.5357,-103.42006,0,04,1,
4796,01100,2022-05-25 20:36:38,25.53569,-103.42014,11,04,1,
4796,01100,2022-05-25 20:37:04,25.53569,-103.42076,10,04,1,
4796,01100,2022-05-25 20:37:34,25.53571,-103.4225,0,04,1,
4796,01100,2022-05-25 20:38:05,25.5357,-103.42249,0,04,1,
4796,01100,2022-05-25 20:38:35,25.5357,-103.42359,29,04,1,
4796,01100,2022-05-25 20:39:06,25.53573,-103.42445,0,04,1,
4796,01100,2022-05-25 20:39:36,25.53573,-103.4247,17,04,1,
4796,01100,2022-05-25 20:40:07,25.53573,-103.42612,4,04,1,
4796,01100,2022-05-25 20:40:37,25.53574,-103.4276,17,04,1,
4796,01100,2022-05-25 20:41:08,25.53575,-103.42775,0,04,1,
4796,01100,2022-05-25 20:41:39,25.53575,-103.42774,0,04,1,
4796,01100,2022-05-25 20:42:04,25.53577,-103.42775,0,04,1,
4796,01100,2022-05-25 20:42:35,25.53576,-103.42845,0,04,1,
4796,01100,2022-05-25 20:43:05,25.53573,-103.43025,48,04,1,
4796,01100,2022-05-25 20:43:36,25.53579,-103.43383,0,04,1,
4796,01100,2022-05-25 20:44:06,25.5358,-103.43382,0,04,1,
4796,01100,2022-05-25 20:44:37,25.53581,-103.4363,4,04,1,
4796,01100,2022-05-25 20:45:07,25.53582,-103.43844,19,04,1,
4796,01100,2022-05-25 20:45:38,25.53583,-103.44053,17,04,1,
4796,01100,2022-05-25 20:46:09,25.53584,-103.44169,0,04,1,
4796,01100,2022-05-25 20:46:34,25.53582,-103.44335,41,04,1,
4796,01100,2022-05-25 20:47:05,25.53586,-103.44525,12,04,1,
4796,01100,2022-05-25 20:47:35,25.53586,-103.44758,16,04,1,
4796,01100,2022-05-25 20:48:06,25.53587,-103.44763,0,04,1,
4796,01100,2022-05-25 20:48:36,25.53588,-103.44922,36,04,1,
4796,01100,2022-05-25 20:49:07,25.5359,-103.45033,0,04,1,
4796,01100,2022-05-25 20:49:37,25.53589,-103.45201,26,04,1,
4796,01100,2022-05-25 20:50:08,25.53591,-103.45263,7,04,1,
4796,01100,2022-05-25 20:50:39,25.53592,-103.45505,0,04,1,
4796,01100,2022-05-25 20:51:04,25.53593,-103.45684,0,04,1,
4796,01100,2022-05-25 20:51:35,25.53595,-103.45784,0,04,1,
4796,01100,2022-05-25 20:52:05,25.53596,-103.45994,10,04,1,
4796,01100,2022-05-25 20:52:36,25.53596,-103.45996,0,04,1,
4796,01100,2022-05-25 20:53:07,25.53594,-103.46061,23,04,1,
4796,01100,2022-05-25 20:53:37,25.53571,-103.46164,24,04,1,
4796,01100,2022-05-25 20:54:07,25.53554,-103.46244,11,04,1,
4796,01100,2022-05-25 20:54:38,25.53523,-103.46372,0,04,1,
4796,01100,2022-05-25 20:55:09,25.53507,-103.46512,20,04,1,
4796,01100,2022-05-25 20:55:39,25.53533,-103.46517,0,04,1,
4796,01100,2022-05-25 20:56:04,25.53537,-103.46517,1,04,1,
4796,01100,2022-05-25 20:56:35,25.53665,-103.46547,25,04,1,
4796,01100,2022-05-25 20:57:05,25.53785,-103.46583,36,04,1,
4796,01100,2022-05-25 20:57:36,25.53916,-103.4662,0,04,1,
4796,01100,2022-05-25 20:58:06,25.53915,-103.46619,0,04,1,
4796,01100,2022-05-25 20:58:37,25.53915,-103.46623,0,04,1,
4796,01100,2022-05-25 20:59:08,25.54084,-103.46673,27,04,1,
4796,01100,2022-05-25 20:59:38,25.54143,-103.46689,22,04,1,
4796,01100,2022-05-25 21:00:09,25.54028,-103.46759,27,04,1,
4796,01100,2022-05-25 21:00:34,25.53934,-103.46737,38,04,1,
4796,01100,2022-05-25 21:01:05,25.53783,-103.46694,31,04,1,
4796,01100,2022-05-25 21:01:35,25.53638,-103.46654,4,04,1,
4796,01100,2022-05-25 21:02:06,25.53639,-103.46655,0,04,1,
4796,01100,2022-05-25 21:02:36,25.53639,-103.46655,0,04,1,
4796,01100,2022-05-25 21:03:07,25.53565,-103.46632,24,04,1,
4796,01100,2022-05-25 21:03:37,25.53497,-103.46583,14,04,1,
4796,01100,2022-05-25 21:04:08,25.53478,-103.46539,27,04,1,
4796,01100,2022-05-25 21:04:38,25.53548,-103.46207,40,04,1,
4796,01100,2022-05-25 21:05:09,25.53569,-103.46116,0,04,1,
4796,01100,2022-05-25 21:05:34,25.53587,-103.45952,48,04,1,
4796,01100,2022-05-25 21:06:05,25.5358,-103.45713,10,04,1,
4796,01100,2022-05-25 21:06:35,25.53581,-103.45394,52,04,1,
4796,01100,2022-05-25 21:07:06,25.53578,-103.44944,30,04,1,
4796,01100,2022-05-25 21:07:36,25.53577,-103.44901,0,04,1,
4796,01100,2022-05-25 21:08:07,25.53576,-103.44877,24,04,1,
4796,01100,2022-05-25 21:08:37,25.53571,-103.44576,0,04,1,
4796,01100,2022-05-25 21:09:08,25.5357,-103.44321,50,04,1,
4796,01100,2022-05-25 21:09:38,25.5357,-103.44251,0,04,1,
4796,01100,2022-05-25 21:10:09,25.53575,-103.44255,0,04,1,
4796,01100,2022-05-25 21:10:39,25.53573,-103.44181,35,04,1,
4796,01100,2022-05-25 21:11:05,25.53571,-103.43766,58,04,1,
4796,01100,2022-05-25 21:11:35,25.53566,-103.43662,0,04,1,
4796,01100,2022-05-25 21:12:06,25.53565,-103.43636,0,04,1,
4796,01100,2022-05-25 21:12:37,25.53563,-103.43465,35,04,1,
4796,01100,2022-05-25 21:13:07,25.53564,-103.43038,53,04,1,
4796,01100,2022-05-25 21:13:38,25.53566,-103.42934,3,04,1,
4796,01100,2022-05-25 21:14:08,25.53565,-103.42891,30,04,1,
4796,01100,2022-05-25 21:14:39,25.53559,-103.42414,37,04,1,
4796,01100,2022-05-25 21:15:09,25.53558,-103.42244,15,04,1,
4796,01100,2022-05-25 21:15:35,25.53558,-103.4223,1,04,1,
4796,01100,2022-05-25 21:16:05,25.53559,-103.42114,30,04,1,
4796,01100,2022-05-25 21:16:36,25.53559,-103.42037,4,04,1,
4796,01100,2022-05-25 21:17:06,25.53556,-103.41898,11,04,1,
4796,01100,2022-05-25 21:17:37,25.5356,-103.41881,0,04,1,
4796,01100,2022-05-25 21:18:07,25.53559,-103.41759,47,04,1,
4796,01100,2022-05-25 21:18:38,25.53554,-103.41513,29,04,1,
4796,01100,2022-05-25 21:19:09,25.53549,-103.41111,40,04,1,
4796,01100,2022-05-25 21:19:39,25.53532,-103.40739,17,04,1,
4796,01100,2022-05-25 21:20:05,25.53533,-103.407,4,04,1,
4796,01100,2022-05-25 21:20:35,25.53533,-103.40557,44,04,1,
4796,01100,2022-05-25 21:21:06,25.53517,-103.40135,49,04,1,
4796,01100,2022-05-25 21:21:36,25.53511,-103.39684,49,04,1,
4796,01100,2022-05-25 21:22:07,25.5348,-103.3961,0,04,1,
4796,01100,2022-05-25 21:22:37,25.53481,-103.39612,0,04,1,
4796,01100,2022-05-25 21:23:08,25.53481,-103.39612,0,04,1,
4796,01100,2022-05-25 21:23:38,25.53481,-103.39613,0,04,1,
4796,01100,2022-05-25 21:24:09,25.5348,-103.39613,0,04,1,
4796,01100,2022-05-25 21:24:39,25.5348,-103.39613,0,04,1,
4796,01100,2022-05-25 21:25:10,25.53296,-103.39611,36,04,1,
4796,01100,2022-05-25 21:25:35,25.53091,-103.39613,14,04,1,
4796,01100,2022-05-25 21:26:06,25.5286,-103.39613,48,04,1,
4796,01100,2022-05-25 21:26:36,25.5269,-103.39617,0,04,1,
4796,01100,2022-05-25 21:27:07,25.5248,-103.39615,42,04,1,
4796,01100,2022-05-25 21:27:37,25.52337,-103.39617,17,04,1,
4796,01100,2022-05-25 21:28:08,25.5223,-103.39617,0,04,1,
4796,01100,2022-05-25 21:28:38,25.52111,-103.39618,14,04,1,
4796,01100,2022-05-25 21:29:09,25.51852,-103.39613,29,04,1,
4796,01100,2022-05-25 21:29:40,25.51817,-103.39614,0,04,1,
4796,01100,2022-05-25 21:30:05,25.51758,-103.39581,0,04,1,
4796,01100,2022-05-25 21:30:36,25.5176,-103.39419,15,04,1,
4796,01100,2022-05-25 21:31:06,25.51755,-103.39069,46,04,1,
4796,01100,2022-05-25 21:31:37,25.51723,-103.3899,26,04,1,
4796,01100,2022-05-25 21:32:07,25.51587,-103.39136,35,04,1,
4796,01100,2022-05-25 21:32:38,25.51465,-103.3927,36,04,1,
4796,01100,2022-05-25 21:33:08,25.51306,-103.39442,0,04,1,
4796,01100,2022-05-25 21:33:39,25.51274,-103.39473,6,04,1,
4796,01100,2022-05-25 21:34:10,25.51132,-103.39618,46,04,1,
4796,01100,2022-05-25 21:34:35,25.51033,-103.39727,24,04,1,
4796,01100,2022-05-25 21:35:06,25.50834,-103.39938,10,04,1,
4796,01100,2022-05-25 21:35:36,25.50822,-103.39951,9,04,1,
4796,01100,2022-05-25 21:36:07,25.50793,-103.39982,0,04,1,
4796,01100,2022-05-25 21:36:37,25.50769,-103.40012,15,04,1,
4796,01100,2022-05-25 21:37:08,25.50618,-103.40188,24,04,1,
4796,01100,2022-05-25 21:37:39,25.50608,-103.40203,3,04,1,
4796,01100,2022-05-25 21:38:09,25.50489,-103.40344,31,04,1,
4796,01100,2022-05-25 21:38:40,25.50294,-103.40546,7,04,1,
4796,01100,2022-05-25 21:39:10,25.50188,-103.40616,30,04,1,
4796,01100,2022-05-25 21:39:35,25.50074,-103.40712,18,04,1,
4796,01100,2022-05-25 21:40:06,25.49926,-103.40851,47,04,1,
4796,01100,2022-05-25 21:40:37,25.49742,-103.41005,0,04,1,
4796,01100,2022-05-25 21:41:07,25.49682,-103.41053,15,04,1,
4796,01100,2022-05-25 21:41:38,25.49673,-103.41059,0,04,1,
4796,01100,2022-05-25 21:42:08,25.49624,-103.41045,3,04,1,
4796,01100,2022-05-25 21:42:39,25.49575,-103.4091,4,04,1,
4796,01100,2022-05-25 21:43:09,25.49644,-103.40846,16,04,1,
4796,01100,2022-05-25 21:43:09,25.49644,-103.40846,16,00,1,
4796,01100,2022-05-25 21:43:40,25.49704,-103.40708,17,00,1,
4796,01100,2022-05-25 21:44:11,25.49606,-103.4052,39,00,1,
4796,01100,2022-05-25 21:44:41,25.49386,-103.40275,33,00,1,
4796,01100,2022-05-25 21:45:12,25.49332,-103.4029,22,00,1,
4796,01100,2022-05-25 21:45:42,25.49233,-103.40403,34,00,1,
4796,01100,2022-05-25 21:46:13,25.49187,-103.40448,3,00,1,
4796,01100,2022-05-25 21:46:43,25.49125,-103.40399,19,00,1,
4796,01100,2022-05-25 21:47:14,25.49071,-103.40367,11,00,1,
4796,01100,2022-05-25 21:47:39,25.49029,-103.4041,10,00,1,
4796,01100,2022-05-25 21:48:10,25.48969,-103.40369,12,00,1,
4796,01100,2022-05-25 21:48:41,25.48904,-103.40286,12,00,1,
4796,01100,2022-05-25 21:49:11,25.48828,-103.40303,17,00,1,
4796,01100,2022-05-25 21:49:42,25.4873,-103.40433,16,00,1,
4796,01100,2022-05-25 21:50:12,25.48714,-103.40517,8,00,1,
4796,01100,2022-05-25 21:50:43,25.48746,-103.40555,6,00,1,
4796,01100,2022-05-25 21:51:13,25.48769,-103.40585,0,00,1,
4796,01100,2022-05-25 21:51:44,25.48768,-103.40586,0,00,1,
4796,01100,2022-05-25 21:52:14,25.48768,-103.40587,0,00,1,
4796,01101,2022-05-25 22:03:25,25.4877,-103.40584,0,00,1,
4796,01101,2022-05-25 22:03:51,25.4877,-103.40583,0,00,1,
4796,01102,2022-05-25 22:23:52,25.48753,-103.4056,4,04,1,
4796,01102,2022-05-25 22:24:18,25.48737,-103.4054,4,04,1,
4796,01102,2022-05-25 22:24:48,25.48698,-103.40487,9,04,1,
4796,01102,2022-05-25 22:25:18,25.48753,-103.404,11,04,1,
4796,01102,2022-05-25 22:25:49,25.48808,-103.40328,10,04,1,
4796,01102,2022-05-25 22:26:19,25.48867,-103.40263,10,04,1,
4796,01102,2022-05-25 22:26:49,25.48932,-103.40322,13,04,1,
4796,01102,2022-05-25 22:27:20,25.48993,-103.40399,11,04,1,
4796,01102,2022-05-25 22:27:50,25.49073,-103.40367,22,04,1,
4796,01102,2022-05-25 22:28:20,25.4918,-103.4044,8,04,1,
4796,01102,2022-05-25 22:28:48,25.49212,-103.40419,13,04,1,
4796,01102,2022-05-25 22:29:16,25.49289,-103.40338,13,04,1,
4796,01102,2022-05-25 22:29:46,25.4936,-103.40253,10,04,1,
4796,01102,2022-05-25 22:30:17,25.49452,-103.40338,16,04,1,
4796,01102,2022-05-25 22:30:47,25.49524,-103.40425,15,04,1,
4796,01102,2022-05-25 22:31:14,25.49603,-103.40512,7,04,1,
4796,01102,2022-05-25 22:31:44,25.49623,-103.4053,11,04,1,
4796,01102,2022-05-25 22:32:14,25.49713,-103.40646,12,04,1,
4796,01102,2022-05-25 22:32:45,25.49653,-103.40847,9,04,1,
4796,01102,2022-05-25 22:33:15,25.4958,-103.40914,1,04,1,
4796,01102,2022-05-25 22:33:45,25.49647,-103.41029,16,04,1,
4796,01102,2022-05-25 22:34:11,25.49779,-103.40957,41,04,1,
4796,01102,2022-05-25 22:34:41,25.50072,-103.40709,47,04,1,
4796,01102,2022-05-25 22:35:11,25.50253,-103.40558,23,04,1,
4796,01102,2022-05-25 22:35:42,25.50394,-103.40434,26,04,1,
4796,01102,2022-05-25 22:36:12,25.5058,-103.40206,3,04,1,
4796,01102,2022-05-25 22:36:42,25.50651,-103.40122,34,04,1,
4796,01102,2022-05-25 22:37:13,25.50749,-103.40001,14,04,1,
4796,01102,2022-05-25 22:37:43,25.50859,-103.39881,0,04,1,
4796,01102,2022-05-25 22:38:13,25.51002,-103.39732,5,04,1,
4796,01102,2022-05-25 22:38:44,25.51124,-103.39604,37,04,1,
4796,01102,2022-05-25 22:39:09,25.51271,-103.39447,9,04,1,
4796,01102,2022-05-25 22:39:39,25.51271,-103.39447,0,04,1,
4796,01102,2022-05-25 22:40:10,25.51332,-103.39406,27,04,1,
4796,01102,2022-05-25 22:40:40,25.5145,-103.39404,0,04,1,
4796,01102,2022-05-25 22:41:11,25.51453,-103.39404,8,04,1,
4796,01102,2022-05-25 22:41:41,25.51662,-103.39402,26,04,1,
4796,01102,2022-05-25 22:42:11,25.51735,-103.394,0,04,1,
4796,01102,2022-05-25 22:42:42,25.51798,-103.39399,0,04,1,
4796,01102,2022-05-25 22:43:12,25.51967,-103.394,34,04,1,
4796,01102,2022-05-25 22:43:42,25.5218,-103.39398,19,04,1,
4796,01102,2022-05-25 22:44:08,25.52189,-103.39399,0,04,1,
4796,01102,2022-05-25 22:44:38,25.52234,-103.39398,0,04,1,
4796,01102,2022-05-25 22:45:09,25.52422,-103.39397,38,04,1,
4796,01102,2022-05-25 22:45:39,25.52688,-103.39394,6,04,1,
4796,01102,2022-05-25 22:46:10,25.52836,-103.39393,45,04,1,
4796,01102,2022-05-25 22:46:40,25.53158,-103.3939,10,04,1,
4796,01102,2022-05-25 22:47:10,25.5336,-103.39383,33,04,1,
4796,01102,2022-05-25 22:47:41,25.53434,-103.39382,0,04,1,
4796,01102,2022-05-25 22:48:11,25.53471,-103.39382,4,04,1,
4796,01102,2022-05-25 22:48:41,25.53493,-103.39382,1,04,1,
4796,01102,2022-05-25 22:49:07,25.53538,-103.39477,30,04,1,
4796,01102,2022-05-25 22:49:37,25.53539,-103.3961,21,04,1,
4796,01102,2022-05-25 22:50:07,25.53539,-103.39888,36,04,1,
4796,01102,2022-05-25 22:50:38,25.53539,-103.40252,41,04,1,
4796,01102,2022-05-25 22:51:08,25.5355,-103.40479,0,04,1,
4796,01102,2022-05-25 22:51:39,25.5355,-103.40479,0,04,1,
4796,01102,2022-05-25 22:52:09,25.53561,-103.40622,37,04,1,
4796,01102,2022-05-25 22:52:39,25.53561,-103.40792,18,04,1,
4796,01102,2022-05-25 22:53:10,25.53563,-103.41065,27,04,1,
4796,01102,2022-05-25 22:53:35,25.53564,-103.41271,32,04,1,
4796,01102,2022-05-25 22:54:06,25.53563,-103.41369,0,04,1,
4796,01102,2022-05-25 22:54:36,25.53562,-103.41366,0,04,1,
4796,01102,2022-05-25 22:55:06,25.53563,-103.41505,23,04,1,
4796,01102,2022-05-25 22:55:37,25.53566,-103.41753,28,04,1,
4796,01102,2022-05-25 22:56:07,25.53568,-103.41829,13,04,1,
4796,01102,2022-05-25 22:56:37,25.53569,-103.4203,24,04,1,
4796,01102,2022-05-25 22:57:08,25.5357,-103.42232,11,04,1,
4796,01102,2022-05-25 22:57:39,25.53569,-103.42235,0,04,1,
4796,01102,2022-05-25 22:58:04,25.53569,-103.42234,0,04,1,
4796,01102,2022-05-25 22:58:35,25.53569,-103.42346,34,04,1,
4796,01102,2022-05-25 22:59:05,25.53571,-103.42697,39,04,1,
4796,01102,2022-05-25 22:59:35,25.53573,-103.42845,4,04,1,
4796,01102,2022-05-25 23:00:06,25.53573,-103.43094,48,04,1,
4796,01102,2022-05-25 23:00:36,25.53577,-103.43393,0,04,1,
4796,01102,2022-05-25 23:01:07,25.53578,-103.4339,0,04,1,
4796,01102,2022-05-25 23:01:37,25.53579,-103.43547,24,04,1,
4796,01102,2022-05-25 23:02:07,25.53579,-103.43642,21,04,1,
4796,01102,2022-05-25 23:02:33,25.5358,-103.43747,4,04,1,
4796,01102,2022-05-25 23:03:03,25.53581,-103.4395,34,04,1,
4796,01102,2022-05-25 23:03:33,25.53584,-103.44206,13,04,1,
4796,01102,2022-05-25 23:04:04,25.53583,-103.44212,2,04,1,
4796,01102,2022-05-25 23:04:34,25.53584,-103.44456,38,04,1,
4796,01102,2022-05-25 23:05:05,25.53585,-103.44608,19,04,1,
4796,01102,2022-05-25 23:05:35,25.53586,-103.44779,17,04,1,
4796,01102,2022-05-25 23:06:06,25.53586,-103.44798,0,04,1,
4796,01102,2022-05-25 23:06:36,25.53582,-103.44924,27,04,1,
4796,01102,2022-05-25 23:07:06,25.53583,-103.45298,42,04,1,
4796,01102,2022-05-25 23:07:32,25.53588,-103.45605,32,04,1,
4796,01102,2022-05-25 23:08:02,25.53592,-103.4565,0,04,1,
4796,01102,2022-05-25 23:08:32,25.53592,-103.45852,34,04,1,
4796,01102,2022-05-25 23:09:03,25.53592,-103.45955,17,04,1,
4796,01102,2022-05-25 23:09:33,25.53576,-103.46139,16,04,1,
4796,01102,2022-05-25 23:10:04,25.5352,-103.46377,29,04,1,
4796,01102,2022-05-25 23:10:34,25.53541,-103.46516,3,04,1,
4796,01102,2022-05-25 23:11:05,25.53633,-103.46542,0,04,1,
4796,01102,2022-05-25 23:11:35,25.53634,-103.46541,0,04,1,
4796,01102,2022-05-25 23:12:00,25.53634,-103.46541,0,04,1,
4796,01102,2022-05-25 23:12:31,25.53705,-103.46561,19,04,1,
4796,01102,2022-05-25 23:13:01,25.5393,-103.46623,35,04,1,
4796,01102,2022-05-25 23:13:32,25.54121,-103.4668,16,04,1,
4796,01102,2022-05-25 23:14:02,25.54164,-103.46718,0,04,1,
4796,01102,2022-05-25 23:14:32,25.54163,-103.46717,0,04,1,
4796,01102,2022-05-25 23:15:03,25.54163,-103.46717,0,04,1,
4796,01102,2022-05-25 23:15:33,25.54156,-103.46754,21,04,1,
4796,01102,2022-05-25 23:16:04,25.54017,-103.46756,13,04,1,
4796,01102,2022-05-25 23:16:34,25.53967,-103.46741,26,04,1,
4796,01102,2022-05-25 23:16:59,25.53805,-103.46698,24,04,1,
4796,01102,2022-05-25 23:17:30,25.53654,-103.46656,23,04,1,
4796,01102,2022-05-25 23:18:00,25.53634,-103.4665,0,04,1,
4796,01102,2022-05-25 23:18:31,25.53634,-103.46649,0,04,1,
4796,01102,2022-05-25 23:19:01,25.53597,-103.46639,24,04,1,
4796,01102,2022-05-25 23:19:32,25.5352,-103.46611,0,04,1,
4796,01102,2022-05-25 23:20:02,25.53505,-103.46592,2,04,1,
4796,01102,2022-05-25 23:20:33,25.53503,-103.46397,56,04,1,
4796,01102,2022-05-25 23:20:58,25.53564,-103.46108,13,04,1,
4796,01102,2022-05-25 23:21:28,25.53578,-103.46009,27,04,1,
4796,01102,2022-05-25 23:21:58,25.53577,-103.45929,0,04,1,
4796,01102,2022-05-25 23:22:29,25.53574,-103.45782,11,04,1,
4796,01102,2022-05-25 23:23:00,25.53574,-103.45701,13,04,1,
4796,01102,2022-05-25 23:23:30,25.53573,-103.45509,36,04,1,
4796,01102,2022-05-25 23:24:00,25.53575,-103.45303,0,04,1,
4796,01102,2022-05-25 23:24:31,25.53576,-103.45094,58,04,1,
4796,01102,2022-05-25 23:25:01,25.53571,-103.44904,0,04,1,
4796,01102,2022-05-25 23:25:31,25.53569,-103.44905,0,04,1,
4796,01102,2022-05-25 23:25:57,25.53569,-103.44904,0,04,1,
4796,01102,2022-05-25 23:26:27,25.53568,-103.4477,28,04,1,
4796,01102,2022-05-25 23:26:58,25.53568,-103.44565,0,04,1,
4796,01102,2022-05-25 23:27:28,25.53569,-103.44449,38,04,1,
4796,01102,2022-05-25 23:27:58,25.53566,-103.4426,0,04,1,
4796,01102,2022-05-25 23:28:29,25.53566,-103.44247,13,04,1,
4796,01102,2022-05-25 23:28:59,25.53564,-103.43904,59,04,1,
4796,01102,2022-05-25 23:29:30,25.53561,-103.43652,0,04,1,
4796,01102,2022-05-25 23:30:00,25.53562,-103.43424,36,04,1,
4796,01102,2022-05-25 23:30:25,25.5356,-103.43328,29,04,1,
4796,01102,2022-05-25 23:30:56,25.53559,-103.43105,15,04,1,
4796,01102,2022-05-25 23:31:26,25.53562,-103.4293,30,04,1,
4796,01102,2022-05-25 23:31:56,25.53558,-103.42527,50,04,1,
4796,01102,2022-05-25 23:32:27,25.53555,-103.42282,0,04,1,
4796,01102,2022-05-25 23:32:57,25.53555,-103.42248,26,04,1,
4796,01102,2022-05-25 23:33:27,25.53555,-103.42169,26,04,1,
4796,01102,2022-05-25 23:33:58,25.53552,-103.41933,23,04,1,
4796,01102,2022-05-25 23:34:28,25.53553,-103.41883,0,04,1,
4796,01102,2022-05-25 23:34:59,25.53553,-103.41819,31,04,1,
4796,01102,2022-05-25 23:35:27,25.53551,-103.41655,41,04,1,
4796,01102,2022-05-25 23:35:54,25.5355,-103.41565,0,04,1,
4796,01102,2022-05-25 23:36:25,25.5355,-103.41566,0,04,1,
4796,01102,2022-05-25 23:36:55,25.53549,-103.41492,33,04,1,
4796,01102,2022-05-25 23:37:26,25.5355,-103.4112,24,04,1,
4796,01102,2022-05-25 23:37:56,25.53529,-103.40762,33,04,1,
4796,01102,2022-05-25 23:38:26,25.53531,-103.40721,3,04,1,
4796,01102,2022-05-25 23:38:57,25.53534,-103.40581,34,04,1,
4796,01102,2022-05-25 23:39:27,25.53517,-103.402,51,04,1,
4796,01102,2022-05-25 23:39:57,25.53513,-103.39759,50,04,1,
4796,01102,2022-05-25 23:40:23,25.53489,-103.39609,0,04,1,
4796,01102,2022-05-25 23:40:53,25.53489,-103.39612,0,04,1,
4796,01102,2022-05-25 23:41:24,25.53489,-103.39613,0,04,1,
4796,01102,2022-05-25 23:41:54,25.53478,-103.39613,4,04,1,
4796,01102,2022-05-25 23:42:25,25.53328,-103.39612,22,04,1,
4796,01102,2022-05-25 23:42:55,25.53106,-103.39614,30,04,1,
4796,01102,2022-05-25 23:43:26,25.52921,-103.39614,26,04,1,
4796,01102,2022-05-25 23:43:56,25.52735,-103.39616,4,04,1,
4796,01102,2022-05-25 23:44:26,25.52582,-103.39616,31,04,1,
4796,01102,2022-05-25 23:44:52,25.52435,-103.39618,0,04,1,
4796,01102,2022-05-25 23:45:22,25.52344,-103.39619,0,04,1,
4796,01102,2022-05-25 23:45:52,25.52286,-103.39619,0,04,1,
4796,01102,2022-05-25 23:46:23,25.52231,-103.39619,6,04,1,
4796,01102,2022-05-25 23:46:53,25.52139,-103.39619,23,04,1,
4796,01102,2022-05-25 23:47:24,25.52021,-103.39621,8,04,1,
4796,01102,2022-05-25 23:47:54,25.51832,-103.39616,25,04,1,
4796,01102,2022-05-25 23:48:24,25.51789,-103.39614,0,04,1,
4796,01102,2022-05-25 23:48:55,25.51786,-103.39614,6,04,1,
4796,01102,2022-05-25 23:49:20,25.51758,-103.3958,9,04,1,
4796,01102,2022-05-25 23:49:51,25.51759,-103.39431,0,04,1,
4796,01102,2022-05-25 23:50:21,25.5176,-103.39271,32,04,1,
4796,01102,2022-05-25 23:50:51,25.51757,-103.3901,0,04,1,
4796,01102,2022-05-25 23:51:22,25.51714,-103.39004,24,04,1,
4796,01102,2022-05-25 23:51:52,25.51536,-103.39195,40,04,1,
4796,01102,2022-05-25 23:52:22,25.51309,-103.39439,8,04,1,
4796,01102,2022-05-25 23:52:53,25.51259,-103.3948,16,04,1,
4796,01102,2022-05-25 23:53:23,25.51195,-103.39397,24,04,1,
4796,01102,2022-05-25 23:53:54,25.51103,-103.39251,2,04,1,
4796,01102,2022-05-25 23:54:19,25.51032,-103.39141,24,04,1,
4796,01102,2022-05-25 23:54:50,25.50976,-103.39054,16,04,1,
4796,01102,2022-05-25 23:55:20,25.50904,-103.38942,16,04,1,
4796,01102,2022-05-25 23:55:50,25.50871,-103.38887,17,04,1,
4796,01102,2022-05-25 23:56:21,25.50827,-103.38819,14,04,1,
4796,01102,2022-05-25 23:56:51,25.5076,-103.38714,24,04,1,
4796,01102,2022-05-25 23:57:21,25.50708,-103.38634,2,04,1,
4796,01102,2022-05-25 23:57:52,25.50666,-103.38567,0,04,1,
4796,01102,2022-05-25 23:58:22,25.50667,-103.38568,0,04,1,
4796,01102,2022-05-25 23:58:53,25.50724,-103.38456,26,04,1,
4796,01102,2022-05-25 23:59:18,25.50797,-103.38399,17,04,1,
4796,01102,2022-05-25 23:59:48,25.50927,-103.38284,0,04,1,
4796,01102,2022-05-26 00:00:19,25.50864,-103.38187,20,04,1,
4796,01102,2022-05-26 00:00:49,25.50801,-103.38092,20,04,1,
4796,01102,2022-05-26 00:01:20,25.50738,-103.37994,8,04,1,
4796,01102,2022-05-26 00:01:50,25.50602,-103.38092,15,04,1,
4796,01102,2022-05-26 00:02:20,25.50579,-103.38111,13,04,1,
4796,01102,2022-05-26 00:02:51,25.5047,-103.38197,19,04,1,
4796,01102,2022-05-26 00:03:21,25.50432,-103.38199,19,04,1,
4796,01102,2022-05-26 00:03:47,25.50385,-103.38071,5,04,1,
4796,01102,2022-05-26 00:04:17,25.50241,-103.38142,9,04,1,
4796,01102,2022-05-26 00:04:48,25.50188,-103.38185,24,04,1,
4796,01102,2022-05-26 00:05:18,25.50098,-103.3826,10,04,1,
4796,01102,2022-05-26 00:05:48,25.5016,-103.38356,15,04,1,
4796,01102,2022-05-26 00:06:19,25.50205,-103.38423,17,04,1,
4796,01102,2022-05-26 00:06:49,25.5027,-103.38528,25,04,1,
4796,01102,2022-05-26 00:07:20,25.50239,-103.38608,9,04,1,
4796,01102,2022-05-26 00:07:20,25.50239,-103.38608,9,00,1,
4796,01102,2022-05-26 00:07:50,25.50195,-103.38639,8,00,1,
4796,01102,2022-05-26 00:08:21,25.50135,-103.38688,7,00,1,
4796,01102,2022-05-26 00:08:51,25.50097,-103.38643,18,00,1,
4796,01102,2022-05-26 00:09:22,25.50037,-103.38537,3,00,1,
4796,01102,2022-05-26 00:09:52,25.49987,-103.38448,13,00,1,
4796,01102,2022-05-26 00:10:22,25.4992,-103.38389,3,00,1,
4796,01102,2022-05-26 00:10:53,25.49878,-103.38373,21,00,1,
4796,01102,2022-05-26 00:11:20,25.49749,-103.38145,37,00,1,
4796,01102,2022-05-26 00:11:49,25.49676,-103.3802,21,00,1,
4796,01102,2022-05-26 00:12:19,25.49653,-103.37994,3,00,1,
4796,01102,2022-05-26 00:12:50,25.49621,-103.38044,8,00,1,
4796,01102,2022-05-26 00:13:20,25.49599,-103.38044,0,00,1,
4796,01102,2022-05-26 00:13:50,25.49599,-103.38044,0,00,1,
4796,01102,2022-05-26 00:14:21,25.49598,-103.38044,0,00,1,
4796,01102,2022-05-26 00:14:52,25.49598,-103.38045,0,00,1,
4796,01102,2022-05-26 00:15:22,25.49598,-103.38045,0,00,1,
4796,01102,2022-05-26 00:15:47,25.49598,-103.38045,0,00,1,
4796,01103,2022-05-26 00:57:31,25.50171,-103.37881,1,04,1,
4796,01103,2022-05-26 00:57:57,25.49636,-103.37999,15,04,1,
4796,01103,2022-05-26 00:58:27,25.49633,-103.37961,0,04,1,
4796,01103,2022-05-26 00:58:57,25.49634,-103.37963,1,04,1,
4796,01103,2022-05-26 00:59:28,25.49679,-103.38,0,04,1,
4796,01103,2022-05-26 00:59:58,25.49722,-103.38073,33,04,1,
4796,01103,2022-05-26 01:00:29,25.49874,-103.38345,30,04,1,
4796,01103,2022-05-26 01:00:59,25.50003,-103.38575,44,04,1,
4796,01103,2022-05-26 01:01:25,25.50174,-103.38875,5,04,1,
4796,01103,2022-05-26 01:01:56,25.50277,-103.39081,39,04,1,
4796,01103,2022-05-26 01:02:26,25.50345,-103.39149,19,04,1,
4796,01103,2022-05-26 01:02:51,25.50423,-103.39086,5,04,1,
4796,01103,2022-05-26 01:03:22,25.5049,-103.39031,23,04,1,
4796,01103,2022-05-26 01:03:52,25.50515,-103.38911,35,04,1,
4796,01103,2022-05-26 01:04:22,25.50451,-103.38811,0,04,1,
4796,01103,2022-05-26 01:04:53,25.50396,-103.38732,11,04,1,
4796,01103,2022-05-26 01:05:23,25.50269,-103.38531,14,04,1,
4796,01103,2022-05-26 01:05:53,25.502,-103.38424,11,04,1,
4796,01103,2022-05-26 01:06:24,25.50097,-103.38264,0,04,1,
4796,01103,2022-05-26 01:06:54,25.50189,-103.38169,42,04,1,
4796,01103,2022-05-26 01:07:24,25.50369,-103.38042,21,04,1,
4796,01103,2022-05-26 01:07:50,25.5044,-103.3819,27,04,1,
4796,01103,2022-05-26 01:08:20,25.50588,-103.38101,11,04,1,
4796,01103,2022-05-26 01:08:50,25.50734,-103.37989,7,04,1,
4796,01103,2022-05-26 01:09:21,25.50815,-103.38113,24,04,1,
4796,01103,2022-05-26 01:09:51,25.50885,-103.38223,26,04,1,
4796,01103,2022-05-26 01:10:22,25.50941,-103.3831,0,04,1,
4796,01103,2022-05-26 01:10:52,25.50794,-103.3843,0,04,1,
4796,01103,2022-05-26 01:11:22,25.50671,-103.38524,0,04,1,
4796,01103,2022-05-26 01:11:53,25.5066,-103.38545,10,04,1,
4796,01103,2022-05-26 01:12:23,25.5083,-103.38811,46,04,1,
4796,01103,2022-05-26 01:12:53,25.50962,-103.39012,12,04,1,
4796,01103,2022-05-26 01:13:18,25.50998,-103.39065,6,04,1,
4796,01103,2022-05-26 01:13:49,25.51106,-103.39237,29,04,1,
4796,01103,2022-05-26 01:14:19,25.5125,-103.3946,0,04,1,
4796,01103,2022-05-26 01:14:49,25.51267,-103.39454,6,04,1,
4796,01103,2022-05-26 01:15:20,25.5133,-103.39404,4,04,1,
4796,01103,2022-05-26 01:15:50,25.51449,-103.39403,0,04,1,
4796,01103,2022-05-26 01:16:20,25.51576,-103.39403,39,04,1,
4796,01103,2022-05-26 01:16:51,25.51736,-103.39401,8,04,1,
4796,01103,2022-05-26 01:17:21,25.51748,-103.394,0,04,1,
4796,01103,2022-05-26 01:17:51,25.51798,-103.39402,24,04,1,
4796,01103,2022-05-26 01:18:17,25.5202,-103.39401,12,04,1,
4796,01103,2022-05-26 01:18:47,25.52235,-103.39398,0,04,1,
4796,01103,2022-05-26 01:19:17,25.52409,-103.39399,43,04,1,
4796,01103,2022-05-26 01:19:48,25.52725,-103.39395,44,04,1,
4796,01103,2022-05-26 01:20:18,25.53071,-103.39392,44,04,1,
4796,01103,2022-05-26 01:20:48,25.53294,-103.39388,42,04,1,
4796,01103,2022-05-26 01:21:19,25.53434,-103.39384,0,04,1,
4796,01103,2022-05-26 01:21:49,25.53464,-103.39384,0,04,1,
4796,01103,2022-05-26 01:22:19,25.53531,-103.39396,18,04,1,
4796,01103,2022-05-26 01:22:50,25.53535,-103.39563,21,04,1,
4796,01103,2022-05-26 01:23:20,25.53538,-103.39864,46,04,1,
4796,01103,2022-05-26 01:23:45,25.53538,-103.40174,43,04,1,
4796,01103,2022-05-26 01:24:16,25.53559,-103.40594,48,04,1,
4796,01103,2022-05-26 01:24:46,25.53558,-103.40999,46,04,1,
4796,01103,2022-05-26 01:25:17,25.53563,-103.41368,32,04,1,
4796,01103,2022-05-26 01:25:47,25.53565,-103.41399,0,04,1,
4796,01103,2022-05-26 01:26:17,25.53565,-103.41397,0,04,1,
4796,01103,2022-05-26 01:26:48,25.53565,-103.41545,24,04,1,
4796,01103,2022-05-26 01:27:18,25.53568,-103.41811,18,04,1,
4796,01103,2022-05-26 01:27:48,25.53565,-103.41859,24,04,1,
4796,01103,2022-05-26 01:28:19,25.53568,-103.42148,39,04,1,
4796,01103,2022-05-26 01:28:49,25.53569,-103.42237,0,04,1,
4796,01103,2022-05-26 01:29:14,25.5357,-103.42236,0,04,1,
4796,01103,2022-05-26 01:29:44,25.53568,-103.42414,49,04,1,
4796,01103,2022-05-26 01:30:15,25.53569,-103.42866,52,04,1,
4796,01103,2022-05-26 01:30:45,25.53575,-103.43189,38,04,1,
4796,01103,2022-05-26 01:31:15,25.53578,-103.4341,0,04,1,
4796,01103,2022-05-26 01:31:46,25.53578,-103.43407,0,04,1,
4796,01103,2022-05-26 01:32:16,25.53579,-103.43406,0,04,1,
4796,01103,2022-05-26 01:32:47,25.5358,-103.4359,35,04,1,
4796,01103,2022-05-26 01:33:17,25.5358,-103.43732,38,04,1,
4796,01103,2022-05-26 01:33:47,25.5358,-103.44122,36,04,1,
4796,01103,2022-05-26 01:34:13,25.53581,-103.44199,6,04,1,
4796,01103,2022-05-26 01:34:43,25.53582,-103.44454,45,04,1,
4796,01103,2022-05-26 01:35:13,25.53586,-103.44798,28,04,1,
4796,01103,2022-05-26 01:35:44,25.53585,-103.44825,0,04,1,
4796,01103,2022-05-26 01:36:14,25.53585,-103.44888,30,04,1,
4796,01103,2022-05-26 01:36:44,25.53585,-103.45244,41,04,1,
4796,01103,2022-05-26 01:37:15,25.53588,-103.45614,44,04,1,
4796,01103,2022-05-26 01:37:45,25.53591,-103.4568,0,04,1,
4796,01103,2022-05-26 01:38:15,25.53591,-103.45759,36,04,1,
4796,01103,2022-05-26 01:38:46,25.53593,-103.45998,0,04,1,
4796,01103,2022-05-26 01:39:11,25.53587,-103.46089,8,04,1,
4796,01103,2022-05-26 01:39:41,25.53542,-103.46273,33,04,1,
4796,01103,2022-05-26 01:40:12,25.53499,-103.46509,18,04,1,
4796,01103,2022-05-26 01:40:42,25.53663,-103.46549,20,04,1,
4796,01103,2022-05-26 01:41:12,25.53778,-103.46581,28,04,1,
4796,01103,2022-05-26 01:41:43,25.5399,-103.4664,0,04,1,
4796,01103,2022-05-26 01:42:13,25.53989,-103.4664,0,04,1,
4796,01103,2022-05-26 01:42:44,25.54014,-103.46647,22,04,1,
4796,01103,2022-05-26 01:43:14,25.54119,-103.46681,0,04,1,
4796,01103,2022-05-26 01:43:45,25.54149,-103.46777,25,04,1,
4796,01103,2022-05-26 01:44:10,25.54072,-103.46766,20,04,1,
4796,01103,2022-05-26 01:44:40,25.53904,-103.4672,22,04,1,
4796,01103,2022-05-26 01:45:11,25.53686,-103.46662,32,04,1,
4796,01103,2022-05-26 01:45:41,25.53509,-103.46599,19,04,1,
4796,01103,2022-05-26 01:46:11,25.53475,-103.46561,13,04,1,
4796,01103,2022-05-26 01:46:42,25.53491,-103.46399,8,04,1,
4796,01103,2022-05-26 01:47:12,25.53477,-103.46394,1,04,1,
4796,01103,2022-05-26 01:47:42,25.53475,-103.46394,0,04,1,
4796,01103,2022-05-26 01:48:13,25.53475,-103.46395,0,04,1,
4796,01103,2022-05-26 01:48:43,25.53469,-103.4639,2,04,1,
4796,01103,2022-05-26 01:49:13,25.53462,-103.46386,0,04,1,
4796,01103,2022-05-26 01:49:38,25.53455,-103.46389,0,04,1,
4796,01103,2022-05-26 01:50:09,25.53453,-103.4639,0,04,1,
4796,01103,2022-05-26 01:50:39,25.53452,-103.46389,0,04,1,
4796,01103,2022-05-26 01:51:10,25.53449,-103.46387,0,04,1,
4796,01103,2022-05-26 01:51:40,25.5345,-103.46387,0,04,1,
4796,01103,2022-05-26 01:52:10,25.53451,-103.46386,0,04,1,
4796,01103,2022-05-26 01:52:41,25.53455,-103.46387,0,04,1,
4796,01103,2022-05-26 01:53:11,25.53458,-103.46389,0,04,1,
4796,01103,2022-05-26 01:53:41,25.53455,-103.46387,0,04,1,
4796,01103,2022-05-26 01:54:12,25.53454,-103.46386,0,04,1,
4796,01103,2022-05-26 01:54:37,25.53453,-103.46386,0,04,1,
4796,01103,2022-05-26 01:55:07,25.53454,-103.46387,0,04,1,
4796,01103,2022-05-26 01:55:38,25.53457,-103.46389,0,04,1,
4796,01103,2022-05-26 01:56:08,25.53446,-103.46398,7,04,1,
4796,01103,2022-05-26 01:56:38,25.53491,-103.46397,9,04,1,
4796,01103,2022-05-26 01:57:09,25.53536,-103.46215,25,04,1,
4796,01103,2022-05-26 01:57:39,25.53567,-103.46083,9,04,1,
4796,01103,2022-05-26 01:58:09,25.53575,-103.45937,11,04,1,
4796,01103,2022-05-26 01:58:40,25.53574,-103.45918,6,04,1,
4796,01103,2022-05-26 01:59:10,25.53573,-103.45699,12,04,1,
4796,01103,2022-05-26 01:59:37,25.53575,-103.45406,45,04,1,
4796,01103,2022-05-26 02:00:06,25.53571,-103.45316,0,04,1,
4796,01103,2022-05-26 02:00:36,25.53576,-103.45127,38,04,1,
4796,01103,2022-05-26 02:01:06,25.53572,-103.44926,0,04,1,
4796,01103,2022-05-26 02:01:37,25.53566,-103.44925,0,04,1,
4796,01103,2022-05-26 02:02:07,25.53568,-103.44902,23,04,1,
4796,01103,2022-05-26 02:02:38,25.53567,-103.44604,20,04,1,
4796,01103,2022-05-26 02:03:08,25.53566,-103.44465,34,04,1,
4796,01103,2022-05-26 02:03:38,25.53565,-103.4426,0,04,1,
4796,01103,2022-05-26 02:04:08,25.53565,-103.44262,0,04,1,
4796,01103,2022-05-26 02:04:39,25.53564,-103.44235,18,04,1,
4796,01103,2022-05-26 02:05:04,25.53565,-103.43999,37,04,1,
4796,01103,2022-05-26 02:05:34,25.53563,-103.43814,38,04,1,
4796,01103,2022-05-26 02:06:05,25.53562,-103.43655,3,04,1,
4796,01103,2022-05-26 02:06:35,25.53561,-103.43601,4,04,1,
4796,01103,2022-05-26 02:07:06,25.53557,-103.434,11,04,1,
4796,01103,2022-05-26 02:07:36,25.53559,-103.43246,37,04,1,
4796,01103,2022-05-26 02:08:06,25.53558,-103.42947,1,04,1,
4796,01103,2022-05-26 02:08:37,25.5356,-103.42759,45,04,1,
4796,01103,2022-05-26 02:09:07,25.53555,-103.42398,4,04,1,
4796,01103,2022-05-26 02:09:37,25.53555,-103.42287,1,04,1,
4796,01103,2022-05-26 02:10:03,25.53555,-103.42284,7,04,1,
4796,01103,2022-05-26 02:10:33,25.53556,-103.42144,33,04,1,
4796,01103,2022-05-26 02:11:03,25.53552,-103.41918,22,04,1,
4796,01103,2022-05-26 02:11:34,25.53554,-103.41866,0,04,1,
4796,01103,2022-05-26 02:12:04,25.53554,-103.41833,24,04,1,
4796,01103,2022-05-26 02:12:34,25.53549,-103.41554,9,04,1,
4796,01103,2022-05-26 02:13:05,25.53547,-103.41265,42,04,1,
4796,01103,2022-05-26 02:13:35,25.53546,-103.41068,13,04,1,
4796,01103,2022-05-26 02:14:06,25.53529,-103.40755,33,04,1,
4796,01103,2022-05-26 02:14:36,25.53531,-103.40674,4,04,1,
4796,01103,2022-05-26 02:15:06,25.53533,-103.40635,0,04,1,
4796,01103,2022-05-26 02:15:32,25.53523,-103.40425,46,04,1,
4796,01103,2022-05-26 02:16:02,25.53514,-103.40038,52,04,1,
4796,01103,2022-05-26 02:16:32,25.5351,-103.39631,26,04,1,
4796,01103,2022-05-26 02:17:03,25.53478,-103.39611,0,04,1,
4796,01103,2022-05-26 02:17:33,25.53479,-103.39612,0,04,1,
4796,01103,2022-05-26 02:18:03,25.53416,-103.39612,27,04,1,
4796,01103,2022-05-26 02:18:34,25.53185,-103.3961,40,04,1,
4796,01103,2022-05-26 02:19:04,25.52943,-103.39611,32,04,1,
4796,01103,2022-05-26 02:19:34,25.52687,-103.39617,3,04,1,
4796,01103,2022-05-26 02:20:04,25.52443,-103.39616,42,04,1,
4796,01103,2022-05-26 02:20:30,25.52274,-103.39618,1,04,1,
4796,01103,2022-05-26 02:21:00,25.52209,-103.39618,0,04,1,
4796,01103,2022-05-26 02:21:31,25.5221,-103.39618,0,04,1,
4796,01103,2022-05-26 02:22:01,25.52076,-103.3962,27,04,1,
4796,01103,2022-05-26 02:22:31,25.5177,-103.39615,21,04,1,
4796,01103,2022-05-26 02:23:02,25.51755,-103.39511,32,04,1,
4796,01103,2022-05-26 02:23:32,25.51755,-103.39334,32,04,1,
4796,01103,2022-05-26 02:24:02,25.51754,-103.39116,44,04,1,
4796,01103,2022-05-26 02:24:33,25.51753,-103.39025,0,04,1,
4796,01103,2022-05-26 02:25:03,25.51753,-103.38982,6,04,1,
4796,01103,2022-05-26 02:25:33,25.51621,-103.391,42,04,1,
4796,01103,2022-05-26 02:25:59,25.51492,-103.3924,7,04,1,
4796,01103,2022-05-26 02:26:29,25.51319,-103.39421,29,04,1,
4796,01103,2022-05-26 02:26:59,25.51244,-103.395,32,04,1,
4796,01103,2022-05-26 02:27:30,25.50998,-103.39753,41,04,1,
4796,01103,2022-05-26 02:28:00,25.50812,-103.39955,5,04,1,
4796,01103,2022-05-26 02:28:31,25.50787,-103.39983,0,04,1,
4796,01103,2022-05-26 02:29:01,25.50745,-103.40031,29,04,1,
4796,01103,2022-05-26 02:29:31,25.506,-103.40208,0,04,1,
4796,01103,2022-05-26 02:30:02,25.50497,-103.40331,0,04,1,
4796,01103,2022-05-26 02:30:32,25.50329,-103.40511,43,04,1,
4796,01103,2022-05-26 02:30:57,25.50262,-103.40563,19,04,1,
4796,01103,2022-05-26 02:31:28,25.50207,-103.40603,4,04,1,
4796,01103,2022-05-26 02:31:58,25.50053,-103.40732,31,04,1,
4796,01103,2022-05-26 02:32:28,25.49782,-103.40967,42,04,1,
4796,01103,2022-05-26 02:32:59,25.49701,-103.41033,17,04,1,
4796,01103,2022-05-26 02:33:29,25.49649,-103.41071,12,04,1,
4796,01103,2022-05-26 02:33:59,25.49592,-103.40997,26,04,1,
4796,01103,2022-05-26 02:34:30,25.49616,-103.4087,27,04,1,
4796,01103,2022-05-26 02:34:45,25.49655,-103.40833,23,00,1,
4796,01103,2022-05-26 02:35:16,25.49706,-103.40647,16,00,1,
4796,01103,2022-05-26 02:35:46,25.49599,-103.40517,0,00,1,
4796,01103,2022-05-26 02:36:11,25.49506,-103.40415,19,00,1,
4796,01103,2022-05-26 02:36:41,25.49412,-103.40309,0,00,1,
4796,01103,2022-05-26 02:37:12,25.49364,-103.4026,3,00,1,
4796,01103,2022-05-26 02:37:42,25.49256,-103.40375,23,00,1,
4796,01103,2022-05-26 02:38:13,25.49194,-103.40447,10,00,1,
4796,01103,2022-05-26 02:38:43,25.49238,-103.40501,10,00,1,
4796,01103,2022-05-26 02:39:13,25.49284,-103.40522,8,00,1,
4796,01103,2022-05-26 02:39:43,25.4933,-103.40484,5,00,1,
4796,01103,2022-05-26 02:40:14,25.49332,-103.40453,0,00,1,
4796,01103,2022-05-26 02:40:44,25.49332,-103.40454,0,00,1,
4796,01103,2022-05-26 02:41:14,25.49333,-103.40455,0,00,1,
4796,01104,2022-05-26 03:05:38,25.49166,-103.40588,18,04,1,
4796,01104,2022-05-26 03:06:04,25.49172,-103.40451,12,04,1,
4796,01104,2022-05-26 03:06:31,25.49089,-103.40362,5,04,1,
4796,01104,2022-05-26 03:07:01,25.49015,-103.40422,14,04,1,
4796,01104,2022-05-26 03:07:31,25.48934,-103.40412,17,04,1,
4796,01104,2022-05-26 03:08:02,25.48878,-103.40404,6,04,1,
4796,01104,2022-05-26 03:08:32,25.48852,-103.40428,16,04,1,
4796,01104,2022-05-26 03:09:02,25.48804,-103.40477,0,04,1,
4796,01104,2022-05-26 03:09:33,25.48799,-103.40474,0,04,1,
4796,01104,2022-05-26 03:10:03,25.48799,-103.40474,0,04,1,
4796,01104,2022-05-26 03:10:33,25.48793,-103.40468,5,04,1,
4796,01104,2022-05-26 03:10:59,25.48756,-103.40417,10,04,1,
4796,01104,2022-05-26 03:11:29,25.487,-103.40474,19,04,1,
4796,01104,2022-05-26 03:11:59,25.48712,-103.40516,6,04,1,
4796,01104,2022-05-26 03:12:30,25.48754,-103.40566,5,04,1,
4796,01104,2022-05-26 03:13:00,25.48769,-103.40589,4,04,1,
4796,01104,2022-05-26 03:13:30,25.48764,-103.40586,0,04,1,
4796,01104,2022-05-26 03:14:01,25.48763,-103.40587,0,04,1,
