Code vehicule,Code chauffeur,Date (GMT),Latitude,Longitude,Vitesse,I/O,Valide
6183,01095,2022-05-25 11:11:01,0,0,0,04,0,
6183,01095,2022-05-25 11:11:06,25.57666,-103.42199,0,04,1,
6183,01095,2022-05-25 11:11:31,25.57667,-103.42198,0,04,1,
6183,01095,2022-05-25 11:12:02,25.57667,-103.42198,0,04,1,
6183,01095,2022-05-25 11:12:32,25.57667,-103.42199,0,04,1,
6183,01095,2022-05-25 11:13:02,25.57666,-103.42199,0,04,1,
6183,01095,2022-05-25 11:13:33,25.57666,-103.42199,0,04,1,
6183,01095,2022-05-25 11:14:03,25.57665,-103.42199,0,04,1,
6183,01095,2022-05-25 11:14:33,25.57664,-103.42199,0,04,1,
6183,01095,2022-05-25 11:15:04,25.57664,-103.42198,0,04,1,
6183,01095,2022-05-25 11:15:34,25.57664,-103.42198,0,04,1,
6183,01095,2022-05-25 11:16:04,25.57665,-103.42198,0,04,1,
6183,01095,2022-05-25 11:16:30,25.57665,-103.42198,0,04,1,
6183,01095,2022-05-25 11:16:56,25.57666,-103.42198,0,04,1,
6183,01095,2022-05-25 11:17:26,25.57666,-103.42198,0,04,1,
6183,01095,2022-05-25 11:17:56,25.57666,-103.42198,0,04,1,
6183,01095,2022-05-25 11:18:27,25.57666,-103.42198,0,04,1,
6183,01095,2022-05-25 11:18:57,25.57665,-103.42198,0,04,1,
6183,01095,2022-05-25 11:19:28,25.57666,-103.42198,0,04,1,
6183,01095,2022-05-25 11:19:58,25.57666,-103.42198,0,04,1,
6183,01095,2022-05-25 11:20:28,25.57667,-103.42198,0,04,1,
6183,01095,2022-05-25 11:20:59,25.57668,-103.42199,0,04,1,
6183,01095,2022-05-25 11:21:29,25.57668,-103.42199,0,04,1,
6183,01095,2022-05-25 11:21:54,25.57668,-103.422,0,04,1,
6183,01095,2022-05-25 11:22:25,25.57665,-103.42202,4,04,1,
6183,01095,2022-05-25 11:22:55,25.57692,-103.42188,5,04,1,
6183,01095,2022-05-25 11:23:25,25.57755,-103.42206,11,04,1,
6183,01095,2022-05-25 11:23:56,25.57798,-103.42163,8,04,1,
6183,01095,2022-05-25 11:24:26,25.57861,-103.42213,17,04,1,
6183,01095,2022-05-25 11:24:56,25.57977,-103.42242,15,04,1,
6183,01095,2022-05-25 11:25:27,25.58129,-103.42265,20,04,1,
6183,01095,2022-05-25 11:25:57,25.58185,-103.4201,36,04,1,
6183,01095,2022-05-25 11:26:27,25.58275,-103.41679,49,04,1,
6183,01095,2022-05-25 11:26:58,25.58251,-103.41569,26,04,1,
6183,01095,2022-05-25 11:27:23,25.58419,-103.41405,45,04,1,
6183,01095,2022-05-25 11:27:53,25.58541,-103.41085,29,04,1,
6183,01095,2022-05-25 11:28:24,25.58541,-103.41028,0,04,1,
6183,01095,2022-05-25 11:28:54,25.5854,-103.41029,0,04,1,
6183,01095,2022-05-25 11:29:24,25.58541,-103.40997,18,04,1,
6183,01095,2022-05-25 11:29:55,25.58585,-103.41152,33,04,1,
6183,01095,2022-05-25 11:30:25,25.58672,-103.41216,11,04,1,
6183,01095,2022-05-25 11:30:55,25.58775,-103.41154,26,04,1,
6183,01095,2022-05-25 11:31:26,25.58793,-103.41122,12,04,1,
6183,01095,2022-05-25 11:31:56,25.58732,-103.41227,20,04,1,
6183,01095,2022-05-25 11:32:26,25.5861,-103.41208,15,04,1,
6183,01095,2022-05-25 11:32:52,25.58527,-103.41299,33,04,1,
6183,01095,2022-05-25 11:33:22,25.58406,-103.41533,11,04,1,
6183,01095,2022-05-25 11:33:52,25.584,-103.41543,0,04,1,
6183,01095,2022-05-25 11:34:23,25.584,-103.41544,3,04,1,
6183,01095,2022-05-25 11:34:53,25.58301,-103.41737,34,04,1,
6183,01095,2022-05-25 11:35:24,25.58281,-103.41901,15,04,1,
6183,01095,2022-05-25 11:35:54,25.58344,-103.4195,5,04,1,
6183,01095,2022-05-25 11:36:24,25.58392,-103.4195,8,04,1,
6183,01095,2022-05-25 11:36:54,25.58395,-103.41933,1,04,1,
6183,01095,2022-05-25 11:37:25,25.58392,-103.41938,0,04,1,
6183,01095,2022-05-25 11:37:50,25.58392,-103.41938,0,04,1,
6183,01095,2022-05-25 11:38:20,25.58392,-103.41938,0,04,1,
6183,01095,2022-05-25 11:38:51,25.58392,-103.41938,0,04,1,
6183,01095,2022-05-25 11:39:21,25.58392,-103.41938,0,04,1,
6183,01095,2022-05-25 11:39:51,25.58391,-103.41938,0,04,1,
6183,01095,2022-05-25 11:40:22,25.5839,-103.41938,0,04,1,
6183,01095,2022-05-25 11:40:52,25.5839,-103.41938,0,04,1,
6183,01095,2022-05-25 11:41:22,25.58391,-103.41939,0,04,1,
6183,01095,2022-05-25 11:41:53,25.58392,-103.41939,0,04,1,
6183,01095,2022-05-25 11:46:22,25.58393,-103.41941,0,04,1,
6183,01095,2022-05-25 11:46:47,25.58405,-103.41918,8,04,1,
6183,01095,2022-05-25 11:47:18,25.58418,-103.4189,0,04,1,
6183,01095,2022-05-25 11:47:49,25.58417,-103.4189,0,04,1,
6183,01095,2022-05-25 11:48:19,25.58418,-103.4189,0,04,1,
6183,01095,2022-05-25 11:48:49,25.58417,-103.41891,0,04,1,
6183,01095,2022-05-25 11:49:20,25.58417,-103.41891,0,04,1,
6183,01095,2022-05-25 11:49:50,25.58417,-103.41891,0,04,1,
6183,01095,2022-05-25 11:50:20,25.58433,-103.41863,8,04,1,
6183,01095,2022-05-25 11:50:51,25.58468,-103.41792,0,04,1,
6183,01095,2022-05-25 11:51:16,25.58526,-103.41675,15,04,1,
6183,01095,2022-05-25 11:51:46,25.58562,-103.41601,28,04,1,
6183,01095,2022-05-25 11:52:17,25.58406,-103.41561,27,04,1,
6183,01095,2022-05-25 11:52:47,25.58252,-103.41587,2,04,1,
6183,01095,2022-05-25 11:53:18,25.58036,-103.41617,43,04,1,
6183,01095,2022-05-25 11:53:44,25.57759,-103.41773,45,04,1,
6183,01095,2022-05-25 11:54:14,25.5757,-103.41987,0,04,1,
6183,01095,2022-05-25 11:54:45,25.5751,-103.42026,32,04,1,
6183,01095,2022-05-25 11:55:15,25.57407,-103.42195,39,04,1,
6183,01095,2022-05-25 11:55:45,25.57328,-103.42541,41,04,1,
6183,01095,2022-05-25 11:56:11,25.57424,-103.42882,25,04,1,
6183,01095,2022-05-25 11:56:41,25.5749,-103.43153,50,04,1,
6183,01095,2022-05-25 11:57:11,25.57562,-103.43456,50,04,1,
6183,01095,2022-05-25 11:57:41,25.57511,-103.4359,39,04,1,
6183,01095,2022-05-25 11:58:12,25.57346,-103.43709,26,04,1,
6183,01095,2022-05-25 11:58:42,25.57141,-103.43854,35,04,1,
6183,01095,2022-05-25 11:59:13,25.57002,-103.43953,0,04,1,
6183,01095,2022-05-25 11:59:43,25.56938,-103.43904,28,04,1,
6183,01095,2022-05-25 12:00:13,25.5693,-103.4374,19,04,1,
6183,01095,2022-05-25 12:00:44,25.56879,-103.43491,31,04,1,
6183,01095,2022-05-25 12:01:14,25.56835,-103.43385,0,04,1,
6183,01095,2022-05-25 12:01:39,25.56784,-103.43436,27,04,1,
6183,01095,2022-05-25 12:02:09,25.56598,-103.43637,35,04,1,
6183,01095,2022-05-25 12:02:40,25.56557,-103.43683,0,04,1,
6183,01095,2022-05-25 12:03:10,25.56635,-103.43827,13,04,1,
6183,01095,2022-05-25 12:03:40,25.56688,-103.4392,21,04,1,
6183,01095,2022-05-25 12:04:11,25.56778,-103.44073,25,04,1,
6183,01095,2022-05-25 12:04:41,25.56814,-103.44177,20,04,1,
6183,01095,2022-05-25 12:05:11,25.56832,-103.44318,2,04,1,
6183,01095,2022-05-25 12:05:42,25.56822,-103.44323,0,04,1,
6183,01095,2022-05-25 12:06:12,25.56822,-103.44322,0,04,1,
6183,01095,2022-05-25 12:06:42,25.56821,-103.44322,5,04,1,
6183,01095,2022-05-25 12:07:08,25.56762,-103.44361,10,04,1,
6183,01095,2022-05-25 12:07:38,25.56649,-103.44436,16,04,1,
6183,01095,2022-05-25 12:08:08,25.56529,-103.44511,6,04,1,
6183,01095,2022-05-25 12:08:39,25.56461,-103.4442,23,04,1,
6183,01095,2022-05-25 12:09:09,25.56379,-103.44259,16,04,1,
6183,01095,2022-05-25 12:09:40,25.56321,-103.44367,27,04,1,
6183,01095,2022-05-25 12:10:10,25.56188,-103.44539,28,04,1,
6183,01095,2022-05-25 12:10:40,25.56078,-103.44637,23,04,1,
6183,01095,2022-05-25 12:11:10,25.55875,-103.44779,36,04,1,
6183,01095,2022-05-25 12:11:41,25.55685,-103.44838,0,04,1,
6183,01095,2022-05-25 12:12:06,25.55688,-103.44844,10,04,1,
6183,01095,2022-05-25 12:12:36,25.55743,-103.45046,8,04,1,
6183,01095,2022-05-25 12:13:07,25.55673,-103.45118,22,04,1,
6183,01095,2022-05-25 12:13:37,25.55581,-103.45192,31,04,1,
6183,01095,2022-05-25 12:14:07,25.55398,-103.45324,1,04,1,
6183,01095,2022-05-25 12:14:38,25.55324,-103.45212,12,04,1,
6183,01095,2022-05-25 12:15:08,25.55236,-103.45083,26,04,1,
6183,01095,2022-05-25 12:15:38,25.55117,-103.45077,27,04,1,
6183,01095,2022-05-25 12:16:09,25.5494,-103.45229,0,04,1,
6183,01095,2022-05-25 12:16:39,25.54804,-103.4534,27,04,1,
6183,01095,2022-05-25 12:17:09,25.54646,-103.45469,27,04,1,
6183,01095,2022-05-25 12:17:35,25.54508,-103.45479,0,04,1,
6183,01095,2022-05-25 12:18:05,25.5451,-103.45477,0,04,1,
6183,01095,2022-05-25 12:18:35,25.54493,-103.45477,18,04,1,
6183,01095,2022-05-25 12:19:06,25.54279,-103.45478,27,04,1,
6183,01095,2022-05-25 12:19:36,25.54233,-103.4548,0,04,1,
6183,01095,2022-05-25 12:20:06,25.54234,-103.4548,0,04,1,
6183,01095,2022-05-25 12:20:37,25.54153,-103.4548,26,04,1,
6183,01095,2022-05-25 12:21:07,25.54039,-103.45481,19,04,1,
6183,01095,2022-05-25 12:21:37,25.53919,-103.45482,15,04,1,
6183,01095,2022-05-25 12:22:08,25.53861,-103.45483,0,04,1,
6183,01095,2022-05-25 12:22:38,25.53834,-103.45485,17,04,1,
6183,01095,2022-05-25 12:23:03,25.53753,-103.45486,0,04,1,
6183,01095,2022-05-25 12:23:34,25.53753,-103.45485,0,04,1,
6183,01095,2022-05-25 12:24:04,25.53754,-103.45486,0,04,1,
6183,01095,2022-05-25 12:24:34,25.53754,-103.45487,0,04,1,
6183,01095,2022-05-25 12:25:05,25.53747,-103.45576,25,04,1,
6183,01095,2022-05-25 12:25:35,25.53748,-103.45781,13,04,1,
6183,01095,2022-05-25 12:26:05,25.53748,-103.45788,0,04,1,
6183,01095,2022-05-25 12:26:36,25.5375,-103.45935,25,04,1,
6183,01095,2022-05-25 12:27:06,25.53734,-103.46133,17,04,1,
6183,01095,2022-05-25 12:27:36,25.53716,-103.46226,0,04,1,
6183,01095,2022-05-25 12:28:06,25.53714,-103.46234,9,04,1,
6183,01095,2022-05-25 12:28:32,25.53679,-103.46391,27,04,1,
6183,01095,2022-05-25 12:29:02,25.53652,-103.46525,0,04,1,
6183,01095,2022-05-25 12:29:33,25.53652,-103.46524,0,04,1,
6183,01095,2022-05-25 12:30:03,25.53653,-103.46523,0,04,1,
6183,01095,2022-05-25 12:30:34,25.53653,-103.46522,0,04,1,
6183,01095,2022-05-25 12:31:04,25.53652,-103.46522,0,04,1,
6183,01095,2022-05-25 12:31:34,25.53649,-103.46535,0,04,1,
6183,01095,2022-05-25 12:32:05,25.53648,-103.46535,0,04,1,
6183,01095,2022-05-25 12:32:35,25.53649,-103.46536,0,04,1,
6183,01095,2022-05-25 12:33:05,25.53648,-103.46543,8,04,1,
6183,01095,2022-05-25 12:33:31,25.53711,-103.46564,0,04,1,
6183,01095,2022-05-25 12:34:01,25.53712,-103.4656,0,04,1,
6183,01095,2022-05-25 12:34:31,25.53759,-103.46576,26,04,1,
6183,01095,2022-05-25 12:35:02,25.53875,-103.46605,19,04,1,
6183,01095,2022-05-25 12:35:32,25.54,-103.46642,0,04,1,
6183,01095,2022-05-25 12:36:02,25.53999,-103.46641,0,04,1,
6183,01095,2022-05-25 12:36:33,25.53999,-103.4664,0,04,1,
6183,01095,2022-05-25 12:37:03,25.54039,-103.46527,27,04,1,
6183,01095,2022-05-25 12:37:34,25.54095,-103.4628,31,04,1,
6183,01095,2022-05-25 12:37:59,25.54114,-103.4614,9,04,1,
6183,01095,2022-05-25 12:38:29,25.54129,-103.4595,30,04,1,
6183,01095,2022-05-25 12:39:00,25.54127,-103.45673,32,04,1,
6183,01095,2022-05-25 12:39:30,25.54126,-103.45464,20,04,1,
6183,01095,2022-05-25 12:40:00,25.54127,-103.45379,8,04,1,
6183,01095,2022-05-25 12:40:31,25.54242,-103.45372,18,04,1,
6183,01095,2022-05-25 12:41:01,25.54512,-103.45371,30,04,1,
6183,01095,2022-05-25 12:41:32,25.54569,-103.45367,19,04,1,
6183,01095,2022-05-25 12:42:02,25.54657,-103.45261,0,04,1,
6183,01095,2022-05-25 12:42:32,25.54664,-103.4525,9,04,1,
6183,01095,2022-05-25 12:43:02,25.54808,-103.45074,38,04,1,
6183,01095,2022-05-25 12:43:28,25.54924,-103.44967,18,04,1,
6183,01095,2022-05-25 12:43:58,25.55042,-103.44871,0,04,1,
6183,01095,2022-05-25 12:44:28,25.55041,-103.44872,0,04,1,
6183,01095,2022-05-25 12:44:59,25.55041,-103.44872,1,04,1,
6183,01095,2022-05-25 12:45:29,25.55228,-103.44745,48,04,1,
6183,01095,2022-05-25 12:46:00,25.55678,-103.44807,39,04,1,
6183,01095,2022-05-25 12:46:30,25.55852,-103.44768,39,04,1,
6183,01095,2022-05-25 12:47:00,25.56121,-103.44591,41,04,1,
6183,01095,2022-05-25 12:47:30,25.56278,-103.44431,28,04,1,
6183,01095,2022-05-25 12:48:01,25.5633,-103.4429,0,04,1,
6183,01095,2022-05-25 12:48:26,25.56368,-103.44221,21,04,1,
6183,01095,2022-05-25 12:48:57,25.56432,-103.44329,0,04,1,
6183,01095,2022-05-25 12:49:27,25.56431,-103.44328,0,04,1,
6183,01095,2022-05-25 12:49:57,25.56431,-103.44328,0,04,1,
6183,01095,2022-05-25 12:50:28,25.56439,-103.44345,17,04,1,
6183,01095,2022-05-25 12:50:58,25.5654,-103.44497,12,04,1,
6183,01095,2022-05-25 12:51:28,25.56648,-103.44431,23,04,1,
6183,01095,2022-05-25 12:51:59,25.56817,-103.44309,0,04,1,
6183,01095,2022-05-25 12:52:29,25.56816,-103.4431,0,04,1,
6183,01095,2022-05-25 12:53:00,25.56815,-103.4431,0,04,1,
6183,01095,2022-05-25 12:53:25,25.56815,-103.4431,0,04,1,
6183,01095,2022-05-25 12:53:55,25.56815,-103.44309,0,04,1,
6183,01095,2022-05-25 12:54:25,25.56818,-103.44271,1,04,1,
6183,01095,2022-05-25 12:54:56,25.56835,-103.44205,0,04,1,
6183,01095,2022-05-25 12:55:26,25.5692,-103.44148,22,04,1,
6183,01095,2022-05-25 12:55:57,25.57079,-103.44042,22,04,1,
6183,01095,2022-05-25 12:56:27,25.57148,-103.44034,0,04,1,
6183,01095,2022-05-25 12:56:57,25.57241,-103.44061,9,04,1,
6183,01095,2022-05-25 12:57:28,25.57244,-103.43923,32,04,1,
6183,01095,2022-05-25 12:57:58,25.57223,-103.43806,12,04,1,
6183,01095,2022-05-25 12:58:23,25.57209,-103.43694,26,04,1,
6183,01095,2022-05-25 12:58:54,25.57199,-103.43525,6,04,1,
6183,01095,2022-05-25 12:59:24,25.57193,-103.43434,15,04,1,
6183,01095,2022-05-25 12:59:54,25.5719,-103.43385,0,04,1,
6183,01095,2022-05-25 13:00:25,25.57191,-103.43385,0,04,1,
6183,01095,2022-05-25 13:00:55,25.57154,-103.43214,42,04,1,
6183,01095,2022-05-25 13:01:25,25.57032,-103.42977,20,04,1,
6183,01095,2022-05-25 13:01:56,25.57005,-103.42932,0,04,1,
6183,01095,2022-05-25 13:02:26,25.57,-103.42879,29,04,1,
6183,01095,2022-05-25 13:02:56,25.57043,-103.42774,0,04,1,
6183,01095,2022-05-25 13:03:27,25.5717,-103.42582,53,04,1,
6183,01095,2022-05-25 13:03:52,25.57328,-103.42218,53,04,1,
6183,01095,2022-05-25 13:04:22,25.57356,-103.42041,0,04,1,
6183,01095,2022-05-25 13:04:53,25.57163,-103.42031,8,04,1,
6183,01095,2022-05-25 13:05:23,25.57162,-103.42032,0,04,1,
6183,01095,2022-05-25 13:05:54,25.5716,-103.42033,0,04,1,
6183,01095,2022-05-25 13:06:24,25.57153,-103.4198,1,04,1,
6183,01095,2022-05-25 13:06:54,25.57295,-103.41793,44,04,1,
6183,01095,2022-05-25 13:07:25,25.57463,-103.41523,0,04,1,
6183,01095,2022-05-25 13:07:55,25.57545,-103.41326,44,04,1,
6183,01095,2022-05-25 13:08:25,25.57693,-103.40934,53,04,1,
6183,01095,2022-05-25 13:08:51,25.57742,-103.40807,21,04,1,
6183,01095,2022-05-25 13:09:21,25.57806,-103.40638,29,04,1,
6183,01095,2022-05-25 13:09:51,25.57905,-103.40375,11,04,1,
6183,01095,2022-05-25 13:10:22,25.57961,-103.40238,23,04,1,
6183,01095,2022-05-25 13:10:52,25.58023,-103.3989,54,04,1,
6183,01095,2022-05-25 13:11:23,25.57792,-103.39394,67,04,1,
6183,01095,2022-05-25 13:11:53,25.57681,-103.39159,8,04,1,
6183,01095,2022-05-25 13:12:23,25.57833,-103.39395,52,04,1,
6183,01095,2022-05-25 13:12:54,25.5806,-103.39857,60,04,1,
6183,01095,2022-05-25 13:13:24,25.58199,-103.39867,33,04,1,
6183,01095,2022-05-25 13:13:49,25.58353,-103.39735,19,04,1,
6183,01095,2022-05-25 13:14:20,25.58613,-103.3954,25,04,1,
6183,01095,2022-05-25 13:14:50,25.58753,-103.39667,43,04,1,
6183,01095,2022-05-25 13:15:20,25.58968,-103.39857,30,04,1,
6183,01095,2022-05-25 13:15:51,25.59067,-103.39943,4,04,1,
6183,01095,2022-05-25 13:16:21,25.59151,-103.40017,41,04,1,
6183,01095,2022-05-25 13:16:52,25.59405,-103.40124,13,04,1,
6183,01095,2022-05-25 13:17:22,25.59522,-103.40001,22,04,1,
6183,01095,2022-05-25 13:17:52,25.59567,-103.39866,0,04,1,
6183,01095,2022-05-25 13:18:23,25.59553,-103.39842,10,04,1,
6183,01095,2022-05-25 13:18:48,25.59504,-103.39747,21,04,1,
6183,01095,2022-05-25 13:19:19,25.5945,-103.39647,12,04,1,
6183,01095,2022-05-25 13:19:49,25.59358,-103.39477,12,04,1,
6183,01095,2022-05-25 13:20:19,25.593,-103.39369,32,04,1,
6183,01095,2022-05-25 13:20:50,25.59214,-103.39211,25,04,1,
6183,01095,2022-05-25 13:21:20,25.59116,-103.39029,36,04,1,
6183,01095,2022-05-25 13:21:51,25.59,-103.38815,26,04,1,
6183,01095,2022-05-25 13:22:21,25.58907,-103.38643,28,04,1,
6183,01095,2022-05-25 13:22:51,25.58888,-103.38586,0,04,1,
6183,01095,2022-05-25 13:23:17,25.5894,-103.38554,0,04,1,
6183,01095,2022-05-25 13:23:47,25.59017,-103.38519,27,04,1,
6183,01095,2022-05-25 13:24:17,25.59154,-103.38455,1,04,1,
6183,01095,2022-05-25 13:24:48,25.59343,-103.3837,40,04,1,
6183,01095,2022-05-25 13:25:18,25.59522,-103.38286,28,04,1,
6183,01095,2022-05-25 13:25:49,25.59645,-103.38231,29,04,1,
6183,01095,2022-05-25 13:26:19,25.59783,-103.38136,0,04,1,
6183,01095,2022-05-25 13:26:50,25.59792,-103.37991,42,04,1,
6183,01095,2022-05-25 13:27:20,25.59819,-103.37627,12,04,1,
6183,01095,2022-05-25 13:27:50,25.59946,-103.37549,36,04,1,
6183,01095,2022-05-25 13:28:15,25.6015,-103.37419,34,04,1,
6183,01095,2022-05-25 13:28:46,25.6032,-103.37328,18,04,1,
6183,01095,2022-05-25 13:29:16,25.6047,-103.37234,31,04,1,
6183,01095,2022-05-25 13:29:46,25.60486,-103.37045,14,04,1,
6183,01095,2022-05-25 13:30:17,25.60451,-103.36954,16,04,1,
6183,01095,2022-05-25 13:30:47,25.60399,-103.36834,20,04,1,
6183,01095,2022-05-25 13:31:18,25.60309,-103.36744,23,04,1,
6183,01095,2022-05-25 13:31:48,25.60084,-103.36862,38,04,1,
6183,01095,2022-05-25 13:32:19,25.59837,-103.36835,25,04,1,
6183,01095,2022-05-25 13:32:46,25.59851,-103.36545,45,04,1,
6183,01095,2022-05-25 13:33:14,25.59865,-103.36194,39,04,1,
6183,01095,2022-05-25 13:33:45,25.59785,-103.3611,30,04,1,
6183,01095,2022-05-25 13:34:15,25.59548,-103.3612,27,04,1,
6183,01095,2022-05-25 13:34:45,25.59343,-103.36136,24,04,1,
6183,01095,2022-05-25 13:35:16,25.59081,-103.36152,38,04,1,
6183,01095,2022-05-25 13:35:46,25.58966,-103.35984,31,04,1,
6183,01095,2022-05-25 13:36:16,25.58886,-103.35822,27,04,1,
6183,01095,2022-05-25 13:36:47,25.58791,-103.35689,18,04,1,
6183,01095,2022-05-25 13:37:02,25.58698,-103.35694,23,00,1,
6183,01095,2022-05-25 13:37:32,25.58635,-103.3566,23,00,1,
6183,01095,2022-05-25 13:38:03,25.5867,-103.35511,18,00,1,
6183,01095,2022-05-25 13:38:28,25.58788,-103.35505,11,00,1,
6183,01095,2022-05-25 13:38:59,25.58866,-103.35429,17,00,1,
6183,01095,2022-05-25 13:39:29,25.58858,-103.35375,0,00,1,
6183,01095,2022-05-25 13:39:59,25.58858,-103.35376,0,00,1,
6183,01095,2022-05-25 13:40:30,25.58858,-103.35376,0,00,1,
6183,01095,2022-05-25 13:41:00,25.58858,-103.35376,0,00,1,
6183,01095,2022-05-25 13:41:30,25.58859,-103.35376,0,00,1,
6183,01095,2022-05-25 13:42:01,25.58859,-103.35376,0,00,1,
6183,01095,2022-05-25 13:42:31,25.5886,-103.35375,0,00,1,
6183,01095,2022-05-25 13:43:01,25.5886,-103.35375,0,00,1,
6183,01095,2022-05-25 13:43:27,25.5886,-103.35375,0,00,1,
6183,01095,2022-05-25 13:43:57,25.5886,-103.35375,0,00,1,
6183,01095,2022-05-25 13:44:28,25.58859,-103.35375,0,00,1,
6183,01096,2022-05-25 14:05:23,25.58857,-103.35377,0,04,1,
6183,01096,2022-05-25 14:05:48,25.58857,-103.35376,0,04,1,
6183,01096,2022-05-25 14:06:19,25.58857,-103.35376,0,04,1,
6183,01096,2022-05-25 14:06:49,25.58857,-103.35376,0,04,1,
6183,01096,2022-05-25 14:07:19,25.58857,-103.35374,3,04,1,
6183,01096,2022-05-25 14:07:50,25.58904,-103.3548,23,04,1,
6183,01096,2022-05-25 14:08:20,25.58823,-103.35507,25,04,1,
6183,01096,2022-05-25 14:08:50,25.58689,-103.35515,27,04,1,
6183,01096,2022-05-25 14:09:21,25.58633,-103.35617,39,04,1,
6183,01096,2022-05-25 14:09:51,25.5864,-103.35696,2,04,1,
6183,01096,2022-05-25 14:10:21,25.58772,-103.35692,28,04,1,
6183,01096,2022-05-25 14:10:47,25.58819,-103.35823,4,04,1,
6183,01096,2022-05-25 14:11:13,25.58876,-103.35823,23,04,1,
6183,01096,2022-05-25 14:11:44,25.58968,-103.35941,42,04,1,
6183,01096,2022-05-25 14:12:14,25.58977,-103.36131,0,04,1,
6183,01096,2022-05-25 14:12:44,25.59077,-103.3614,23,04,1,
6183,01096,2022-05-25 14:13:15,25.59191,-103.36134,2,04,1,
6183,01096,2022-05-25 14:13:45,25.59382,-103.36132,23,04,1,
6183,01096,2022-05-25 14:14:15,25.59541,-103.36119,35,04,1,
6183,01096,2022-05-25 14:14:46,25.59595,-103.36116,0,04,1,
6183,01096,2022-05-25 14:15:16,25.59808,-103.36107,39,04,1,
6183,01096,2022-05-25 14:15:41,25.59838,-103.36106,1,04,1,
6183,01096,2022-05-25 14:16:12,25.59873,-103.36379,59,04,1,
6183,01096,2022-05-25 14:16:42,25.59857,-103.36846,18,04,1,
6183,01096,2022-05-25 14:17:12,25.60122,-103.36836,34,04,1,
6183,01096,2022-05-25 14:17:43,25.60187,-103.36797,23,04,1,
6183,01096,2022-05-25 14:18:13,25.60272,-103.36752,1,04,1,
6183,01096,2022-05-25 14:18:43,25.60369,-103.36728,0,04,1,
6183,01096,2022-05-25 14:19:14,25.6043,-103.36873,0,04,1,
6183,01096,2022-05-25 14:19:44,25.60467,-103.36964,1,04,1,
6183,01096,2022-05-25 14:20:15,25.60532,-103.37108,35,04,1,
6183,01096,2022-05-25 14:20:40,25.60546,-103.37137,13,04,1,
6183,01096,2022-05-25 14:21:10,25.60501,-103.37234,13,04,1,
6183,01096,2022-05-25 14:21:41,25.60298,-103.37343,32,04,1,
6183,01096,2022-05-25 14:22:11,25.60226,-103.37381,21,04,1,
6183,01096,2022-05-25 14:22:41,25.60101,-103.37453,32,04,1,
6183,01096,2022-05-25 14:23:12,25.59825,-103.37632,22,04,1,
6183,01096,2022-05-25 14:23:42,25.59811,-103.38023,63,04,1,
6183,01096,2022-05-25 14:24:12,25.59804,-103.38149,0,04,1,
6183,01096,2022-05-25 14:24:43,25.59804,-103.38147,0,04,1,
6183,01096,2022-05-25 14:25:13,25.59702,-103.38222,5,04,1,
6183,01096,2022-05-25 14:25:43,25.59444,-103.38338,58,04,1,
6183,01096,2022-05-25 14:26:09,25.59137,-103.38484,0,04,1,
6183,01096,2022-05-25 14:26:40,25.58968,-103.38561,46,04,1,
6183,01096,2022-05-25 14:27:10,25.58918,-103.38665,33,04,1,
6183,01096,2022-05-25 14:27:40,25.59031,-103.38872,1,04,1,
6183,01096,2022-05-25 14:28:11,25.59162,-103.39115,49,04,1,
6183,01096,2022-05-25 14:28:41,25.59303,-103.39375,57,04,1,
6183,01096,2022-05-25 14:29:11,25.59423,-103.396,34,04,1,
6183,01096,2022-05-25 14:29:42,25.59491,-103.39725,16,04,1,
6183,01096,2022-05-25 14:30:12,25.59569,-103.39867,0,04,1,
6183,01096,2022-05-25 14:30:38,25.59565,-103.3996,34,04,1,
6183,01096,2022-05-25 14:31:08,25.59383,-103.40144,26,04,1,
6183,01096,2022-05-25 14:31:38,25.59222,-103.40085,48,04,1,
6183,01096,2022-05-25 14:32:09,25.58938,-103.39834,36,04,1,
6183,01096,2022-05-25 14:32:39,25.58667,-103.39596,60,04,1,
6183,01096,2022-05-25 14:33:10,25.58559,-103.3957,31,04,1,
6183,01096,2022-05-25 14:33:40,25.58234,-103.39841,68,04,1,
6183,01096,2022-05-25 14:34:10,25.58177,-103.4011,51,04,1,
6183,01096,2022-05-25 14:34:41,25.58419,-103.4061,61,04,1,
6183,01096,2022-05-25 14:35:11,25.58482,-103.40737,8,04,1,
6183,01096,2022-05-25 14:35:36,25.58484,-103.40741,0,04,1,
6183,01096,2022-05-25 14:36:07,25.58576,-103.40919,35,04,1,
6183,01096,2022-05-25 14:36:37,25.58394,-103.40641,72,04,1,
6183,01096,2022-05-25 14:37:07,25.58222,-103.40303,0,04,1,
6183,01096,2022-05-25 14:37:38,25.58133,-103.40128,51,04,1,
6183,01096,2022-05-25 14:38:08,25.57969,-103.40259,42,04,1,
6183,01096,2022-05-25 14:38:38,25.57908,-103.40428,40,04,1,
6183,01096,2022-05-25 14:39:09,25.57822,-103.40656,16,04,1,
6183,01096,2022-05-25 14:39:39,25.57821,-103.40659,0,04,1,
6183,01096,2022-05-25 14:40:09,25.578,-103.40712,31,04,1,
6183,01096,2022-05-25 14:40:35,25.57738,-103.40877,22,04,1,
6183,01096,2022-05-25 14:41:05,25.5768,-103.41031,11,04,1,
6183,01096,2022-05-25 14:41:35,25.57562,-103.41339,42,04,1,
6183,01096,2022-05-25 14:42:06,25.57503,-103.41477,44,04,1,
6183,01096,2022-05-25 14:42:36,25.57248,-103.41891,53,04,1,
6183,01096,2022-05-25 14:43:06,25.57182,-103.41977,0,04,1,
6183,01096,2022-05-25 14:43:37,25.57158,-103.42012,20,04,1,
6183,01096,2022-05-25 14:44:07,25.57328,-103.42029,21,04,1,
6183,01096,2022-05-25 14:44:37,25.5736,-103.42137,37,04,1,
6183,01096,2022-05-25 14:45:08,25.57179,-103.42597,78,04,1,
6183,01096,2022-05-25 14:45:36,25.57092,-103.42735,0,04,1,
6183,01096,2022-05-25 14:46:03,25.5706,-103.42791,35,04,1,
6183,01096,2022-05-25 14:46:34,25.5704,-103.42943,10,04,1,
6183,01096,2022-05-25 14:47:04,25.57121,-103.43155,43,04,1,
6183,01096,2022-05-25 14:47:35,25.57192,-103.43292,28,04,1,
6183,01096,2022-05-25 14:48:05,25.57203,-103.43476,38,04,1,
6183,01096,2022-05-25 14:48:35,25.57213,-103.43658,2,04,1,
6183,01096,2022-05-25 14:49:06,25.57226,-103.43777,1,04,1,
6183,01096,2022-05-25 14:49:36,25.5725,-103.4392,44,04,1,
6183,01096,2022-05-25 14:50:06,25.5727,-103.44056,0,04,1,
6183,01096,2022-05-25 14:50:37,25.57271,-103.44054,0,04,1,
6183,01096,2022-05-25 14:51:02,25.57272,-103.44053,0,04,1,
6183,01096,2022-05-25 14:51:32,25.57213,-103.44183,36,04,1,
6183,01096,2022-05-25 14:52:03,25.57088,-103.44391,32,04,1,
6183,01096,2022-05-25 14:52:33,25.56943,-103.44372,14,04,1,
6183,01096,2022-05-25 14:53:03,25.56812,-103.44324,0,04,1,
6183,01096,2022-05-25 14:53:34,25.56709,-103.44398,10,04,1,
6183,01096,2022-05-25 14:54:04,25.56609,-103.44459,32,04,1,
6183,01096,2022-05-25 14:54:35,25.56492,-103.44485,25,04,1,
6183,01096,2022-05-25 14:55:05,25.56422,-103.44342,30,04,1,
6183,01096,2022-05-25 14:55:35,25.56374,-103.44248,0,04,1,
6183,01096,2022-05-25 14:56:00,25.56375,-103.44248,0,04,1,
6183,01096,2022-05-25 14:56:31,25.56374,-103.44246,7,04,1,
6183,01096,2022-05-25 14:57:01,25.56268,-103.44463,44,04,1,
6183,01096,2022-05-25 14:57:32,25.56147,-103.44591,41,04,1,
6183,01096,2022-05-25 14:58:02,25.55982,-103.4471,46,04,1,
6183,01096,2022-05-25 14:58:32,25.55715,-103.44818,1,04,1,
6183,01096,2022-05-25 14:59:02,25.55645,-103.44824,36,04,1,
6183,01096,2022-05-25 14:59:33,25.55213,-103.44765,59,04,1,
6183,01096,2022-05-25 15:00:03,25.54978,-103.44933,31,04,1,
6183,01096,2022-05-25 15:00:34,25.5469,-103.45223,53,04,1,
6183,01096,2022-05-25 15:01:04,25.54605,-103.45342,0,04,1,
6183,01096,2022-05-25 15:01:29,25.54532,-103.45438,40,04,1,
6183,01096,2022-05-25 15:02:00,25.54428,-103.45481,26,04,1,
6183,01096,2022-05-25 15:02:30,25.54105,-103.45482,42,04,1,
6183,01096,2022-05-25 15:03:00,25.54046,-103.45482,0,04,1,
6183,01096,2022-05-25 15:03:31,25.54046,-103.45478,0,04,1,
6183,01096,2022-05-25 15:04:01,25.53909,-103.45483,17,04,1,
6183,01096,2022-05-25 15:04:32,25.53757,-103.45485,26,04,1,
6183,01096,2022-05-25 15:05:02,25.53747,-103.45685,23,04,1,
6183,01096,2022-05-25 15:05:33,25.53748,-103.45789,0,04,1,
6183,01096,2022-05-25 15:05:58,25.53748,-103.45788,0,04,1,
6183,01096,2022-05-25 15:06:28,25.53752,-103.45933,13,04,1,
6183,01096,2022-05-25 15:06:59,25.53749,-103.4598,20,04,1,
6183,01096,2022-05-25 15:07:29,25.53749,-103.45998,0,04,1,
6183,01096,2022-05-25 15:07:59,25.53739,-103.46094,27,04,1,
6183,01096,2022-05-25 15:08:30,25.53709,-103.46263,0,04,1,
6183,01096,2022-05-25 15:09:00,25.53693,-103.46326,0,04,1,
6183,01096,2022-05-25 15:09:31,25.53693,-103.46325,1,04,1,
6183,01096,2022-05-25 15:10:01,25.53656,-103.465,20,04,1,
6183,01096,2022-05-25 15:10:31,25.53652,-103.46521,0,04,1,
6183,01096,2022-05-25 15:10:57,25.53653,-103.46521,0,04,1,
6183,01096,2022-05-25 15:11:27,25.53666,-103.46553,12,04,1,
6183,01096,2022-05-25 15:11:57,25.53694,-103.4656,0,04,1,
6183,01096,2022-05-25 15:12:27,25.53709,-103.46563,13,04,1,
6183,01096,2022-05-25 15:12:58,25.53855,-103.466,0,04,1,
6183,01096,2022-05-25 15:13:28,25.5395,-103.46628,27,04,1,
6183,01096,2022-05-25 15:13:58,25.54008,-103.46642,6,04,1,
6183,01096,2022-05-25 15:14:29,25.54058,-103.46452,31,04,1,
6183,01096,2022-05-25 15:15:00,25.54114,-103.46144,38,04,1,
6183,01096,2022-05-25 15:15:30,25.5413,-103.45848,32,04,1,
6183,01096,2022-05-25 15:15:55,25.54128,-103.45608,34,04,1,
6183,01096,2022-05-25 15:16:26,25.54128,-103.4551,0,04,1,
6183,01096,2022-05-25 15:16:56,25.54128,-103.45473,20,04,1,
6183,01096,2022-05-25 15:17:26,25.54205,-103.45375,2,04,1,
6183,01096,2022-05-25 15:17:57,25.54305,-103.45375,38,04,1,
6183,01096,2022-05-25 15:18:27,25.5454,-103.45371,24,04,1,
6183,01096,2022-05-25 15:18:57,25.54614,-103.45371,6,04,1,
6183,01096,2022-05-25 15:19:28,25.5472,-103.4541,23,04,1,
6183,01096,2022-05-25 15:19:58,25.54928,-103.45235,37,04,1,
6183,01096,2022-05-25 15:20:28,25.55061,-103.45125,29,04,1,
6183,01096,2022-05-25 15:20:54,25.55168,-103.45034,28,04,1,
6183,01096,2022-05-25 15:21:24,25.55261,-103.45112,32,04,1,
6183,01096,2022-05-25 15:21:55,25.55358,-103.45254,25,04,1,
6183,01096,2022-05-25 15:22:25,25.55484,-103.45273,35,04,1,
6183,01096,2022-05-25 15:22:55,25.55663,-103.45123,1,04,1,
6183,01096,2022-05-25 15:23:26,25.55744,-103.45049,13,04,1,
6183,01096,2022-05-25 15:23:56,25.55702,-103.44894,0,04,1,
6183,01096,2022-05-25 15:24:26,25.55697,-103.44877,18,04,1,
6183,01096,2022-05-25 15:24:57,25.55856,-103.44765,45,04,1,
6183,01096,2022-05-25 15:25:27,25.55995,-103.44676,21,04,1,
6183,01096,2022-05-25 15:25:53,25.56116,-103.44593,16,04,1,
6183,01096,2022-05-25 15:26:23,25.56303,-103.44379,37,04,1,
6183,01096,2022-05-25 15:26:53,25.56337,-103.44264,1,04,1,
6183,01096,2022-05-25 15:27:24,25.56336,-103.44265,0,04,1,
6183,01096,2022-05-25 15:27:54,25.56406,-103.44273,0,04,1,
6183,01096,2022-05-25 15:28:25,25.56431,-103.44328,0,04,1,
6183,01096,2022-05-25 15:28:55,25.56431,-103.44328,0,04,1,
6183,01096,2022-05-25 15:29:25,25.56431,-103.44328,0,04,1,
6183,01096,2022-05-25 15:29:56,25.5646,-103.44385,30,04,1,
6183,01096,2022-05-25 15:30:21,25.56582,-103.44472,31,04,1,
6183,01096,2022-05-25 15:30:51,25.56698,-103.44399,20,04,1,
6183,01096,2022-05-25 15:31:22,25.56817,-103.4431,0,04,1,
6183,01096,2022-05-25 15:31:52,25.56816,-103.4431,0,04,1,
6183,01096,2022-05-25 15:32:22,25.56817,-103.44309,3,04,1,
6183,01096,2022-05-25 15:32:53,25.56806,-103.44155,18,04,1,
6183,01096,2022-05-25 15:33:23,25.56773,-103.44073,22,04,1,
6183,01096,2022-05-25 15:33:54,25.56697,-103.43944,13,04,1,
6183,01096,2022-05-25 15:34:24,25.56621,-103.43813,18,04,1,
6183,01096,2022-05-25 15:34:54,25.56563,-103.43647,24,04,1,
6183,01096,2022-05-25 15:35:20,25.5673,-103.43476,37,04,1,
6183,01096,2022-05-25 15:35:50,25.56818,-103.43384,0,04,1,
6183,01096,2022-05-25 15:36:20,25.56845,-103.43374,19,04,1,
6183,01096,2022-05-25 15:36:51,25.56931,-103.43611,33,04,1,
6183,01096,2022-05-25 15:37:21,25.56945,-103.43874,31,04,1,
6183,01096,2022-05-25 15:37:51,25.57027,-103.43926,28,04,1,
6183,01096,2022-05-25 15:38:22,25.57197,-103.43803,1,04,1,
6183,01096,2022-05-25 15:38:52,25.57331,-103.43709,21,04,1,
6183,01096,2022-05-25 15:39:23,25.57463,-103.43617,30,04,1,
6183,01096,2022-05-25 15:39:53,25.5755,-103.43558,12,04,1,
6183,01096,2022-05-25 15:40:18,25.57498,-103.43375,38,04,1,
6183,01096,2022-05-25 15:40:49,25.57519,-103.43286,11,04,1,
6183,01096,2022-05-25 15:41:19,25.57483,-103.43123,38,04,1,
6183,01096,2022-05-25 15:41:50,25.57417,-103.42855,26,04,1,
6183,01096,2022-05-25 15:42:20,25.57336,-103.42563,40,04,1,
6183,01096,2022-05-25 15:42:50,25.57367,-103.42357,29,04,1,
6183,01096,2022-05-25 15:43:21,25.57415,-103.4205,12,04,1,
6183,01096,2022-05-25 15:43:51,25.57463,-103.4202,28,04,1,
6183,01096,2022-05-25 15:44:21,25.57561,-103.41978,3,04,1,
6183,01096,2022-05-25 15:44:52,25.57718,-103.41805,41,04,1,
6183,01096,2022-05-25 15:45:17,25.57906,-103.41626,38,04,1,
6183,01096,2022-05-25 15:45:48,25.58216,-103.41579,42,04,1,
6183,01096,2022-05-25 15:46:18,25.58345,-103.41649,32,04,1,
6183,01096,2022-05-25 15:46:48,25.58284,-103.41786,20,04,1,
6183,01096,2022-05-25 15:47:19,25.58282,-103.41919,14,00,1,
6183,01096,2022-05-25 15:47:49,25.58335,-103.4195,8,00,1,
6183,01096,2022-05-25 15:48:20,25.58385,-103.41959,0,00,1,
6183,01096,2022-05-25 15:48:50,25.58414,-103.41897,5,00,1,
6183,01096,2022-05-25 15:49:21,25.58417,-103.41888,0,00,1,
6183,01096,2022-05-25 15:49:46,25.58417,-103.41888,0,00,1,
6183,01096,2022-05-25 15:50:16,25.58417,-103.41888,0,00,1,
6183,01096,2022-05-25 15:50:47,25.58417,-103.41888,0,00,1,
6183,01096,2022-05-25 15:51:17,25.58417,-103.41888,0,00,1,
6183,01096,2022-05-25 15:51:47,25.58417,-103.41888,0,00,1,
6183,01096,2022-05-25 15:52:18,25.58417,-103.41888,0,00,1,
6183,01096,2022-05-25 15:52:48,25.58418,-103.41888,0,00,1,
6183,01096,2022-05-25 15:53:19,25.58418,-103.41888,0,00,1,
6183,01096,2022-05-25 15:53:49,25.58419,-103.41888,0,00,1,
6183,01097,2022-05-25 16:40:31,25.58417,-103.41888,0,04,1,
6183,01097,2022-05-25 16:40:57,25.58418,-103.41888,0,04,1,
6183,01097,2022-05-25 16:41:23,25.58418,-103.41889,0,04,1,
6183,01097,2022-05-25 16:41:53,25.58418,-103.41889,0,04,1,
6183,01097,2022-05-25 16:42:24,25.58421,-103.41887,0,04,1,
6183,01097,2022-05-25 16:42:54,25.58445,-103.41845,15,04,1,
6183,01097,2022-05-25 16:43:24,25.58531,-103.4167,24,04,1,
6183,01097,2022-05-25 16:43:55,25.58478,-103.41562,41,04,1,
6183,01097,2022-05-25 16:44:25,25.58408,-103.41563,0,04,1,
6183,01097,2022-05-25 16:44:55,25.58409,-103.41563,0,04,1,
6183,01097,2022-05-25 16:45:26,25.58408,-103.41564,0,04,1,
6183,01097,2022-05-25 16:45:51,25.58234,-103.41593,46,04,1,
6183,01097,2022-05-25 16:46:21,25.57941,-103.41636,43,04,1,
6183,01097,2022-05-25 16:46:52,25.57691,-103.41858,26,04,1,
6183,01097,2022-05-25 16:47:22,25.57636,-103.41919,29,04,1,
6183,01097,2022-05-25 16:47:53,25.57487,-103.42036,0,04,1,
6183,01097,2022-05-25 16:48:23,25.57414,-103.42054,17,04,1,
6183,01097,2022-05-25 16:48:53,25.57373,-103.42359,50,04,1,
6183,01097,2022-05-25 16:49:24,25.57396,-103.42761,56,04,1,
6183,01097,2022-05-25 16:49:54,25.57468,-103.4305,46,04,1,
6183,01097,2022-05-25 16:50:24,25.57545,-103.43293,21,04,1,
6183,01097,2022-05-25 16:50:50,25.57585,-103.43532,0,04,1,
6183,01097,2022-05-25 16:51:20,25.5747,-103.43624,3,04,1,
6183,01097,2022-05-25 16:51:50,25.57328,-103.43725,21,04,1,
6183,01097,2022-05-25 16:52:21,25.57247,-103.43782,0,04,1,
6183,01097,2022-05-25 16:52:51,25.57187,-103.43824,33,04,1,
6183,01097,2022-05-25 16:53:21,25.56956,-103.43982,21,04,1,
6183,01097,2022-05-25 16:53:52,25.56937,-103.4383,32,04,1,
6183,01097,2022-05-25 16:54:22,25.56921,-103.43593,12,04,1,
6183,01097,2022-05-25 16:54:53,25.56832,-103.43385,20,04,1,
6183,01097,2022-05-25 16:55:23,25.56647,-103.43585,38,04,1,
6183,01097,2022-05-25 16:55:48,25.56592,-103.43645,0,04,1,
6183,01097,2022-05-25 16:56:19,25.56622,-103.43806,33,04,1,
6183,01097,2022-05-25 16:56:49,25.56674,-103.43891,28,04,1,
6183,01097,2022-05-25 16:57:19,25.56755,-103.4403,32,04,1,
6183,01097,2022-05-25 16:57:50,25.56814,-103.44147,2,04,1,
6183,01097,2022-05-25 16:58:20,25.5683,-103.4429,24,04,1,
6183,01097,2022-05-25 16:58:50,25.56823,-103.44323,0,04,1,
6183,01097,2022-05-25 16:59:21,25.56822,-103.44323,0,04,1,
6183,01097,2022-05-25 16:59:51,25.56822,-103.44323,0,04,1,
6183,01097,2022-05-25 17:00:21,25.56821,-103.44322,0,04,1,
6183,01097,2022-05-25 17:00:52,25.56821,-103.44322,0,04,1,
6183,01097,2022-05-25 17:01:17,25.56821,-103.44322,0,04,1,
6183,01097,2022-05-25 17:01:47,25.56821,-103.44322,0,04,1,
6183,01097,2022-05-25 17:02:18,25.56821,-103.44322,0,04,1,
6183,01097,2022-05-25 17:02:48,25.56804,-103.44331,16,04,1,
6183,01097,2022-05-25 17:03:18,25.56658,-103.44431,18,04,1,
6183,01097,2022-05-25 17:03:49,25.56528,-103.44509,9,04,1,
6183,01097,2022-05-25 17:04:19,25.56452,-103.44401,34,04,1,
6183,01097,2022-05-25 17:04:49,25.5638,-103.44256,0,04,1,
6183,01097,2022-05-25 17:05:20,25.56379,-103.44256,0,04,1,
6183,01097,2022-05-25 17:05:50,25.56349,-103.44272,22,04,1,
6183,01097,2022-05-25 17:06:17,25.56253,-103.44477,12,04,1,
6183,01097,2022-05-25 17:06:46,25.56143,-103.44597,38,04,1,
6183,01097,2022-05-25 17:07:16,25.5587,-103.44781,48,04,1,
6183,01097,2022-05-25 17:07:46,25.55711,-103.4482,0,04,1,
6183,01097,2022-05-25 17:08:17,25.55688,-103.44838,0,04,1,
6183,01097,2022-05-25 17:08:47,25.55714,-103.4493,35,04,1,
6183,01097,2022-05-25 17:09:18,25.55655,-103.45135,36,04,1,
6183,01097,2022-05-25 17:09:48,25.5542,-103.45328,28,04,1,
6183,01097,2022-05-25 17:10:18,25.55327,-103.45212,16,04,1,
6183,01097,2022-05-25 17:10:48,25.55234,-103.45076,27,04,1,
6183,01097,2022-05-25 17:11:19,25.55106,-103.45088,31,04,1,
6183,01097,2022-05-25 17:11:44,25.54927,-103.45238,39,04,1,
6183,01097,2022-05-25 17:12:14,25.5471,-103.45419,27,04,1,
6183,01097,2022-05-25 17:12:45,25.54532,-103.45478,2,04,1,
6183,01097,2022-05-25 17:13:15,25.54407,-103.45479,48,04,1,
6183,01097,2022-05-25 17:13:45,25.54152,-103.45482,19,04,1,
6183,01097,2022-05-25 17:14:16,25.54137,-103.45482,0,04,1,
6183,01097,2022-05-25 17:14:46,25.54127,-103.45483,14,04,1,
6183,01097,2022-05-25 17:15:16,25.53955,-103.45484,2,04,1,
6183,01097,2022-05-25 17:15:47,25.53773,-103.45484,25,04,1,
6183,01097,2022-05-25 17:16:17,25.53755,-103.45486,0,04,1,
6183,01097,2022-05-25 17:16:47,25.53755,-103.45486,0,04,1,
6183,01097,2022-05-25 17:17:13,25.53747,-103.45525,20,04,1,
6183,01097,2022-05-25 17:17:43,25.53751,-103.45713,0,04,1,
6183,01097,2022-05-25 17:18:13,25.53752,-103.45895,36,04,1,
6183,01097,2022-05-25 17:18:44,25.53755,-103.45935,0,04,1,
6183,01097,2022-05-25 17:19:14,25.53755,-103.45935,0,04,1,
6183,01097,2022-05-25 17:19:45,25.53754,-103.46005,12,04,1,
6183,01097,2022-05-25 17:20:15,25.53741,-103.46087,0,04,1,
6183,01097,2022-05-25 17:20:45,25.5374,-103.46097,10,04,1,
6183,01097,2022-05-25 17:21:16,25.53714,-103.46231,15,04,1,
6183,01097,2022-05-25 17:21:46,25.53698,-103.46302,26,04,1,
6183,01097,2022-05-25 17:22:11,25.53654,-103.46511,13,04,1,
6183,01097,2022-05-25 17:22:41,25.53653,-103.46514,0,04,1,
6183,01097,2022-05-25 17:23:12,25.53653,-103.46514,0,04,1,
6183,01097,2022-05-25 17:23:42,25.53649,-103.46532,0,04,1,
6183,01097,2022-05-25 17:24:13,25.53649,-103.46533,0,04,1,
6183,01097,2022-05-25 17:24:43,25.5365,-103.46533,0,04,1,
6183,01097,2022-05-25 17:25:13,25.53671,-103.46552,16,04,1,
6183,01097,2022-05-25 17:25:44,25.53729,-103.46572,0,04,1,
6183,01097,2022-05-25 17:26:14,25.5373,-103.46576,0,04,1,
6183,01097,2022-05-25 17:26:44,25.53858,-103.46603,0,04,1,
6183,01097,2022-05-25 17:27:15,25.53857,-103.46604,1,04,1,
6183,01097,2022-05-25 17:27:40,25.53913,-103.46617,0,04,1,
6183,01097,2022-05-25 17:28:10,25.53912,-103.46615,0,04,1,
6183,01097,2022-05-25 17:28:41,25.53912,-103.46615,0,04,1,
6183,01097,2022-05-25 17:29:11,25.54007,-103.46642,0,04,1,
6183,01097,2022-05-25 17:29:41,25.54045,-103.46515,28,04,1,
6183,01097,2022-05-25 17:30:12,25.54105,-103.46247,33,04,1,
6183,01097,2022-05-25 17:30:42,25.54117,-103.46138,0,04,1,
6183,01097,2022-05-25 17:31:12,25.54131,-103.46011,6,04,1,
6183,01097,2022-05-25 17:31:43,25.54132,-103.4587,27,04,1,
6183,01097,2022-05-25 17:32:13,25.54132,-103.45555,52,04,1,
6183,01097,2022-05-25 17:32:38,25.54187,-103.45367,20,04,1,
6183,01097,2022-05-25 17:33:09,25.54366,-103.45372,29,04,1,
6183,01097,2022-05-25 17:33:39,25.54537,-103.45372,0,04,1,
6183,01097,2022-05-25 17:34:09,25.54602,-103.45346,27,04,1,
6183,01097,2022-05-25 17:34:40,25.54664,-103.45257,0,04,1,
6183,01097,2022-05-25 17:35:10,25.54689,-103.45219,22,04,1,
6183,01097,2022-05-25 17:35:41,25.54857,-103.45033,37,04,1,
6183,01097,2022-05-25 17:36:11,25.55031,-103.44883,0,04,1,
6183,01097,2022-05-25 17:36:41,25.5503,-103.44884,0,04,1,
6183,01097,2022-05-25 17:37:12,25.5503,-103.44885,0,04,1,
6183,01097,2022-05-25 17:37:37,25.55065,-103.44854,26,04,1,
6183,01097,2022-05-25 17:38:07,25.55356,-103.44745,52,04,1,
6183,01097,2022-05-25 17:38:38,25.55662,-103.44806,11,04,1,
6183,01097,2022-05-25 17:39:08,25.55904,-103.4475,39,04,1,
6183,01097,2022-05-25 17:39:38,25.56155,-103.44561,42,04,1,
6183,01097,2022-05-25 17:40:09,25.56334,-103.44286,22,04,1,
6183,01097,2022-05-25 17:40:39,25.56348,-103.44238,21,04,1,
6183,01097,2022-05-25 17:41:09,25.56409,-103.44274,0,04,1,
6183,01097,2022-05-25 17:41:40,25.56433,-103.44328,0,04,1,
6183,01097,2022-05-25 17:42:10,25.56433,-103.44328,0,04,1,
6183,01097,2022-05-25 17:42:36,25.56433,-103.44328,0,04,1,
6183,01097,2022-05-25 17:43:06,25.56471,-103.44404,29,04,1,
6183,01097,2022-05-25 17:43:36,25.56611,-103.44455,28,04,1,
6183,01097,2022-05-25 17:44:07,25.56771,-103.44348,29,04,1,
6183,01097,2022-05-25 17:44:37,25.56818,-103.44312,0,04,1,
6183,01097,2022-05-25 17:45:07,25.56817,-103.44312,0,04,1,
6183,01097,2022-05-25 17:45:38,25.56817,-103.44312,0,04,1,
6183,01097,2022-05-25 17:46:08,25.56817,-103.44312,0,04,1,
6183,01097,2022-05-25 17:46:38,25.56817,-103.44312,0,04,1,
6183,01097,2022-05-25 17:47:09,25.56818,-103.44313,0,04,1,
6183,01097,2022-05-25 17:47:39,25.5682,-103.44255,15,04,1,
6183,01097,2022-05-25 17:48:04,25.56881,-103.44176,17,04,1,
6183,01097,2022-05-25 17:48:34,25.57026,-103.44076,23,04,1,
6183,01097,2022-05-25 17:49:05,25.57165,-103.44039,20,04,1,
6183,01097,2022-05-25 17:49:35,25.57246,-103.44063,4,04,1,
6183,01097,2022-05-25 17:50:06,25.5726,-103.44009,26,04,1,
6183,01097,2022-05-25 17:50:36,25.57223,-103.4379,14,04,1,
6183,01097,2022-05-25 17:51:06,25.57212,-103.43682,22,04,1,
6183,01097,2022-05-25 17:51:37,25.57201,-103.43504,11,04,1,
6183,01097,2022-05-25 17:52:07,25.57189,-103.43308,23,04,1,
6183,01097,2022-05-25 17:52:38,25.57074,-103.43076,33,04,1,
6183,01097,2022-05-25 17:53:03,25.57033,-103.42979,18,04,1,
6183,01097,2022-05-25 17:53:33,25.5701,-103.42933,0,04,1,
6183,01097,2022-05-25 17:54:04,25.57011,-103.42934,0,04,1,
6183,01097,2022-05-25 17:54:34,25.57012,-103.42935,0,04,1,
6183,01097,2022-05-25 17:55:04,25.57038,-103.42792,27,04,1,
6183,01097,2022-05-25 17:55:35,25.57049,-103.42773,0,04,1,
6183,01097,2022-05-25 17:56:05,25.57069,-103.42745,25,04,1,
6183,01097,2022-05-25 17:56:35,25.57167,-103.42596,31,04,1,
6183,01097,2022-05-25 17:57:06,25.57334,-103.42201,58,04,1,
6183,01097,2022-05-25 17:57:36,25.57342,-103.42029,26,04,1,
6183,01097,2022-05-25 17:58:06,25.5718,-103.42032,0,04,1,
6183,01097,2022-05-25 17:58:31,25.57181,-103.42032,0,04,1,
6183,01097,2022-05-25 17:59:02,25.5717,-103.42032,0,04,1,
6183,01097,2022-05-25 17:59:32,25.5717,-103.42032,0,04,1,
6183,01097,2022-05-25 18:00:02,25.57157,-103.41979,3,04,1,
6183,01097,2022-05-25 18:00:33,25.57259,-103.41845,31,04,1,
6183,01097,2022-05-25 18:01:03,25.57433,-103.41601,41,04,1,
6183,01097,2022-05-25 18:01:33,25.57529,-103.4137,4,04,1,
6183,01097,2022-05-25 18:02:04,25.57604,-103.41173,35,04,1,
6183,01097,2022-05-25 18:02:34,25.57712,-103.4089,36,04,1,
6183,01097,2022-05-25 18:03:04,25.57768,-103.40742,28,04,1,
6183,01097,2022-05-25 18:03:34,25.57804,-103.4065,21,04,1,
6183,01097,2022-05-25 18:04:00,25.57891,-103.40423,38,04,1,
6183,01097,2022-05-25 18:04:30,25.5801,-103.40126,47,04,1,
6183,01097,2022-05-25 18:05:01,25.57945,-103.39719,58,04,1,
6183,01097,2022-05-25 18:05:31,25.57742,-103.39283,50,04,1,
6183,01097,2022-05-25 18:06:01,25.5771,-103.39171,20,04,1,
6183,01097,2022-05-25 18:06:32,25.57873,-103.3947,50,04,1,
6183,01097,2022-05-25 18:07:02,25.58064,-103.39858,50,04,1,
6183,01097,2022-05-25 18:07:33,25.5828,-103.39803,42,04,1,
6183,01097,2022-05-25 18:08:03,25.58554,-103.39578,39,04,1,
6183,01097,2022-05-25 18:08:33,25.5872,-103.39636,27,04,1,
6183,01097,2022-05-25 18:08:58,25.58855,-103.39756,18,04,1,
6183,01097,2022-05-25 18:09:29,25.59007,-103.3989,18,04,1,
6183,01097,2022-05-25 18:09:59,25.59118,-103.39988,31,04,1,
6183,01097,2022-05-25 18:10:30,25.59217,-103.40074,24,04,1,
6183,01097,2022-05-25 18:11:00,25.59403,-103.40131,19,04,1,
6183,01097,2022-05-25 18:11:30,25.59518,-103.40012,20,04,1,
6183,01097,2022-05-25 18:12:01,25.59573,-103.39869,3,04,1,
6183,01097,2022-05-25 18:12:31,25.59563,-103.39857,0,04,1,
6183,01097,2022-05-25 18:13:01,25.59563,-103.39858,0,04,1,
6183,01097,2022-05-25 18:13:32,25.59563,-103.39858,0,04,1,
6183,01097,2022-05-25 18:14:02,25.59561,-103.39852,8,04,1,
6183,01097,2022-05-25 18:14:27,25.59509,-103.39754,21,04,1,
6183,01097,2022-05-25 18:14:57,25.59454,-103.39653,8,04,1,
6183,01097,2022-05-25 18:15:28,25.59375,-103.39507,23,04,1,
6183,01097,2022-05-25 18:15:58,25.59305,-103.39376,25,04,1,
6183,01097,2022-05-25 18:16:28,25.59189,-103.39163,23,04,1,
6183,01097,2022-05-25 18:16:59,25.59106,-103.3901,27,04,1,
6183,01097,2022-05-25 18:17:29,25.59019,-103.38849,14,04,1,
6183,01097,2022-05-25 18:18:00,25.58941,-103.38704,11,04,1,
6183,01097,2022-05-25 18:18:30,25.589,-103.38629,0,04,1,
6183,01097,2022-05-25 18:19:00,25.58898,-103.38625,9,04,1,
6183,01097,2022-05-25 18:19:29,25.58891,-103.38608,0,04,1,
6183,01097,2022-05-25 18:19:56,25.58892,-103.38608,0,04,1,
6183,01097,2022-05-25 18:20:26,25.58892,-103.38608,0,04,1,
6183,01097,2022-05-25 18:20:57,25.58893,-103.38588,18,04,1,
6183,01097,2022-05-25 18:21:27,25.58985,-103.38536,0,04,1,
6183,01097,2022-05-25 18:21:57,25.58999,-103.38531,17,04,1,
6183,01097,2022-05-25 18:22:28,25.59227,-103.38429,38,04,1,
6183,01097,2022-05-25 18:22:58,25.59524,-103.38291,46,04,1,
6183,01097,2022-05-25 18:23:28,25.59787,-103.38159,13,04,1,
6183,01097,2022-05-25 18:23:59,25.59789,-103.38108,19,04,1,
6183,01097,2022-05-25 18:24:29,25.59809,-103.37804,47,04,1,
6183,01097,2022-05-25 18:24:54,25.59844,-103.37605,12,04,1,
6183,01097,2022-05-25 18:25:25,25.60043,-103.37499,34,04,1,
6183,01097,2022-05-25 18:25:55,25.60196,-103.37398,11,04,1,
6183,01097,2022-05-25 18:26:25,25.60336,-103.37325,19,04,1,
6183,01097,2022-05-25 18:26:56,25.60475,-103.37234,23,04,1,
6183,01097,2022-05-25 18:27:26,25.60547,-103.37166,21,04,1,
6183,01097,2022-05-25 18:27:56,25.60471,-103.37007,11,04,1,
6183,01097,2022-05-25 18:28:27,25.60439,-103.36924,19,04,1,
6183,01097,2022-05-25 18:28:57,25.60365,-103.36751,21,04,1,
6183,01097,2022-05-25 18:29:28,25.60361,-103.36739,0,04,1,
6183,01097,2022-05-25 18:29:53,25.60287,-103.36759,24,04,1,
6183,01097,2022-05-25 18:30:23,25.60168,-103.36818,4,04,1,
6183,01097,2022-05-25 18:30:54,25.59958,-103.36866,44,04,1,
6183,01097,2022-05-25 18:31:24,25.5987,-103.36865,0,04,1,
6183,01097,2022-05-25 18:31:54,25.59844,-103.36841,22,04,1,
6183,01097,2022-05-25 18:32:25,25.59857,-103.36521,46,04,1,
6183,01097,2022-05-25 18:32:55,25.59871,-103.36126,24,04,1,
6183,01097,2022-05-25 18:33:25,25.59822,-103.3611,15,04,1,
6183,01097,2022-05-25 18:33:56,25.59606,-103.3612,16,04,1,
6183,01097,2022-05-25 18:34:26,25.59444,-103.36127,0,04,1,
6183,01097,2022-05-25 18:34:56,25.59301,-103.3614,29,04,1,
6183,01097,2022-05-25 18:35:22,25.59165,-103.3615,14,04,1,
6183,01097,2022-05-25 18:35:52,25.58975,-103.36167,16,04,1,
6183,01097,2022-05-25 18:36:22,25.58966,-103.36165,0,04,1,
6183,01097,2022-05-25 18:36:53,25.58967,-103.36165,0,04,1,
6183,01097,2022-05-25 18:37:23,25.58967,-103.36165,0,04,1,
6183,01097,2022-05-25 18:37:53,25.58967,-103.36165,0,04,1,
6183,01097,2022-05-25 18:38:24,25.58967,-103.36165,0,04,1,
6183,01097,2022-05-25 18:38:54,25.58968,-103.36166,0,04,1,
6183,01097,2022-05-25 18:39:24,25.58968,-103.36165,0,04,1,
6183,01097,2022-05-25 18:39:55,25.58968,-103.36165,0,04,1,
6183,01097,2022-05-25 18:40:23,25.58967,-103.36166,0,04,1,
6183,01097,2022-05-25 18:40:50,25.58977,-103.36158,10,04,1,
6183,01097,2022-05-25 18:41:20,25.58967,-103.35884,41,04,1,
6183,01097,2022-05-25 18:41:51,25.58867,-103.35825,30,04,1,
6183,01097,2022-05-25 18:42:21,25.588,-103.35718,33,04,1,
6183,01097,2022-05-25 18:42:52,25.58685,-103.35697,0,04,1,
6183,01097,2022-05-25 18:43:22,25.58635,-103.35578,36,04,1,
6183,01097,2022-05-25 18:43:52,25.58675,-103.35513,0,04,1,
6183,01097,2022-05-25 18:44:23,25.58778,-103.35507,5,04,1,
6183,01097,2022-05-25 18:44:53,25.58852,-103.35501,11,00,1,
6183,01097,2022-05-25 18:45:21,25.58856,-103.35501,0,00,1,
6183,01097,2022-05-25 18:45:49,25.5887,-103.35489,17,00,1,
6183,01097,2022-05-25 18:46:20,25.58864,-103.35372,0,00,1,
6183,01097,2022-05-25 18:46:50,25.58864,-103.35372,0,00,1,
6183,01097,2022-05-25 18:47:20,25.58864,-103.35373,0,00,1,
6183,01097,2022-05-25 18:47:51,25.58865,-103.35374,0,00,1,
6183,01097,2022-05-25 18:48:21,25.58865,-103.35374,0,00,1,
6183,01097,2022-05-25 18:48:51,25.58865,-103.35374,0,00,1,
6183,01097,2022-05-25 18:49:22,25.58865,-103.35374,0,00,1,
6183,01097,2022-05-25 18:49:52,25.58865,-103.35374,0,00,1,
6183,01097,2022-05-25 18:50:22,25.58865,-103.35374,0,00,1,
6183,01097,2022-05-25 18:50:48,25.58865,-103.35374,0,00,1,
6183,01097,2022-05-25 18:51:18,25.58865,-103.35374,0,00,1,
6183,01098,2022-05-25 19:11:02,25.58863,-103.35371,2,04,1,
6183,01098,2022-05-25 19:11:24,25.58862,-103.35369,0,04,1,
6183,01098,2022-05-25 19:11:54,25.58861,-103.35368,0,04,1,
6183,01098,2022-05-25 19:12:25,25.58861,-103.35368,0,04,1,
6183,01098,2022-05-25 19:12:55,25.58862,-103.35368,0,04,1,
6183,01098,2022-05-25 19:13:25,25.5886,-103.35368,0,04,1,
6183,01098,2022-05-25 19:13:56,25.5886,-103.35368,0,04,1,
6183,01098,2022-05-25 19:14:26,25.5886,-103.35368,0,04,1,
6183,01098,2022-05-25 19:14:56,25.58861,-103.35368,0,04,1,
6183,01098,2022-05-25 19:15:27,25.58861,-103.35368,0,04,1,
6183,01098,2022-05-25 19:15:57,25.58899,-103.35395,21,04,1,
6183,01098,2022-05-25 19:16:22,25.58903,-103.35492,0,04,1,
6183,01098,2022-05-25 19:16:53,25.58807,-103.35505,19,04,1,
6183,01098,2022-05-25 19:17:23,25.58715,-103.35512,30,04,1,
6183,01098,2022-05-25 19:17:53,25.5864,-103.35688,22,04,1,
6183,01098,2022-05-25 19:18:24,25.58804,-103.35747,32,04,1,
6183,01098,2022-05-25 19:18:54,25.58865,-103.35827,13,04,1,
6183,01098,2022-05-25 19:19:24,25.58967,-103.35882,35,04,1,
6183,01098,2022-05-25 19:19:55,25.58981,-103.36129,0,04,1,
6183,01098,2022-05-25 19:20:25,25.59119,-103.36139,6,04,1,
6183,01098,2022-05-25 19:20:55,25.59201,-103.36134,10,04,1,
6183,01098,2022-05-25 19:21:26,25.59397,-103.36133,19,04,1,
6183,01098,2022-05-25 19:21:51,25.59601,-103.36117,18,04,1,
6183,01098,2022-05-25 19:22:21,25.59835,-103.36107,21,04,1,
6183,01098,2022-05-25 19:22:52,25.59849,-103.36108,0,04,1,
6183,01098,2022-05-25 19:23:22,25.5988,-103.36213,42,04,1,
6183,01098,2022-05-25 19:23:52,25.59865,-103.36661,59,04,1,
6183,01098,2022-05-25 19:24:23,25.59894,-103.36859,3,04,1,
6183,01098,2022-05-25 19:24:53,25.60135,-103.36827,8,04,1,
6183,01098,2022-05-25 19:25:23,25.60305,-103.36738,6,04,1,
6183,01098,2022-05-25 19:25:54,25.60377,-103.36742,15,04,1,
6183,01098,2022-05-25 19:26:24,25.60488,-103.37007,30,04,1,
6183,01098,2022-05-25 19:26:54,25.60558,-103.3722,30,04,1,
6183,01098,2022-05-25 19:27:20,25.6036,-103.37331,33,04,1,
6183,01098,2022-05-25 19:27:50,25.60158,-103.37423,40,04,1,
6183,01098,2022-05-25 19:28:20,25.59942,-103.37559,29,04,1,
6183,01098,2022-05-25 19:28:51,25.5983,-103.37627,20,04,1,
6183,01098,2022-05-25 19:29:21,25.59815,-103.38004,62,04,1,
6183,01098,2022-05-25 19:29:51,25.59784,-103.38194,1,04,1,
6183,01098,2022-05-25 19:30:22,25.59541,-103.38298,53,04,1,
6183,01098,2022-05-25 19:30:52,25.59171,-103.38471,6,04,1,
6183,01098,2022-05-25 19:31:22,25.58986,-103.38555,45,04,1,
6183,01098,2022-05-25 19:31:53,25.58904,-103.38633,24,04,1,
6183,01098,2022-05-25 19:32:22,25.59008,-103.38821,41,04,1,
6183,01098,2022-05-25 19:32:48,25.59111,-103.39009,46,04,1,
6183,01098,2022-05-25 19:33:19,25.59187,-103.39149,13,04,1,
6183,01098,2022-05-25 19:33:49,25.59329,-103.39415,45,04,1,
6183,01098,2022-05-25 19:34:20,25.59458,-103.39653,16,04,1,
6183,01098,2022-05-25 19:34:50,25.59548,-103.39818,32,04,1,
6183,01098,2022-05-25 19:35:20,25.59596,-103.39904,25,04,1,
6183,01098,2022-05-25 19:35:50,25.5946,-103.40073,35,04,1,
6183,01098,2022-05-25 19:36:21,25.59323,-103.40172,29,04,1,
6183,01098,2022-05-25 19:36:51,25.59117,-103.3999,33,04,1,
6183,01098,2022-05-25 19:37:22,25.58932,-103.39827,22,04,1,
6183,01098,2022-05-25 19:37:47,25.58815,-103.39725,33,04,1,
6183,01098,2022-05-25 19:38:17,25.58605,-103.39543,11,04,1,
6183,01098,2022-05-25 19:38:48,25.58341,-103.39756,62,04,1,
6183,01098,2022-05-25 19:39:18,25.58147,-103.40042,42,04,1,
6183,01098,2022-05-25 19:39:48,25.58363,-103.40493,76,04,1,
6183,01098,2022-05-25 19:40:19,25.58567,-103.4095,32,04,1,
6183,01098,2022-05-25 19:40:49,25.58373,-103.406,57,04,1,
6183,01098,2022-05-25 19:41:19,25.58231,-103.40314,0,04,1,
6183,01098,2022-05-25 19:41:50,25.58148,-103.40152,50,04,1,
6183,01098,2022-05-25 19:42:20,25.5798,-103.40234,45,04,1,
6183,01098,2022-05-25 19:42:45,25.57962,-103.40286,10,04,1,
6183,01098,2022-05-25 19:43:16,25.57901,-103.40452,21,04,1,
6183,01098,2022-05-25 19:43:46,25.57822,-103.4066,0,04,1,
6183,01098,2022-05-25 19:44:16,25.57822,-103.40659,0,04,1,
6183,01098,2022-05-25 19:44:46,25.57788,-103.40746,38,04,1,
6183,01098,2022-05-25 19:45:17,25.57737,-103.40879,26,04,1,
6183,01098,2022-05-25 19:45:47,25.57653,-103.41099,29,04,1,
6183,01098,2022-05-25 19:46:18,25.57572,-103.4131,46,04,1,
6183,01098,2022-05-25 19:46:48,25.57489,-103.41512,49,04,1,
6183,01098,2022-05-25 19:47:08,25.57318,-103.41801,65,04,1,
6183,01098,2022-05-25 19:47:33,25.57161,-103.42014,0,04,1,
6183,01098,2022-05-25 19:48:04,25.57343,-103.42031,22,04,1,
6183,01098,2022-05-25 19:48:34,25.57363,-103.4203,0,04,1,
6183,01098,2022-05-25 19:49:05,25.57363,-103.42029,0,04,1,
6183,01098,2022-05-25 19:49:35,25.57384,-103.42061,2,04,1,
6183,01098,2022-05-25 19:50:05,25.57325,-103.42327,57,04,1,
6183,01098,2022-05-25 19:50:36,25.57121,-103.42695,10,04,1,
6183,01098,2022-05-25 19:51:06,25.57005,-103.42929,17,04,1,
6183,01098,2022-05-25 19:51:36,25.57062,-103.43055,33,04,1,
6183,01098,2022-05-25 19:52:07,25.57184,-103.43265,22,04,1,
6183,01098,2022-05-25 19:52:32,25.572,-103.43412,38,04,1,
6183,01098,2022-05-25 19:53:02,25.57218,-103.43699,47,04,1,
6183,01098,2022-05-25 19:53:33,25.57236,-103.43823,15,04,1,
6183,01098,2022-05-25 19:54:03,25.57271,-103.44037,0,04,1,
6183,01098,2022-05-25 19:54:33,25.57255,-103.44109,12,04,1,
6183,01098,2022-05-25 19:55:04,25.57132,-103.44341,0,04,1,
6183,01098,2022-05-25 19:55:34,25.56988,-103.44451,18,04,1,
6183,01098,2022-05-25 19:56:04,25.56868,-103.4433,31,04,1,
6183,01098,2022-05-25 19:56:35,25.56823,-103.44322,0,04,1,
6183,01098,2022-05-25 19:57:05,25.56824,-103.44322,0,04,1,
6183,01098,2022-05-25 19:57:35,25.56824,-103.44322,0,04,1,
6183,01098,2022-05-25 19:58:01,25.56825,-103.44322,0,04,1,
6183,01098,2022-05-25 19:58:31,25.56825,-103.44322,0,04,1,
6183,01098,2022-05-25 19:59:01,25.5678,-103.44351,17,04,1,
6183,01098,2022-05-25 19:59:32,25.56641,-103.44444,18,04,1,
6183,01098,2022-05-25 20:00:02,25.56531,-103.4451,0,04,1,
6183,01098,2022-05-25 20:00:32,25.56479,-103.4445,28,04,1,
6183,01098,2022-05-25 20:01:03,25.56434,-103.44359,0,04,1,
6183,01098,2022-05-25 20:01:33,25.56407,-103.44307,28,04,1,
6183,01098,2022-05-25 20:02:03,25.56368,-103.44235,6,04,1,
6183,01098,2022-05-25 20:02:34,25.56344,-103.44302,10,04,1,
6183,01098,2022-05-25 20:02:59,25.56268,-103.44467,34,04,1,
6183,01098,2022-05-25 20:03:29,25.5617,-103.44567,28,04,1,
6183,01098,2022-05-25 20:04:00,25.56093,-103.4463,28,04,1,
6183,01098,2022-05-25 20:04:30,25.55845,-103.4479,18,04,1,
6183,01098,2022-05-25 20:05:00,25.55754,-103.4481,13,04,1,
6183,01098,2022-05-25 20:05:31,25.5569,-103.44825,22,04,1,
6183,01098,2022-05-25 20:06:01,25.55357,-103.44763,61,04,1,
6183,01098,2022-05-25 20:06:32,25.54993,-103.44925,49,04,1,
6183,01098,2022-05-25 20:07:02,25.54868,-103.45036,27,04,1,
6183,01098,2022-05-25 20:07:32,25.54675,-103.45249,3,04,1,
6183,01098,2022-05-25 20:07:58,25.54624,-103.4533,30,04,1,
6183,01098,2022-05-25 20:08:28,25.544,-103.45482,42,04,1,
6183,01098,2022-05-25 20:08:59,25.54183,-103.45481,18,04,1,
6183,01098,2022-05-25 20:09:29,25.54139,-103.45482,0,04,1,
6183,01098,2022-05-25 20:09:59,25.54141,-103.45484,0,04,1,
6183,01098,2022-05-25 20:10:30,25.54037,-103.45483,33,04,1,
6183,01098,2022-05-25 20:11:00,25.53951,-103.45484,0,04,1,
6183,01098,2022-05-25 20:11:30,25.53922,-103.45484,19,04,1,
6183,01098,2022-05-25 20:12:01,25.53855,-103.45484,0,04,1,
6183,01098,2022-05-25 20:12:31,25.53765,-103.45484,27,04,1,
6183,01098,2022-05-25 20:13:01,25.5375,-103.4561,30,04,1,
6183,01098,2022-05-25 20:13:27,25.53751,-103.45739,17,04,1,
6183,01098,2022-05-25 20:13:57,25.53751,-103.45779,0,04,1,
6183,01098,2022-05-25 20:14:27,25.53752,-103.45875,25,04,1,
6183,01098,2022-05-25 20:14:58,25.53755,-103.45948,12,04,1,
6183,01098,2022-05-25 20:15:28,25.53752,-103.45989,0,04,1,
6183,01098,2022-05-25 20:15:58,25.53748,-103.46045,22,04,1,
6183,01098,2022-05-25 20:16:29,25.53728,-103.46181,30,04,1,
6183,01098,2022-05-25 20:16:59,25.53706,-103.4628,0,04,1,
6183,01098,2022-05-25 20:17:29,25.5369,-103.46332,4,04,1,
6183,01098,2022-05-25 20:18:00,25.53654,-103.46521,0,04,1,
6183,01098,2022-05-25 20:18:25,25.53655,-103.46519,0,04,1,
6183,01098,2022-05-25 20:18:55,25.53656,-103.46518,0,04,1,
6183,01098,2022-05-25 20:19:26,25.53708,-103.46561,13,04,1,
6183,01098,2022-05-25 20:19:56,25.53712,-103.46564,0,04,1,
6183,01098,2022-05-25 20:20:27,25.53725,-103.46571,13,04,1,
6183,01098,2022-05-25 20:20:57,25.53859,-103.46603,0,04,1,
6183,01098,2022-05-25 20:21:27,25.53981,-103.46637,14,04,1,
6183,01098,2022-05-25 20:21:58,25.53994,-103.46639,0,04,1,
6183,01098,2022-05-25 20:22:28,25.53993,-103.46638,0,04,1,
6183,01098,2022-05-25 20:22:59,25.54034,-103.46564,28,04,1,
6183,01098,2022-05-25 20:23:24,25.5409,-103.46314,39,04,1,
6183,01098,2022-05-25 20:23:54,25.54118,-103.46138,0,04,1,
6183,01098,2022-05-25 20:24:24,25.54127,-103.46064,29,04,1,
6183,01098,2022-05-25 20:24:55,25.54131,-103.45787,30,04,1,
6183,01098,2022-05-25 20:25:25,25.5413,-103.45508,30,04,1,
6183,01098,2022-05-25 20:25:55,25.54147,-103.45373,18,04,1,
6183,01098,2022-05-25 20:26:26,25.54294,-103.45373,34,04,1,
6183,01098,2022-05-25 20:26:56,25.5456,-103.45371,16,04,1,
6183,01098,2022-05-25 20:27:26,25.54638,-103.45371,31,04,1,
6183,01098,2022-05-25 20:27:57,25.54771,-103.45369,0,04,1,
6183,01098,2022-05-25 20:28:27,25.54905,-103.45256,38,04,1,
6183,01098,2022-05-25 20:28:52,25.55094,-103.45097,36,04,1,
6183,01098,2022-05-25 20:29:23,25.55241,-103.45077,31,04,1,
6183,01098,2022-05-25 20:29:53,25.55324,-103.45201,17,04,1,
6183,01098,2022-05-25 20:30:24,25.55424,-103.45324,19,04,1,
6183,01098,2022-05-25 20:30:54,25.55543,-103.45224,33,04,1,
6183,01098,2022-05-25 20:31:24,25.55684,-103.45107,26,04,1,
6183,01098,2022-05-25 20:31:55,25.55746,-103.45048,14,04,1,
6183,01098,2022-05-25 20:32:25,25.55708,-103.44904,0,04,1,
6183,01098,2022-05-25 20:32:55,25.55708,-103.44904,3,04,1,
6183,01098,2022-05-25 20:33:26,25.55787,-103.44783,37,04,1,
6183,01098,2022-05-25 20:33:51,25.56015,-103.44663,38,04,1,
6183,01098,2022-05-25 20:34:21,25.562,-103.44503,40,04,1,
6183,01098,2022-05-25 20:34:52,25.56349,-103.44235,7,04,1,
6183,01098,2022-05-25 20:35:22,25.56349,-103.44235,0,04,1,
6183,01098,2022-05-25 20:35:52,25.56349,-103.44235,3,04,1,
6183,01098,2022-05-25 20:36:23,25.5642,-103.44301,2,04,1,
6183,01098,2022-05-25 20:36:53,25.56533,-103.44505,17,04,1,
6183,01098,2022-05-25 20:37:24,25.5669,-103.44408,30,04,1,
6183,01098,2022-05-25 20:37:54,25.5682,-103.44311,0,04,1,
6183,01098,2022-05-25 20:38:24,25.56819,-103.44312,0,04,1,
6183,01098,2022-05-25 20:38:50,25.56819,-103.44241,23,04,1,
6183,01098,2022-05-25 20:39:20,25.56806,-103.44126,13,04,1,
6183,01098,2022-05-25 20:39:50,25.56738,-103.44008,25,04,1,
6183,01098,2022-05-25 20:40:21,25.56658,-103.43873,28,04,1,
6183,01098,2022-05-25 20:40:51,25.56565,-103.43713,0,04,1,
6183,01098,2022-05-25 20:41:21,25.56561,-103.43705,12,04,1,
6183,01098,2022-05-25 20:41:52,25.56711,-103.435,43,04,1,
6183,01098,2022-05-25 20:42:22,25.56809,-103.43396,0,04,1,
6183,01098,2022-05-25 20:42:52,25.56828,-103.43376,19,04,1,
6183,01098,2022-05-25 20:43:23,25.56931,-103.43597,37,04,1,
6183,01098,2022-05-25 20:43:53,25.56952,-103.43943,32,04,1,
6183,01098,2022-05-25 20:44:18,25.56951,-103.43969,0,04,1,
6183,01098,2022-05-25 20:44:49,25.57068,-103.43897,41,04,1,
6183,01098,2022-05-25 20:45:19,25.57219,-103.43788,0,04,1,
6183,01098,2022-05-25 20:45:50,25.57219,-103.43788,1,04,1,
6183,01098,2022-05-25 20:46:21,25.57388,-103.43669,25,04,1,
6183,01098,2022-05-25 20:46:51,25.57445,-103.43631,27,04,1,
6183,01098,2022-05-25 20:47:21,25.57548,-103.43476,41,04,1,
6183,01098,2022-05-25 20:47:52,25.57494,-103.43284,15,04,1,
6183,01098,2022-05-25 20:48:17,25.575,-103.43174,36,04,1,
6183,01098,2022-05-25 20:48:47,25.57433,-103.429,1,04,1,
6183,01098,2022-05-25 20:49:18,25.57403,-103.42778,36,04,1,
6183,01098,2022-05-25 20:49:48,25.57357,-103.42612,38,04,1,
6183,01098,2022-05-25 20:50:19,25.5741,-103.42245,45,04,1,
6183,01098,2022-05-25 20:50:49,25.57417,-103.42089,25,04,1,
6183,01098,2022-05-25 20:51:19,25.57419,-103.42063,0,04,1,
6183,01098,2022-05-25 20:51:50,25.57494,-103.42017,33,04,1,
6183,01098,2022-05-25 20:52:20,25.57611,-103.41928,31,04,1,
6183,01098,2022-05-25 20:52:51,25.5785,-103.41662,49,04,1,
6183,01098,2022-05-25 20:53:16,25.58144,-103.41587,50,04,1,
6183,01098,2022-05-25 20:53:46,25.58342,-103.41538,25,04,1,
6183,01098,2022-05-25 20:54:17,25.58512,-103.41227,51,04,1,
6183,01098,2022-05-25 20:54:47,25.58534,-103.4113,0,04,1,
6183,01098,2022-05-25 20:55:17,25.58533,-103.41131,0,04,1,
6183,01098,2022-05-25 20:55:48,25.58533,-103.41131,0,04,1,
6183,01098,2022-05-25 20:56:18,25.58534,-103.41124,12,04,1,
6183,01098,2022-05-25 20:56:48,25.58542,-103.41057,0,04,1,
6183,01098,2022-05-25 20:57:19,25.58541,-103.41058,0,04,1,
6183,01098,2022-05-25 20:57:49,25.58541,-103.41058,0,04,1,
6183,01098,2022-05-25 20:58:15,25.5854,-103.41058,0,04,1,
6183,01098,2022-05-25 20:58:45,25.58541,-103.41059,0,04,1,
6183,01098,2022-05-25 20:59:15,25.5854,-103.41001,23,04,1,
6183,01098,2022-05-25 20:59:45,25.58578,-103.41194,20,04,1,
6183,01098,2022-05-25 21:00:16,25.58693,-103.41222,17,04,1,
6183,01098,2022-05-25 21:00:46,25.58712,-103.41274,6,04,1,
6183,01098,2022-05-25 21:00:56,25.58712,-103.41276,0,00,1,
6183,01098,2022-05-25 21:01:27,25.58712,-103.41275,0,00,1,
6183,01098,2022-05-25 21:01:57,25.58712,-103.41274,0,00,1,
6183,01098,2022-05-25 21:02:28,25.58711,-103.41274,0,00,1,
6183,01098,2022-05-25 21:02:53,25.58711,-103.41274,0,00,1,
6183,01098,2022-05-25 21:03:24,25.58649,-103.41358,26,00,1,
6183,01098,2022-05-25 21:03:54,25.58556,-103.41375,26,00,1,
6183,01098,2022-05-25 21:04:24,25.58422,-103.4151,36,00,1,
6183,01098,2022-05-25 21:04:55,25.58407,-103.41536,0,00,1,
6183,01098,2022-05-25 21:05:25,25.58398,-103.41553,20,00,1,
6183,01098,2022-05-25 21:05:55,25.58278,-103.4182,23,00,1,
6183,01098,2022-05-25 21:06:26,25.58318,-103.41947,16,00,1,
6183,01098,2022-05-25 21:06:56,25.5839,-103.41962,0,00,1,
6183,01098,2022-05-25 21:07:22,25.58399,-103.41947,0,00,1,
6183,01098,2022-05-25 21:07:52,25.58419,-103.41898,0,00,1,
6183,01098,2022-05-25 21:08:23,25.58419,-103.41898,0,00,1,
6183,01098,2022-05-25 21:08:53,25.5842,-103.41898,0,00,1,
6183,01098,2022-05-25 21:09:23,25.5842,-103.41898,0,00,1,
6183,01098,2022-05-25 21:09:54,25.5842,-103.41898,0,00,1,
6183,01098,2022-05-25 21:10:24,25.5842,-103.41898,0,00,1,
6183,01098,2022-05-25 21:10:54,25.5842,-103.41898,0,00,1,
6183,01098,2022-05-25 21:11:25,25.5842,-103.41899,0,00,1,
6183,01098,2022-05-25 21:11:55,25.5842,-103.41899,0,00,1,
6183,01098,2022-05-25 21:12:20,25.5842,-103.41899,0,00,1,
6183,01098,2022-05-25 21:12:51,25.5842,-103.41898,0,00,1,
6183,01099,2022-05-25 21:34:41,25.58418,-103.41895,0,05,1,
6183,01099,2022-05-25 21:34:46,25.58418,-103.41895,0,04,1,
6183,01099,2022-05-25 21:35:12,25.58417,-103.41895,0,04,1,
6183,01099,2022-05-25 21:35:42,25.58417,-103.41894,0,04,1,
6183,01099,2022-05-25 21:36:13,25.58417,-103.41894,0,04,1,
6183,01099,2022-05-25 21:36:43,25.58441,-103.41855,11,04,1,
6183,01099,2022-05-25 21:37:14,25.58525,-103.4168,22,04,1,
6183,01099,2022-05-25 21:37:44,25.58561,-103.41566,19,04,1,
6183,01099,2022-05-25 21:38:15,25.58435,-103.41559,0,04,1,
6183,01099,2022-05-25 21:38:45,25.58435,-103.4156,0,04,1,
6183,01099,2022-05-25 21:39:15,25.58323,-103.41575,32,04,1,
6183,01099,2022-05-25 21:39:46,25.58219,-103.41591,26,04,1,
6183,01099,2022-05-25 21:40:12,25.57956,-103.41629,41,04,1,
6183,01099,2022-05-25 21:40:42,25.57673,-103.41872,58,04,1,
6183,01099,2022-05-25 21:41:08,25.57441,-103.42044,12,04,1,
6183,01099,2022-05-25 21:41:39,25.57413,-103.42157,30,04,1,
6183,01099,2022-05-25 21:42:09,25.57353,-103.42396,1,04,1,
6183,01099,2022-05-25 21:42:40,25.57364,-103.4264,46,04,1,
6183,01099,2022-05-25 21:43:10,25.57442,-103.42946,29,04,1,
6183,01099,2022-05-25 21:43:41,25.57537,-103.43264,22,04,1,
6183,01099,2022-05-25 21:44:11,25.57562,-103.4344,37,04,1,
6183,01099,2022-05-25 21:44:42,25.57578,-103.43519,0,04,1,
6183,01099,2022-05-25 21:45:08,25.5758,-103.43524,9,04,1,
6183,01099,2022-05-25 21:45:38,25.57374,-103.4369,45,04,1,
6183,01099,2022-05-25 21:46:09,25.57235,-103.43789,0,04,1,
6183,01099,2022-05-25 21:46:39,25.57237,-103.43787,0,04,1,
6183,01099,2022-05-25 21:47:10,25.57213,-103.43805,23,04,1,
6183,01099,2022-05-25 21:47:40,25.5698,-103.4397,3,04,1,
6183,01099,2022-05-25 21:48:11,25.56981,-103.4397,1,04,1,
6183,01099,2022-05-25 21:48:41,25.56935,-103.43762,44,04,1,
6183,01099,2022-05-25 21:49:12,25.56855,-103.43403,32,04,1,
6183,01099,2022-05-25 21:49:42,25.56653,-103.4358,51,04,1,
6183,01099,2022-05-25 21:50:08,25.56579,-103.43663,0,04,1,
6183,01099,2022-05-25 21:50:38,25.56618,-103.43798,40,04,1,
6183,01099,2022-05-25 21:51:09,25.56732,-103.43988,31,04,1,
6183,01099,2022-05-25 21:51:39,25.56815,-103.4415,5,04,1,
6183,01099,2022-05-25 21:52:10,25.56821,-103.44321,0,04,1,
6183,01099,2022-05-25 21:52:40,25.56821,-103.4432,0,04,1,
6183,01099,2022-05-25 21:53:11,25.56822,-103.4432,0,04,1,
6183,01099,2022-05-25 21:53:41,25.56821,-103.44319,0,04,1,
6183,01099,2022-05-25 21:54:12,25.56821,-103.44319,0,04,1,
6183,01099,2022-05-25 21:54:42,25.56734,-103.44382,22,04,1,
6183,01099,2022-05-25 21:55:08,25.56622,-103.44453,20,04,1,
6183,01099,2022-05-25 21:55:38,25.5653,-103.44509,0,04,1,
6183,01099,2022-05-25 21:56:09,25.56479,-103.44448,26,04,1,
6183,01099,2022-05-25 21:56:39,25.56416,-103.44323,27,04,1,
6183,01099,2022-05-25 21:57:10,25.5638,-103.44256,0,04,1,
6183,01099,2022-05-25 21:57:40,25.56379,-103.44257,0,04,1,
6183,01099,2022-05-25 21:58:11,25.56353,-103.4425,20,04,1,
6183,01099,2022-05-25 21:58:41,25.56255,-103.44476,12,04,1,
6183,01099,2022-05-25 21:59:12,25.5617,-103.44566,31,04,1,
6183,01099,2022-05-25 21:59:42,25.55947,-103.44746,39,04,1,
6183,01099,2022-05-25 22:00:13,25.55737,-103.44813,0,04,1,
6183,01099,2022-05-25 22:00:38,25.5569,-103.44839,11,04,1,
6183,01099,2022-05-25 22:01:09,25.55711,-103.44913,30,04,1,
6183,01099,2022-05-25 22:01:39,25.55685,-103.45109,29,04,1,
6183,01099,2022-05-25 22:02:10,25.55489,-103.45271,35,04,1,
6183,01099,2022-05-25 22:02:40,25.55355,-103.45254,27,04,1,
6183,01099,2022-05-25 22:03:11,25.55264,-103.45118,17,04,1,
6183,01099,2022-05-25 22:03:41,25.55165,-103.45039,21,04,1,
6183,01099,2022-05-25 22:04:12,25.54973,-103.45201,33,04,1,
6183,01099,2022-05-25 22:04:42,25.54765,-103.45373,33,04,1,
6183,01099,2022-05-25 22:05:13,25.54586,-103.45478,26,04,1,
6183,01099,2022-05-25 22:05:38,25.54461,-103.45481,24,04,1,
6183,01099,2022-05-25 22:06:09,25.54445,-103.4548,0,04,1,
6183,01099,2022-05-25 22:06:39,25.54446,-103.4548,0,04,1,
6183,01099,2022-05-25 22:07:10,25.54446,-103.4548,0,04,1,
6183,01099,2022-05-25 22:07:40,25.54331,-103.45479,4,04,1,
6183,01099,2022-05-25 22:08:11,25.54331,-103.4548,0,04,1,
6183,01099,2022-05-25 22:08:41,25.54315,-103.4548,18,04,1,
6183,01099,2022-05-25 22:09:12,25.54236,-103.4548,4,04,1,
6183,01099,2022-05-25 22:09:42,25.53979,-103.45483,47,04,1,
6183,01099,2022-05-25 22:10:09,25.53754,-103.45486,0,04,1,
6183,01099,2022-05-25 22:10:38,25.53751,-103.45666,36,04,1,
6183,01099,2022-05-25 22:11:09,25.53752,-103.45815,33,04,1,
6183,01099,2022-05-25 22:11:39,25.53754,-103.45891,0,04,1,
6183,01099,2022-05-25 22:12:10,25.53756,-103.45937,0,04,1,
6183,01099,2022-05-25 22:12:40,25.53754,-103.45983,22,04,1,
6183,01099,2022-05-25 22:13:11,25.53744,-103.46095,0,04,1,
6183,01099,2022-05-25 22:13:41,25.53744,-103.4611,14,04,1,
6183,01099,2022-05-25 22:14:12,25.53715,-103.46254,0,04,1,
6183,01099,2022-05-25 22:14:43,25.53705,-103.46298,18,04,1,
6183,01099,2022-05-25 22:15:08,25.53697,-103.46324,0,04,1,
6183,01099,2022-05-25 22:15:39,25.5368,-103.46398,29,04,1,
6183,01099,2022-05-25 22:16:09,25.53657,-103.46521,0,04,1,
6183,01099,2022-05-25 22:16:40,25.53659,-103.46521,0,04,1,
6183,01099,2022-05-25 22:17:10,25.5366,-103.46521,0,04,1,
6183,01099,2022-05-25 22:17:41,25.53659,-103.46523,0,04,1,
6183,01099,2022-05-25 22:18:11,25.53657,-103.46524,0,04,1,
6183,01099,2022-05-25 22:18:42,25.53654,-103.46529,3,04,1,
6183,01099,2022-05-25 22:19:12,25.53697,-103.46561,20,04,1,
6183,01099,2022-05-25 22:19:43,25.53724,-103.4657,0,04,1,
6183,01099,2022-05-25 22:20:12,25.53724,-103.4657,0,04,1,
6183,01099,2022-05-25 22:20:39,25.53838,-103.46597,26,04,1,
6183,01099,2022-05-25 22:21:09,25.53854,-103.46596,0,04,1,
6183,01099,2022-05-25 22:21:40,25.53851,-103.46595,0,04,1,
6183,01099,2022-05-25 22:22:10,25.53852,-103.46597,3,04,1,
6183,01099,2022-05-25 22:22:41,25.53913,-103.46615,0,04,1,
6183,01099,2022-05-25 22:23:11,25.54022,-103.46629,18,04,1,
6183,01099,2022-05-25 22:23:42,25.5406,-103.46456,1,04,1,
6183,01099,2022-05-25 22:24:12,25.54095,-103.463,30,04,1,
6183,01099,2022-05-25 22:24:43,25.54132,-103.46015,31,04,1,
6183,01099,2022-05-25 22:25:13,25.54133,-103.45761,26,04,1,
6183,01099,2022-05-25 22:25:39,25.54132,-103.45578,21,04,1,
6183,01099,2022-05-25 22:26:09,25.54131,-103.45498,0,04,1,
6183,01099,2022-05-25 22:26:40,25.54138,-103.45374,15,04,1,
6183,01099,2022-05-25 22:27:10,25.54214,-103.4537,0,04,1,
6183,01099,2022-05-25 22:27:41,25.54315,-103.45372,12,04,1,
6183,01099,2022-05-25 22:28:11,25.54406,-103.4537,0,04,1,
6183,01099,2022-05-25 22:28:42,25.54405,-103.45369,0,04,1,
6183,01099,2022-05-25 22:29:12,25.54405,-103.45369,1,04,1,
6183,01099,2022-05-25 22:29:43,25.54456,-103.45366,27,04,1,
6183,01099,2022-05-25 22:30:13,25.54598,-103.45346,29,04,1,
6183,01099,2022-05-25 22:30:39,25.54712,-103.45184,0,04,1,
6183,01099,2022-05-25 22:31:09,25.54713,-103.45182,2,04,1,
6183,01099,2022-05-25 22:31:40,25.54832,-103.45056,46,04,1,
6183,01099,2022-05-25 22:32:10,25.54944,-103.44954,33,04,1,
6183,01099,2022-05-25 22:32:41,25.55035,-103.44878,0,04,1,
6183,01099,2022-05-25 22:33:11,25.55034,-103.44879,0,04,1,
6183,01099,2022-05-25 22:33:42,25.55034,-103.44879,0,04,1,
6183,01099,2022-05-25 22:34:12,25.55138,-103.44787,43,04,1,
6183,01099,2022-05-25 22:34:43,25.55577,-103.44787,60,04,1,
6183,01099,2022-05-25 22:35:13,25.5594,-103.44734,47,04,1,
6183,01099,2022-05-25 22:35:39,25.56194,-103.44514,53,04,1,
6183,01099,2022-05-25 22:36:09,25.56338,-103.4428,0,04,1,
6183,01099,2022-05-25 22:36:40,25.56337,-103.44282,0,04,1,
6183,01099,2022-05-25 22:37:10,25.56346,-103.44248,20,04,1,
6183,01099,2022-05-25 22:37:41,25.56409,-103.44271,1,04,1,
6183,01099,2022-05-25 22:38:11,25.56452,-103.4436,22,04,1,
6183,01099,2022-05-25 22:38:42,25.56584,-103.44472,28,04,1,
6183,01099,2022-05-25 22:39:12,25.5679,-103.44335,42,04,1,
6183,01099,2022-05-25 22:39:43,25.56821,-103.4431,0,04,1,
6183,01099,2022-05-25 22:40:14,25.56821,-103.4431,0,04,1,
6183,01099,2022-05-25 22:40:39,25.56821,-103.44311,0,04,1,
6183,01099,2022-05-25 22:41:10,25.56821,-103.44311,0,04,1,
6183,01099,2022-05-25 22:41:40,25.56821,-103.44311,1,04,1,
6183,01099,2022-05-25 22:42:11,25.56822,-103.44222,13,04,1,
6183,01099,2022-05-25 22:42:41,25.56913,-103.44155,16,04,1,
6183,01099,2022-05-25 22:43:12,25.57041,-103.44066,22,04,1,
6183,01099,2022-05-25 22:43:42,25.57167,-103.44037,17,04,1,
6183,01099,2022-05-25 22:44:13,25.57243,-103.4406,8,04,1,
6183,01099,2022-05-25 22:44:43,25.57259,-103.43987,16,04,1,
6183,01099,2022-05-25 22:45:14,25.57227,-103.4381,7,04,1,
6183,01099,2022-05-25 22:45:39,25.57228,-103.43807,0,04,1,
6183,01099,2022-05-25 22:46:10,25.57227,-103.43808,0,04,1,
6183,01099,2022-05-25 22:46:40,25.57222,-103.43776,19,04,1,
6183,01099,2022-05-25 22:47:11,25.57206,-103.43556,27,04,1,
6183,01099,2022-05-25 22:47:41,25.57199,-103.43448,23,04,1,
6183,01099,2022-05-25 22:48:12,25.57189,-103.43293,21,04,1,
6183,01099,2022-05-25 22:48:42,25.57087,-103.43094,30,04,1,
6183,01099,2022-05-25 22:49:13,25.57041,-103.42939,19,04,1,
6183,01099,2022-05-25 22:49:43,25.57038,-103.42787,16,04,1,
6183,01099,2022-05-25 22:50:14,25.57044,-103.42778,0,04,1,
6183,01099,2022-05-25 22:50:39,25.5707,-103.42739,15,04,1,
6183,01099,2022-05-25 22:51:10,25.57203,-103.42536,39,04,1,
6183,01099,2022-05-25 22:51:40,25.57325,-103.4225,35,04,1,
6183,01099,2022-05-25 22:52:11,25.57352,-103.42106,29,04,1,
6183,01099,2022-05-25 22:52:41,25.57358,-103.42037,1,04,1,
6183,01099,2022-05-25 22:53:12,25.57252,-103.4203,0,04,1,
6183,01099,2022-05-25 22:53:42,25.57209,-103.42031,22,04,1,
6183,01099,2022-05-25 22:54:13,25.57153,-103.42032,0,04,1,
6183,01099,2022-05-25 22:54:43,25.57154,-103.42031,0,04,1,
6183,01099,2022-05-25 22:55:14,25.57154,-103.42031,0,04,1,
6183,01099,2022-05-25 22:55:40,25.57153,-103.42031,0,04,1,
6183,01099,2022-05-25 22:56:10,25.57154,-103.41981,0,04,1,
6183,01099,2022-05-25 22:56:41,25.57217,-103.41898,0,04,1,
6183,01099,2022-05-25 22:57:11,25.57324,-103.41756,38,04,1,
6183,01099,2022-05-25 22:57:42,25.57489,-103.41469,36,04,1,
6183,01099,2022-05-25 22:58:12,25.57548,-103.41317,22,04,1,
6183,01099,2022-05-25 22:58:43,25.57641,-103.41075,34,04,1,
6183,01099,2022-05-25 22:59:13,25.57702,-103.40917,32,04,1,
6183,01099,2022-05-25 22:59:44,25.57731,-103.40838,1,04,1,
6183,01099,2022-05-25 23:00:14,25.57755,-103.40776,18,04,1,
6183,01099,2022-05-25 23:00:40,25.57829,-103.40582,36,04,1,
6183,01099,2022-05-25 23:01:10,25.57889,-103.40425,0,04,1,
6183,01099,2022-05-25 23:01:41,25.57893,-103.40418,1,04,1,
6183,01099,2022-05-25 23:02:11,25.57938,-103.403,25,04,1,
6183,01099,2022-05-25 23:02:42,25.58007,-103.40134,44,04,1,
6183,01099,2022-05-25 23:03:13,25.57979,-103.39786,52,04,1,
6183,01099,2022-05-25 23:03:43,25.57768,-103.39338,61,04,1,
6183,01099,2022-05-25 23:04:14,25.57682,-103.39157,0,04,1,
6183,01099,2022-05-25 23:04:44,25.57787,-103.39293,41,04,1,
6183,01099,2022-05-25 23:05:10,25.57936,-103.39598,50,04,1,
6183,01099,2022-05-25 23:05:40,25.58114,-103.3993,26,04,1,
6183,01099,2022-05-25 23:06:10,25.58229,-103.39843,31,04,1,
6183,01099,2022-05-25 23:06:41,25.58479,-103.39638,43,04,1,
6183,01099,2022-05-25 23:07:12,25.58665,-103.39583,28,04,1,
6183,01099,2022-05-25 23:07:42,25.58779,-103.39687,21,04,1,
6183,01099,2022-05-25 23:08:13,25.58959,-103.39847,7,04,1,
6183,01099,2022-05-25 23:08:43,25.59006,-103.39887,23,04,1,
6183,01099,2022-05-25 23:09:14,25.59044,-103.39917,19,04,1,
6183,01099,2022-05-25 23:09:44,25.5907,-103.39941,0,04,1,
6183,01099,2022-05-25 23:10:11,25.59098,-103.39969,21,04,1,
6183,01099,2022-05-25 23:10:40,25.59223,-103.40076,0,04,1,
6183,01099,2022-05-25 23:11:10,25.59302,-103.40148,35,04,1,
6183,01099,2022-05-25 23:11:41,25.59485,-103.40041,34,04,1,
6183,01099,2022-05-25 23:12:12,25.59576,-103.39871,19,04,1,
6183,01099,2022-05-25 23:12:42,25.59571,-103.39865,4,04,1,
6183,01099,2022-05-25 23:13:13,25.59534,-103.39797,21,04,1,
6183,01099,2022-05-25 23:13:43,25.59486,-103.39707,0,04,1,
6183,01099,2022-05-25 23:14:14,25.59459,-103.39659,15,04,1,
6183,01099,2022-05-25 23:14:44,25.59366,-103.39487,33,04,1,
6183,01099,2022-05-25 23:15:10,25.59334,-103.39428,13,04,1,
6183,01099,2022-05-25 23:15:41,25.59221,-103.39215,34,04,1,
6183,01099,2022-05-25 23:16:11,25.5914,-103.39065,24,04,1,
6183,01099,2022-05-25 23:16:42,25.5903,-103.38864,13,04,1,
6183,01099,2022-05-25 23:17:12,25.58939,-103.38695,15,04,1,
6183,01099,2022-05-25 23:17:43,25.58894,-103.38611,0,04,1,
6183,01099,2022-05-25 23:18:13,25.58894,-103.38608,0,04,1,
6183,01099,2022-05-25 23:18:44,25.58893,-103.38609,0,04,1,
6183,01099,2022-05-25 23:19:14,25.58893,-103.38609,0,04,1,
6183,01099,2022-05-25 23:19:40,25.58974,-103.3854,15,04,1,
6183,01099,2022-05-25 23:20:10,25.58988,-103.38533,0,04,1,
6183,01099,2022-05-25 23:20:41,25.591,-103.38485,37,04,1,
6183,01099,2022-05-25 23:21:11,25.5942,-103.38337,50,04,1,
6183,01099,2022-05-25 23:21:42,25.59772,-103.38172,22,04,1,
6183,01099,2022-05-25 23:22:13,25.59787,-103.38143,0,04,1,
6183,01099,2022-05-25 23:22:43,25.59786,-103.38124,11,04,1,
6183,01099,2022-05-25 23:23:14,25.59803,-103.37848,38,04,1,
6183,01099,2022-05-25 23:23:44,25.59821,-103.37637,11,04,1,
6183,01099,2022-05-25 23:24:15,25.59971,-103.37538,38,04,1,
6183,01099,2022-05-25 23:24:40,25.60198,-103.37396,36,04,1,
6183,01099,2022-05-25 23:25:11,25.60348,-103.37295,19,04,1,
6183,01099,2022-05-25 23:25:41,25.60402,-103.37271,10,04,1,
6183,01099,2022-05-25 23:26:12,25.60536,-103.37199,0,04,1,
6183,01099,2022-05-25 23:26:42,25.60503,-103.37068,40,04,1,
6183,01099,2022-05-25 23:27:13,25.60414,-103.36859,27,04,1,
6183,01099,2022-05-25 23:27:43,25.60351,-103.36724,11,04,1,
6183,01099,2022-05-25 23:28:14,25.60247,-103.36778,19,04,1,
6183,01099,2022-05-25 23:28:44,25.60133,-103.36837,26,04,1,
6183,01099,2022-05-25 23:29:15,25.59955,-103.36866,40,04,1,
6183,01099,2022-05-25 23:29:40,25.59863,-103.36861,0,04,1,
6183,01099,2022-05-25 23:30:11,25.59847,-103.36726,38,04,1,
6183,01099,2022-05-25 23:30:41,25.59864,-103.36311,59,04,1,
6183,01099,2022-05-25 23:31:12,25.5986,-103.36111,22,04,1,
6183,01099,2022-05-25 23:31:42,25.59601,-103.36118,10,04,1,
6183,01099,2022-05-25 23:32:13,25.59546,-103.36121,27,04,1,
6183,01099,2022-05-25 23:32:43,25.59402,-103.36132,18,04,1,
6183,01099,2022-05-25 23:33:14,25.59208,-103.36147,21,04,1,
6183,01099,2022-05-25 23:33:44,25.59153,-103.36149,23,04,1,
6183,01099,2022-05-25 23:34:15,25.59027,-103.36156,0,04,1,
6183,01099,2022-05-25 23:34:40,25.58975,-103.36115,26,04,1,
6183,01099,2022-05-25 23:35:11,25.58969,-103.35959,28,04,1,
6183,01099,2022-05-25 23:35:41,25.58898,-103.3582,21,04,1,
6183,01099,2022-05-25 23:36:12,25.58814,-103.35811,0,04,1,
6183,01099,2022-05-25 23:36:43,25.58754,-103.35689,25,04,1,
6183,01099,2022-05-25 23:37:13,25.58637,-103.35669,19,04,1,
6183,01099,2022-05-25 23:37:44,25.58631,-103.35526,0,04,1,
6183,01099,2022-05-25 23:38:14,25.58679,-103.3551,12,04,1,
6183,01099,2022-05-25 23:38:45,25.58771,-103.35504,15,04,1,
6183,01099,2022-05-25 23:39:10,25.58848,-103.355,20,04,1,
6183,01099,2022-05-25 23:39:41,25.58865,-103.35417,24,04,1,
6183,01099,2022-05-25 23:40:11,25.58861,-103.35385,0,04,1,
6183,01099,2022-05-25 23:40:32,25.58861,-103.35385,0,00,1,
6183,01099,2022-05-25 23:41:02,25.58861,-103.35385,0,00,1,
6183,01099,2022-05-25 23:41:33,25.58861,-103.35385,0,00,1,
6183,01099,2022-05-25 23:42:04,25.58861,-103.35385,0,00,1,
6183,01099,2022-05-25 23:42:34,25.58861,-103.35385,0,00,1,
6183,01099,2022-05-25 23:43:05,25.58861,-103.35385,0,00,1,
6183,01099,2022-05-25 23:43:35,25.58861,-103.35385,0,00,1,
6183,01099,2022-05-25 23:44:06,25.58861,-103.35385,0,00,1,
6183,01099,2022-05-25 23:44:35,25.58861,-103.35385,0,00,1,
6183,01099,2022-05-25 23:45:02,25.58861,-103.35385,0,00,1,
6183,01100,2022-05-26 00:20:22,0,0,0,04,0,
6183,01100,2022-05-26 00:20:32,25.58863,-103.35386,0,04,1,
6183,01100,2022-05-26 00:20:57,25.58862,-103.35386,0,04,1,
6183,01100,2022-05-26 00:21:28,25.58862,-103.35386,0,04,1,
6183,01100,2022-05-26 00:21:58,25.58861,-103.35386,0,04,1,
6183,01100,2022-05-26 00:22:28,25.58863,-103.35365,8,04,1,
6183,01100,2022-05-26 00:22:58,25.58901,-103.35397,14,04,1,
6183,01100,2022-05-26 00:23:29,25.58893,-103.35501,11,04,1,
6183,01100,2022-05-26 00:23:55,25.58801,-103.35506,14,04,1,
6183,01100,2022-05-26 00:24:26,25.58725,-103.35512,0,04,1,
6183,01100,2022-05-26 00:24:56,25.5872,-103.35512,0,04,1,
6183,01100,2022-05-26 00:25:26,25.5872,-103.35512,0,04,1,
6183,01100,2022-05-26 00:25:53,25.5872,-103.35512,0,04,1,
6183,01100,2022-05-26 00:26:22,25.5872,-103.35512,1,04,1,
6183,01100,2022-05-26 00:26:52,25.58661,-103.35514,8,04,1,
6183,01100,2022-05-26 00:27:23,25.58637,-103.35592,16,04,1,
6183,01100,2022-05-26 00:27:53,25.58645,-103.35695,0,04,1,
6183,01100,2022-05-26 00:28:23,25.58729,-103.35693,0,04,1,
6183,01100,2022-05-26 00:28:54,25.58806,-103.35737,21,04,1,
6183,01100,2022-05-26 00:29:24,25.58884,-103.35822,20,04,1,
6183,01100,2022-05-26 00:29:55,25.58967,-103.35861,19,04,1,
6183,01100,2022-05-26 00:30:25,25.58978,-103.36077,26,04,1,
6183,01100,2022-05-26 00:30:55,25.59089,-103.36139,23,04,1,
6183,01100,2022-05-26 00:31:20,25.59169,-103.36133,14,04,1,
6183,01100,2022-05-26 00:31:51,25.59267,-103.36135,19,04,1,
6183,01100,2022-05-26 00:32:21,25.59413,-103.36128,21,04,1,
6183,01100,2022-05-26 00:32:52,25.59607,-103.36115,10,04,1,
6183,01100,2022-05-26 00:33:22,25.59829,-103.36105,29,04,1,
6183,01100,2022-05-26 00:33:52,25.59867,-103.36108,0,04,1,
6183,01100,2022-05-26 00:34:22,25.59867,-103.36108,0,04,1,
6183,01100,2022-05-26 00:34:53,25.5988,-103.36233,33,04,1,
6183,01100,2022-05-26 00:35:23,25.59872,-103.36481,35,04,1,
6183,01100,2022-05-26 00:35:54,25.5986,-103.36803,30,04,1,
6183,01100,2022-05-26 00:36:19,25.599,-103.36856,15,04,1,
6183,01100,2022-05-26 00:36:49,25.60092,-103.3685,31,04,1,
6183,01100,2022-05-26 00:37:20,25.60262,-103.3676,21,04,1,
6183,01100,2022-05-26 00:37:50,25.60371,-103.36725,0,04,1,
6183,01100,2022-05-26 00:38:20,25.60406,-103.36812,21,04,1,
6183,01100,2022-05-26 00:38:51,25.60488,-103.37007,18,04,1,
6183,01100,2022-05-26 00:39:21,25.60544,-103.37128,17,04,1,
6183,01100,2022-05-26 00:39:51,25.6053,-103.37219,22,04,1,
6183,01100,2022-05-26 00:40:22,25.60385,-103.37313,22,04,1,
6183,01100,2022-05-26 00:40:52,25.60224,-103.37383,25,04,1,
6183,01100,2022-05-26 00:41:22,25.59994,-103.37526,42,04,1,
6183,01100,2022-05-26 00:41:48,25.59824,-103.37658,26,04,1,
6183,01100,2022-05-26 00:42:18,25.59815,-103.37994,47,04,1,
6183,01100,2022-05-26 00:42:48,25.59807,-103.38156,0,04,1,
6183,01100,2022-05-26 00:43:19,25.59806,-103.38154,0,04,1,
6183,01100,2022-05-26 00:43:49,25.59771,-103.38192,30,04,1,
6183,01100,2022-05-26 00:44:19,25.59425,-103.38346,59,04,1,
6183,01100,2022-05-26 00:44:50,25.59152,-103.38474,3,04,1,
6183,01100,2022-05-26 00:45:20,25.58952,-103.38575,17,04,1,
6183,01100,2022-05-26 00:45:50,25.58914,-103.38651,31,04,1,
6183,01100,2022-05-26 00:46:21,25.59028,-103.38861,15,04,1,
6183,01100,2022-05-26 00:46:51,25.59126,-103.39042,50,04,1,
6183,01100,2022-05-26 00:47:16,25.59231,-103.39237,28,04,1,
6183,01100,2022-05-26 00:47:47,25.58915,-103.39397,62,04,1,
6183,01100,2022-05-26 00:48:17,25.58592,-103.39548,38,04,1,
6183,01100,2022-05-26 00:48:47,25.58272,-103.3981,61,04,1,
6183,01100,2022-05-26 00:49:18,25.58151,-103.4005,41,04,1,
6183,01100,2022-05-26 00:49:48,25.58365,-103.405,71,04,1,
6183,01100,2022-05-26 00:50:18,25.58565,-103.4095,33,04,1,
6183,01100,2022-05-26 00:50:49,25.58369,-103.40588,57,04,1,
6183,01100,2022-05-26 00:51:19,25.58218,-103.4029,16,04,1,
6183,01100,2022-05-26 00:51:49,25.58053,-103.40059,38,04,1,
6183,01100,2022-05-26 00:52:15,25.57953,-103.40308,16,04,1,
6183,01100,2022-05-26 00:52:45,25.57918,-103.40401,0,04,1,
6183,01100,2022-05-26 00:53:15,25.57902,-103.40447,24,04,1,
6183,01100,2022-05-26 00:53:46,25.57797,-103.40722,59,04,1,
6183,01100,2022-05-26 00:54:16,25.5761,-103.41209,57,04,1,
6183,01100,2022-05-26 00:54:46,25.57521,-103.41436,36,04,1,
6183,01100,2022-05-26 00:55:12,25.57332,-103.41778,64,04,1,
6183,01100,2022-05-26 00:55:37,25.57166,-103.42004,7,04,1,
6183,01100,2022-05-26 00:56:07,25.57294,-103.42031,27,04,1,
6183,01100,2022-05-26 00:56:38,25.57362,-103.42029,0,04,1,
6183,01100,2022-05-26 00:57:08,25.57362,-103.42028,0,04,1,
6183,01100,2022-05-26 00:57:39,25.57359,-103.42149,29,04,1,
6183,01100,2022-05-26 00:58:09,25.57256,-103.42476,46,04,1,
6183,01100,2022-05-26 00:58:39,25.57086,-103.42746,5,04,1,
6183,01100,2022-05-26 00:59:09,25.57058,-103.42796,26,04,1,
6183,01100,2022-05-26 00:59:40,25.57045,-103.42947,12,04,1,
6183,01100,2022-05-26 01:00:10,25.5709,-103.43101,27,04,1,
6183,01100,2022-05-26 01:00:36,25.57189,-103.43281,27,04,1,
6183,01100,2022-05-26 01:01:06,25.57193,-103.43307,0,04,1,
6183,01100,2022-05-26 01:01:36,25.572,-103.43427,30,04,1,
6183,01100,2022-05-26 01:02:07,25.57212,-103.43632,30,04,1,
6183,01100,2022-05-26 01:02:37,25.57228,-103.43775,0,04,1,
6183,01100,2022-05-26 01:03:07,25.57229,-103.43775,0,04,1,
6183,01100,2022-05-26 01:03:38,25.57234,-103.438,12,04,1,
6183,01100,2022-05-26 01:04:08,25.57252,-103.43923,31,04,1,
6183,01100,2022-05-26 01:04:38,25.57273,-103.4407,0,04,1,
6183,01100,2022-05-26 01:05:09,25.57272,-103.44069,0,04,1,
6183,01100,2022-05-26 01:05:34,25.57233,-103.44146,31,04,1,
6183,01100,2022-05-26 01:06:04,25.57085,-103.44396,13,04,1,
6183,01100,2022-05-26 01:06:35,25.56987,-103.44449,16,04,1,
6183,01100,2022-05-26 01:07:05,25.56915,-103.44344,21,04,1,
6183,01100,2022-05-26 01:07:35,25.56755,-103.44366,26,04,1,
6183,01100,2022-05-26 01:08:06,25.56604,-103.44464,23,04,1,
6183,01100,2022-05-26 01:08:36,25.5652,-103.44514,8,04,1,
6183,01100,2022-05-26 01:09:07,25.56442,-103.44378,17,04,1,
6183,01100,2022-05-26 01:09:37,25.56435,-103.44362,0,04,1,
6183,01100,2022-05-26 01:10:07,25.56386,-103.44264,30,04,1,
6183,01100,2022-05-26 01:10:38,25.56346,-103.44288,23,04,1,
6183,01100,2022-05-26 01:11:03,25.56262,-103.44469,32,04,1,
6183,01100,2022-05-26 01:11:33,25.56076,-103.44639,22,04,1,
6183,01100,2022-05-26 01:12:04,25.5598,-103.44713,28,04,1,
6183,01100,2022-05-26 01:12:34,25.55739,-103.44813,27,04,1,
6183,01100,2022-05-26 01:13:04,25.55695,-103.44823,0,04,1,
6183,01100,2022-05-26 01:13:35,25.55696,-103.44823,0,04,1,
6183,01100,2022-05-26 01:14:05,25.5562,-103.44817,28,04,1,
6183,01100,2022-05-26 01:14:35,25.55348,-103.44761,41,04,1,
6183,01100,2022-05-26 01:15:06,25.55045,-103.44881,40,04,1,
6183,01100,2022-05-26 01:15:36,25.54845,-103.45055,36,04,1,
6183,01100,2022-05-26 01:16:02,25.54688,-103.45234,19,04,1,
6183,01100,2022-05-26 01:16:32,25.5468,-103.45245,0,04,1,
6183,01100,2022-05-26 01:17:02,25.54652,-103.45289,23,04,1,
6183,01100,2022-05-26 01:17:32,25.54514,-103.45465,20,04,1,
6183,01100,2022-05-26 01:18:03,25.54443,-103.45482,0,04,1,
6183,01100,2022-05-26 01:18:33,25.54444,-103.45482,0,04,1,
6183,01100,2022-05-26 01:19:03,25.54406,-103.4548,22,04,1,
6183,01100,2022-05-26 01:19:34,25.54336,-103.45478,0,04,1,
6183,01100,2022-05-26 01:20:04,25.54252,-103.45477,5,04,1,
6183,01100,2022-05-26 01:20:34,25.5425,-103.45478,0,04,1,
6183,01100,2022-05-26 01:21:05,25.5418,-103.45479,28,04,1,
6183,01100,2022-05-26 01:21:30,25.54011,-103.45482,1,04,1,
6183,01100,2022-05-26 01:22:00,25.53861,-103.45482,2,04,1,
6183,01100,2022-05-26 01:22:31,25.53862,-103.45482,0,04,1,
6183,01100,2022-05-26 01:23:01,25.53834,-103.45482,18,04,1,
6183,01100,2022-05-26 01:23:31,25.53747,-103.45499,19,04,1,
6183,01100,2022-05-26 01:24:02,25.53751,-103.45768,32,04,1,
6183,01100,2022-05-26 01:24:32,25.53753,-103.45932,0,04,1,
6183,01100,2022-05-26 01:25:02,25.53752,-103.45969,15,04,1,
6183,01100,2022-05-26 01:25:33,25.53752,-103.46008,12,04,1,
6183,01100,2022-05-26 01:26:03,25.53749,-103.46044,11,04,1,
6183,01100,2022-05-26 01:26:28,25.53731,-103.46166,21,04,1,
6183,01100,2022-05-26 01:26:59,25.53716,-103.46224,0,04,1,
6183,01100,2022-05-26 01:27:29,25.53712,-103.46256,7,04,1,
6183,01100,2022-05-26 01:27:59,25.53682,-103.46385,27,04,1,
6183,01100,2022-05-26 01:28:30,25.53651,-103.4653,0,04,1,
6183,01100,2022-05-26 01:29:00,25.53651,-103.4653,0,04,1,
6183,01100,2022-05-26 01:29:31,25.53685,-103.46557,9,04,1,
6183,01100,2022-05-26 01:30:01,25.5372,-103.46568,4,04,1,
6183,01100,2022-05-26 01:30:31,25.53769,-103.46581,26,04,1,
6183,01100,2022-05-26 01:31:02,25.53998,-103.46642,22,04,1,
6183,01100,2022-05-26 01:31:32,25.54059,-103.46454,35,04,1,
6183,01100,2022-05-26 01:31:57,25.54109,-103.46208,33,04,1,
6183,01100,2022-05-26 01:32:27,25.54122,-103.46095,21,04,1,
6183,01100,2022-05-26 01:32:58,25.54131,-103.45826,38,04,1,
6183,01100,2022-05-26 01:33:28,25.5413,-103.45539,28,04,1,
6183,01100,2022-05-26 01:33:58,25.54129,-103.45435,24,04,1,
6183,01100,2022-05-26 01:34:29,25.54194,-103.45369,17,04,1,
6183,01100,2022-05-26 01:34:59,25.54291,-103.45373,33,04,1,
6183,01100,2022-05-26 01:35:30,25.54563,-103.4537,11,04,1,
6183,01100,2022-05-26 01:36:00,25.54642,-103.4537,29,04,1,
6183,01100,2022-05-26 01:36:30,25.5477,-103.45368,27,04,1,
6183,01100,2022-05-26 01:36:56,25.54947,-103.4522,33,04,1,
6183,01100,2022-05-26 01:37:26,25.55154,-103.45048,33,04,1,
6183,01100,2022-05-26 01:37:56,25.55238,-103.45075,11,04,1,
6183,01100,2022-05-26 01:38:27,25.5531,-103.45182,25,04,1,
6183,01100,2022-05-26 01:38:57,25.55403,-103.45321,17,04,1,
6183,01100,2022-05-26 01:39:27,25.55541,-103.45226,35,04,1,
6183,01100,2022-05-26 01:39:58,25.55746,-103.45046,19,04,1,
6183,01100,2022-05-26 01:40:28,25.55701,-103.44873,0,04,1,
6183,01100,2022-05-26 01:40:58,25.557,-103.44875,0,04,1,
6183,01100,2022-05-26 01:41:29,25.55693,-103.44855,18,04,1,
6183,01100,2022-05-26 01:41:58,25.55866,-103.44761,44,04,1,
6183,01100,2022-05-26 01:42:25,25.56007,-103.44669,26,04,1,
6183,01100,2022-05-26 01:42:55,25.56207,-103.44495,40,04,1,
6183,01100,2022-05-26 01:43:25,25.56341,-103.44258,12,04,1,
6183,01100,2022-05-26 01:43:56,25.56342,-103.44254,0,04,1,
6183,01100,2022-05-26 01:44:26,25.56342,-103.44255,0,04,1,
6183,01100,2022-05-26 01:44:56,25.56408,-103.44275,20,04,1,
6183,01100,2022-05-26 01:45:27,25.56509,-103.44479,28,04,1,
6183,01100,2022-05-26 01:45:57,25.56634,-103.44441,13,04,1,
6183,01100,2022-05-26 01:46:27,25.56812,-103.44318,8,04,1,
6183,01100,2022-05-26 01:46:58,25.56812,-103.44197,25,04,1,
6183,01100,2022-05-26 01:47:23,25.56802,-103.44119,14,04,1,
6183,01100,2022-05-26 01:47:54,25.56712,-103.43968,22,04,1,
6183,01100,2022-05-26 01:48:24,25.56605,-103.43786,28,04,1,
6183,01100,2022-05-26 01:48:54,25.56561,-103.43708,0,04,1,
6183,01100,2022-05-26 01:49:24,25.56562,-103.43708,0,04,1,
6183,01100,2022-05-26 01:49:55,25.5655,-103.43683,17,04,1,
6183,01100,2022-05-26 01:50:25,25.56751,-103.43454,43,04,1,
6183,01100,2022-05-26 01:50:56,25.56825,-103.43376,0,04,1,
6183,01100,2022-05-26 01:51:26,25.56867,-103.43426,32,04,1,
6183,01100,2022-05-26 01:51:56,25.5693,-103.43595,28,04,1,
6183,01100,2022-05-26 01:52:21,25.56937,-103.43721,23,04,1,
6183,01100,2022-05-26 01:52:52,25.5695,-103.43948,15,04,1,
6183,01100,2022-05-26 01:53:22,25.57079,-103.43888,39,04,1,
6183,01100,2022-05-26 01:53:53,25.57238,-103.43772,0,04,1,
6183,01100,2022-05-26 01:54:23,25.57366,-103.43684,27,04,1,
6183,01100,2022-05-26 01:54:53,25.57488,-103.43599,16,04,1,
6183,01100,2022-05-26 01:55:24,25.5756,-103.43523,27,04,1,
6183,01100,2022-05-26 01:55:54,25.57478,-103.43312,9,04,1,
6183,01100,2022-05-26 01:56:04,25.57472,-103.43292,18,00,1,
6183,01100,2022-05-26 01:56:35,25.57432,-103.43144,0,00,1,
6183,01100,2022-05-26 01:57:05,25.57432,-103.43145,0,00,1,
6183,01100,2022-05-26 01:57:36,25.57433,-103.43145,0,00,1,
6183,01100,2022-05-26 01:58:06,25.57427,-103.43112,17,00,1,
6183,01100,2022-05-26 01:58:36,25.57392,-103.42929,22,00,1,
6183,01100,2022-05-26 01:59:07,25.57366,-103.42816,11,00,1,
6183,01100,2022-05-26 01:59:37,25.5733,-103.42673,5,00,1,
6183,01100,2022-05-26 02:00:07,25.57278,-103.42513,23,00,1,
6183,01100,2022-05-26 02:00:33,25.5724,-103.42516,4,00,1,
6183,01100,2022-05-26 02:01:03,25.57237,-103.42531,0,00,1,
6183,01100,2022-05-26 02:01:33,25.57238,-103.42532,0,00,1,
6183,01100,2022-05-26 02:02:04,25.57238,-103.42532,0,00,1,
6183,01100,2022-05-26 02:02:34,25.57237,-103.42533,0,00,1,
6183,01100,2022-05-26 02:03:05,25.57236,-103.42533,0,00,1,
6183,01100,2022-05-26 02:03:35,25.57235,-103.42533,0,00,1,
6183,01100,2022-05-26 02:04:05,25.57235,-103.42533,0,00,1,
6183,01100,2022-05-26 02:04:36,25.57236,-103.42533,0,00,1,
6183,01100,2022-05-26 02:05:06,25.57236,-103.42534,0,00,1,
6183,01100,2022-05-26 02:05:31,25.57237,-103.42534,0,00,1,
6183,01100,2022-05-26 02:06:01,25.57244,-103.42523,7,00,1,
6183,01100,2022-05-26 02:06:32,25.57272,-103.42507,7,00,1,
6183,01100,2022-05-26 02:07:02,25.57316,-103.42613,16,00,1,
6183,01100,2022-05-26 02:07:32,25.57338,-103.42696,11,00,1,
6183,01100,2022-05-26 02:08:03,25.5737,-103.42828,13,00,1,
6183,01100,2022-05-26 02:08:33,25.574,-103.42956,24,00,1,
6183,01100,2022-05-26 02:09:04,25.57451,-103.43191,33,00,1,
6183,01100,2022-05-26 02:09:34,25.57542,-103.43287,11,00,1,
6183,01100,2022-05-26 02:10:04,25.57577,-103.43497,29,00,1,
6183,01100,2022-05-26 02:10:35,25.57666,-103.43486,15,00,1,
6183,01100,2022-05-26 02:11:00,25.57799,-103.43369,34,00,1,
6183,01100,2022-05-26 02:11:30,25.57931,-103.43171,34,00,1,
6183,01100,2022-05-26 02:12:01,25.57998,-103.42864,37,00,1,
6183,01100,2022-05-26 02:12:31,25.58067,-103.42547,38,00,1,
6183,01100,2022-05-26 02:13:02,25.58117,-103.42302,12,00,1,
6183,01100,2022-05-26 02:13:32,25.58038,-103.42254,17,00,1,
6183,01100,2022-05-26 02:14:02,25.57938,-103.42229,17,00,1,
6183,01100,2022-05-26 02:14:33,25.57812,-103.42198,11,00,1,
6183,01100,2022-05-26 02:15:03,25.57794,-103.4216,1,00,1,
6183,01100,2022-05-26 02:15:33,25.57777,-103.42182,6,00,1,
6183,01100,2022-05-26 02:15:59,25.57738,-103.422,10,00,1,
6183,01100,2022-05-26 02:16:29,25.57703,-103.4219,6,00,1,
6183,01100,2022-05-26 02:16:59,25.57666,-103.42193,0,00,1,
6183,01100,2022-05-26 02:17:30,25.57665,-103.42203,0,00,1,
6183,01100,2022-05-26 02:18:00,25.57667,-103.422,0,00,1,
6183,01100,2022-05-26 02:18:31,25.57667,-103.422,0,00,1,
6183,01100,2022-05-26 02:19:01,25.57667,-103.42201,0,00,1,
6183,01100,2022-05-26 02:19:31,25.57668,-103.42201,0,00,1,
6183,01100,2022-05-26 02:20:01,25.57668,-103.42201,0,00,1,
6183,01100,2022-05-26 02:20:32,25.57668,-103.42201,0,00,1,
6183,01100,2022-05-26 02:20:57,25.57668,-103.42201,0,00,1,
6183,01100,2022-05-26 02:21:28,25.57667,-103.42201,0,00,1,
6183,01100,2022-05-26 02:21:58,25.57667,-103.42201,0,00,1,
6183,01100,2022-05-26 02:22:28,25.57666,-103.42201,0,00,1,
6183,01100,2022-05-26 02:22:59,25.57666,-103.42201,0,00,1,
6183,01100,2022-05-26 02:23:29,25.57667,-103.42201,0,00,1,
