Code vehicule,Code chauffeur,Date (GMT),Latitude,Longitude,Vitesse,I/O,Valide
4660,02610,2022-05-25 11:06:36,25.51932,-103.35986,0,04,1,
4660,02610,2022-05-25 11:06:36,25.51932,-103.35986,0,05,1,
4660,02610,2022-05-25 11:07:06,25.51932,-103.35985,0,04,1,
4660,02610,2022-05-25 11:07:32,25.51932,-103.35984,0,04,1,
4660,02610,2022-05-25 11:08:02,25.51932,-103.35983,0,04,1,
4660,02610,2022-05-25 11:08:32,25.51932,-103.35983,0,04,1,
4660,02610,2022-05-25 11:09:03,25.51932,-103.35984,0,04,1,
4660,02610,2022-05-25 11:09:33,25.51931,-103.35984,0,04,1,
4660,02610,2022-05-25 11:10:03,25.51933,-103.3598,3,04,1,
4660,02610,2022-05-25 11:10:34,25.51949,-103.35954,8,04,1,
4660,02610,2022-05-25 11:11:04,25.52046,-103.36,16,04,1,
4660,02610,2022-05-25 11:11:34,25.52241,-103.36027,31,04,1,
4660,02610,2022-05-25 11:12:05,25.52377,-103.36022,14,04,1,
4660,02610,2022-05-25 11:12:31,25.52598,-103.36018,48,04,1,
4660,02610,2022-05-25 11:13:00,25.52898,-103.36016,41,04,1,
4660,02610,2022-05-25 11:13:31,25.53247,-103.36013,50,04,1,
4660,02610,2022-05-25 11:14:01,25.53489,-103.35996,17,04,1,
4660,02610,2022-05-25 11:14:31,25.53508,-103.35785,18,04,1,
4660,02610,2022-05-25 11:15:02,25.53506,-103.36148,54,04,1,
4660,02610,2022-05-25 11:15:32,25.53525,-103.3665,59,04,1,
4660,02610,2022-05-25 11:16:02,25.53514,-103.37149,60,04,1,
4660,02610,2022-05-25 11:16:29,25.53514,-103.37657,56,04,1,
4660,02610,2022-05-25 11:16:59,25.53518,-103.38176,63,04,1,
4660,02610,2022-05-25 11:17:29,25.53522,-103.38691,61,04,1,
4660,02610,2022-05-25 11:17:55,25.53529,-103.39149,63,04,1,
4660,02610,2022-05-25 11:18:25,25.53523,-103.3966,57,04,1,
4660,02610,2022-05-25 11:18:55,25.53534,-103.40143,58,04,1,
4660,02610,2022-05-25 11:19:26,25.53546,-103.40486,0,04,1,
4660,02610,2022-05-25 11:19:56,25.53543,-103.40488,0,04,1,
4660,02610,2022-05-25 11:20:26,25.53554,-103.4062,43,04,1,
4660,02610,2022-05-25 11:20:57,25.53557,-103.41078,55,04,1,
4660,02610,2022-05-25 11:21:27,25.5356,-103.41518,45,04,1,
4660,02610,2022-05-25 11:21:57,25.5356,-103.41792,3,04,1,
4660,02610,2022-05-25 11:22:28,25.5356,-103.41882,30,04,1,
4660,02610,2022-05-25 11:22:58,25.53568,-103.42201,41,04,1,
4660,02610,2022-05-25 11:23:23,25.53568,-103.42502,38,04,1,
4660,02610,2022-05-25 11:23:54,25.53567,-103.42549,0,04,1,
4660,02610,2022-05-25 11:24:24,25.53566,-103.42815,57,04,1,
4660,02610,2022-05-25 11:24:54,25.53567,-103.43319,59,04,1,
4660,02610,2022-05-25 11:25:25,25.53573,-103.43844,59,04,1,
4660,02610,2022-05-25 11:25:55,25.5358,-103.44218,7,04,1,
4660,02610,2022-05-25 11:26:26,25.53597,-103.44341,18,04,1,
4660,02610,2022-05-25 11:26:56,25.53608,-103.44225,1,04,1,
4660,02610,2022-05-25 11:27:26,25.53575,-103.4422,18,04,1,
4660,02610,2022-05-25 11:27:56,25.53569,-103.43995,30,04,1,
4660,02610,2022-05-25 11:28:24,25.53568,-103.43784,24,04,1,
4660,02610,2022-05-25 11:28:52,25.53567,-103.43636,12,04,1,
4660,02610,2022-05-25 11:29:22,25.53566,-103.43586,1,04,1,
4660,02610,2022-05-25 11:29:53,25.53564,-103.43463,17,04,1,
4660,02610,2022-05-25 11:30:23,25.53562,-103.43396,9,04,1,
4660,02610,2022-05-25 11:30:54,25.53563,-103.43384,0,04,1,
4660,02610,2022-05-25 11:31:24,25.53564,-103.43273,29,04,1,
4660,02610,2022-05-25 11:31:54,25.53563,-103.42992,43,04,1,
4660,02610,2022-05-25 11:32:25,25.53562,-103.42624,42,04,1,
4660,02610,2022-05-25 11:32:55,25.53559,-103.42298,15,04,1,
4660,02610,2022-05-25 11:33:25,25.53558,-103.4226,17,04,1,
4660,02610,2022-05-25 11:33:51,25.53557,-103.42159,16,04,1,
4660,02610,2022-05-25 11:34:21,25.53557,-103.42039,14,04,1,
4660,02610,2022-05-25 11:34:51,25.53553,-103.41917,15,04,1,
4660,02610,2022-05-25 11:35:22,25.53554,-103.41807,20,04,1,
4660,02610,2022-05-25 11:35:52,25.53553,-103.41611,23,04,1,
4660,02610,2022-05-25 11:36:22,25.53553,-103.41548,0,04,1,
4660,02610,2022-05-25 11:36:53,25.53553,-103.4155,0,04,1,
4660,02610,2022-05-25 11:37:23,25.53553,-103.41504,22,04,1,
4660,02610,2022-05-25 11:37:53,25.5355,-103.41255,29,04,1,
4660,02610,2022-05-25 11:38:24,25.53547,-103.40987,37,04,1,
4660,02610,2022-05-25 11:38:49,25.5353,-103.40748,22,04,1,
4660,02610,2022-05-25 11:39:19,25.53529,-103.40718,0,04,1,
4660,02610,2022-05-25 11:39:50,25.53533,-103.40642,3,04,1,
4660,02610,2022-05-25 11:40:20,25.53533,-103.40621,17,04,1,
4660,02610,2022-05-25 11:40:50,25.53516,-103.40341,26,04,1,
4660,02610,2022-05-25 11:41:21,25.53518,-103.40173,44,04,1,
4660,02610,2022-05-25 11:41:51,25.53514,-103.39773,48,04,1,
4660,02610,2022-05-25 11:42:21,25.53479,-103.39608,0,04,1,
4660,02610,2022-05-25 11:42:52,25.53478,-103.39611,0,04,1,
4660,02610,2022-05-25 11:43:22,25.53479,-103.39612,0,04,1,
4660,02610,2022-05-25 11:43:52,25.53479,-103.39612,0,04,1,
4660,02610,2022-05-25 11:44:18,25.53479,-103.39612,0,04,1,
4660,02610,2022-05-25 11:44:48,25.53479,-103.39612,0,04,1,
4660,02610,2022-05-25 11:45:18,25.53479,-103.39612,0,04,1,
4660,02610,2022-05-25 11:45:49,25.53354,-103.39609,17,04,1,
4660,02610,2022-05-25 11:46:19,25.53119,-103.3961,35,04,1,
4660,02610,2022-05-25 11:46:49,25.52906,-103.39613,34,04,1,
4660,02610,2022-05-25 11:47:20,25.52755,-103.39614,27,04,1,
4660,02610,2022-05-25 11:47:50,25.52482,-103.39614,37,04,1,
4660,02610,2022-05-25 11:48:21,25.52262,-103.39618,22,04,1,
4660,02610,2022-05-25 11:48:51,25.52158,-103.39619,36,04,1,
4660,02610,2022-05-25 11:49:16,25.52043,-103.39616,39,04,1,
4660,02610,2022-05-25 11:49:47,25.51754,-103.39578,10,04,1,
4660,02610,2022-05-25 11:50:17,25.51754,-103.39416,0,04,1,
4660,02610,2022-05-25 11:50:47,25.51756,-103.39153,52,04,1,
4660,02610,2022-05-25 11:51:18,25.51705,-103.3901,31,04,1,
4660,02610,2022-05-25 11:51:48,25.51437,-103.39294,55,04,1,
4660,02610,2022-05-25 11:52:19,25.51292,-103.39451,8,04,1,
4660,02610,2022-05-25 11:52:49,25.51263,-103.3947,0,04,1,
4660,02610,2022-05-25 11:53:19,25.51164,-103.39352,31,04,1,
4660,02610,2022-05-25 11:53:50,25.51117,-103.39277,0,04,1,
4660,02610,2022-05-25 11:54:15,25.51117,-103.39279,0,04,1,
4660,02610,2022-05-25 11:54:45,25.5103,-103.39142,32,04,1,
4660,02610,2022-05-25 11:55:16,25.50994,-103.39085,0,04,1,
4660,02610,2022-05-25 11:55:46,25.50977,-103.39059,18,04,1,
4660,02610,2022-05-25 11:56:16,25.50897,-103.38935,22,04,1,
4660,02610,2022-05-25 11:56:47,25.50824,-103.38821,20,04,1,
4660,02610,2022-05-25 11:57:17,25.50677,-103.38589,30,04,1,
4660,02610,2022-05-25 11:57:47,25.50662,-103.38563,0,04,1,
4660,02610,2022-05-25 11:58:18,25.50656,-103.38506,29,04,1,
4660,02610,2022-05-25 11:58:48,25.50849,-103.38355,33,04,1,
4660,02610,2022-05-25 11:59:18,25.50922,-103.38287,13,04,1,
4660,02610,2022-05-25 11:59:44,25.50884,-103.38229,25,04,1,
4660,02610,2022-05-25 12:00:14,25.50773,-103.38056,14,04,1,
4660,02610,2022-05-25 12:00:44,25.50632,-103.38063,35,04,1,
4660,02610,2022-05-25 12:01:15,25.50458,-103.38202,22,04,1,
4660,02610,2022-05-25 12:01:45,25.50378,-103.38059,19,04,1,
4660,02610,2022-05-25 12:02:15,25.50235,-103.38144,0,04,1,
4660,02610,2022-05-25 12:02:46,25.50155,-103.38207,34,04,1,
4660,02610,2022-05-25 12:03:16,25.50151,-103.38351,32,04,1,
4660,02610,2022-05-25 12:03:46,25.50232,-103.38478,32,04,1,
4660,02610,2022-05-25 12:04:17,25.5023,-103.38609,21,04,1,
4660,02610,2022-05-25 12:04:42,25.50138,-103.38682,17,04,1,
4660,02610,2022-05-25 12:05:12,25.50042,-103.38553,27,04,1,
4660,02610,2022-05-25 12:05:42,25.49943,-103.38373,9,04,1,
4660,02610,2022-05-25 12:06:13,25.49852,-103.38334,35,04,1,
4660,02610,2022-05-25 12:06:43,25.49687,-103.3804,33,04,1,
4660,02610,2022-05-25 12:07:14,25.49634,-103.38087,31,04,1,
4660,02610,2022-05-25 12:07:44,25.49594,-103.3835,46,04,1,
4660,02610,2022-05-25 12:07:54,25.49574,-103.38484,50,00,1,
4660,02610,2022-05-25 12:08:24,25.49512,-103.38891,48,00,1,
4660,02610,2022-05-25 12:08:55,25.49447,-103.39317,50,00,1,
4660,02610,2022-05-25 12:09:25,25.49351,-103.39714,46,00,1,
4660,02610,2022-05-25 12:09:56,25.49235,-103.3986,15,00,1,
4660,02610,2022-05-25 12:10:26,25.49099,-103.40015,9,00,1,
4660,02610,2022-05-25 12:10:56,25.4903,-103.40257,31,00,1,
4660,02610,2022-05-25 12:11:27,25.49092,-103.40334,0,00,1,
4660,02610,2022-05-25 12:11:57,25.49091,-103.40334,0,00,1,
4660,02610,2022-05-25 12:12:22,25.49091,-103.40334,0,00,1,
4660,02610,2022-05-25 12:12:53,25.4909,-103.40334,0,00,1,
4660,02610,2022-05-25 12:13:23,25.4909,-103.40335,0,00,1,
4660,02610,2022-05-25 12:13:53,25.4909,-103.40334,0,00,1,
4660,02610,2022-05-25 12:14:24,25.4909,-103.40334,0,00,1,
4660,02610,2022-05-25 12:14:54,25.49091,-103.40334,0,00,1,
4660,02611,2022-05-25 12:42:36,25.49089,-103.40336,0,04,1,
4660,02611,2022-05-25 12:43:01,25.49088,-103.40336,0,04,1,
4660,02611,2022-05-25 12:43:32,25.49096,-103.40347,12,04,1,
4660,02611,2022-05-25 12:43:58,25.49166,-103.40441,11,04,1,
4660,02611,2022-05-25 12:44:29,25.4919,-103.40434,0,04,1,
4660,02611,2022-05-25 12:44:59,25.49242,-103.40385,0,04,1,
4660,02611,2022-05-25 12:45:29,25.49266,-103.40358,18,04,1,
4660,02611,2022-05-25 12:46:00,25.4935,-103.40258,3,04,1,
4660,02611,2022-05-25 12:46:30,25.49469,-103.40367,26,04,1,
4660,02611,2022-05-25 12:47:00,25.49593,-103.40512,4,04,1,
4660,02611,2022-05-25 12:47:31,25.49689,-103.40621,22,04,1,
4660,02611,2022-05-25 12:47:56,25.49694,-103.40794,29,04,1,
4660,02611,2022-05-25 12:48:26,25.49568,-103.4092,0,04,1,
4660,02611,2022-05-25 12:48:56,25.49644,-103.41032,15,04,1,
4660,02611,2022-05-25 12:49:27,25.49741,-103.40981,2,04,1,
4660,02611,2022-05-25 12:49:57,25.4989,-103.40874,50,04,1,
4660,02611,2022-05-25 12:50:28,25.50194,-103.40604,37,04,1,
4660,02611,2022-05-25 12:50:58,25.50264,-103.40542,34,04,1,
4660,02611,2022-05-25 12:51:28,25.50468,-103.40336,0,04,1,
4660,02611,2022-05-25 12:51:59,25.50555,-103.40231,36,04,1,
4660,02611,2022-05-25 12:52:29,25.50642,-103.40124,6,04,1,
4660,02611,2022-05-25 12:52:59,25.50742,-103.40003,0,04,1,
4660,02611,2022-05-25 12:53:25,25.50741,-103.40003,0,04,1,
4660,02611,2022-05-25 12:53:55,25.50747,-103.39996,15,04,1,
4660,02611,2022-05-25 12:54:25,25.5084,-103.39895,0,04,1,
4660,02611,2022-05-25 12:54:55,25.50996,-103.39736,46,04,1,
4660,02611,2022-05-25 12:55:26,25.51093,-103.39631,0,04,1,
4660,02611,2022-05-25 12:55:56,25.5118,-103.39539,0,04,1,
4660,02611,2022-05-25 12:56:27,25.51267,-103.39447,0,04,1,
4660,02611,2022-05-25 12:56:57,25.51363,-103.39403,28,04,1,
4660,02611,2022-05-25 12:57:27,25.51528,-103.39404,35,04,1,
4660,02611,2022-05-25 12:57:57,25.5168,-103.39403,21,04,1,
4660,02611,2022-05-25 12:58:28,25.51938,-103.39401,36,04,1,
4660,02611,2022-05-25 12:58:53,25.52052,-103.394,21,04,1,
4660,02611,2022-05-25 12:59:24,25.52176,-103.39399,0,04,1,
4660,02611,2022-05-25 12:59:54,25.52248,-103.39398,6,04,1,
4660,02611,2022-05-25 13:00:24,25.52478,-103.39397,40,04,1,
4660,02611,2022-05-25 13:00:54,25.52664,-103.39395,35,04,1,
4660,02611,2022-05-25 13:01:25,25.52841,-103.39394,42,04,1,
4660,02611,2022-05-25 13:01:55,25.53088,-103.39391,0,04,1,
4660,02611,2022-05-25 13:02:25,25.53093,-103.39392,11,04,1,
4660,02611,2022-05-25 13:02:56,25.53274,-103.39388,28,04,1,
4660,02611,2022-05-25 13:03:26,25.53338,-103.39383,0,04,1,
4660,02611,2022-05-25 13:03:52,25.5335,-103.39385,0,04,1,
4660,02611,2022-05-25 13:04:22,25.53394,-103.39385,14,04,1,
4660,02611,2022-05-25 13:04:52,25.53416,-103.39385,8,04,1,
4660,02611,2022-05-25 13:05:22,25.5342,-103.39386,0,04,1,
4660,02611,2022-05-25 13:05:53,25.5347,-103.39386,0,04,1,
4660,02611,2022-05-25 13:06:23,25.5347,-103.39385,0,04,1,
4660,02611,2022-05-25 13:06:54,25.53469,-103.39385,0,04,1,
4660,02611,2022-05-25 13:07:24,25.53534,-103.39434,31,04,1,
4660,02611,2022-05-25 13:07:54,25.53536,-103.39561,11,04,1,
4660,02611,2022-05-25 13:08:24,25.53536,-103.39886,47,04,1,
4660,02611,2022-05-25 13:08:55,25.53532,-103.40109,37,04,1,
4660,02611,2022-05-25 13:09:20,25.53533,-103.40317,0,04,1,
4660,02611,2022-05-25 13:09:50,25.5354,-103.40443,1,04,1,
4660,02611,2022-05-25 13:10:21,25.53556,-103.40655,37,04,1,
4660,02611,2022-05-25 13:10:51,25.53556,-103.40888,40,04,1,
4660,02611,2022-05-25 13:11:21,25.53557,-103.41109,34,04,1,
4660,02611,2022-05-25 13:11:52,25.53558,-103.41281,0,04,1,
4660,02611,2022-05-25 13:12:22,25.53558,-103.4134,23,04,1,
4660,02611,2022-05-25 13:12:52,25.5356,-103.41487,0,04,1,
4660,02611,2022-05-25 13:13:23,25.5356,-103.41487,0,04,1,
4660,02611,2022-05-25 13:13:53,25.5356,-103.41517,14,04,1,
4660,02611,2022-05-25 13:14:23,25.53562,-103.41822,15,04,1,
4660,02611,2022-05-25 13:14:49,25.53562,-103.41826,0,04,1,
4660,02611,2022-05-25 13:15:19,25.53562,-103.41968,30,04,1,
4660,02611,2022-05-25 13:15:49,25.53562,-103.42068,16,04,1,
4660,02611,2022-05-25 13:16:20,25.53564,-103.42247,0,04,1,
4660,02611,2022-05-25 13:16:50,25.53564,-103.42256,15,04,1,
4660,02611,2022-05-25 13:17:21,25.53567,-103.42594,24,04,1,
4660,02611,2022-05-25 13:17:51,25.53568,-103.4277,44,04,1,
4660,02611,2022-05-25 13:18:21,25.53566,-103.42869,0,04,1,
4660,02611,2022-05-25 13:18:52,25.53567,-103.43003,44,04,1,
4660,02611,2022-05-25 13:19:22,25.53572,-103.43401,19,04,1,
4660,02611,2022-05-25 13:19:47,25.53575,-103.43411,0,04,1,
4660,02611,2022-05-25 13:20:18,25.53576,-103.43416,5,04,1,
4660,02611,2022-05-25 13:20:48,25.53575,-103.43598,23,04,1,
4660,02611,2022-05-25 13:21:18,25.53576,-103.43944,8,04,1,
4660,02611,2022-05-25 13:21:49,25.53576,-103.44145,21,04,1,
4660,02611,2022-05-25 13:22:19,25.53577,-103.44228,26,04,1,
4660,02611,2022-05-25 13:22:49,25.53576,-103.44444,39,04,1,
4660,02611,2022-05-25 13:23:20,25.53577,-103.44795,0,04,1,
4660,02611,2022-05-25 13:23:50,25.53579,-103.44794,0,04,1,
4660,02611,2022-05-25 13:24:20,25.53579,-103.44875,33,04,1,
4660,02611,2022-05-25 13:24:46,25.53583,-103.45229,50,04,1,
4660,02611,2022-05-25 13:25:16,25.53582,-103.45419,41,04,1,
4660,02611,2022-05-25 13:25:46,25.53582,-103.45627,3,04,1,
4660,02611,2022-05-25 13:26:17,25.53585,-103.45697,34,04,1,
4660,02611,2022-05-25 13:26:47,25.53587,-103.45924,32,04,1,
4660,02611,2022-05-25 13:27:17,25.53564,-103.46166,50,04,1,
4660,02611,2022-05-25 13:27:48,25.53489,-103.4649,25,04,1,
4660,02611,2022-05-25 13:28:18,25.53565,-103.46524,26,04,1,
4660,02611,2022-05-25 13:28:49,25.53747,-103.46573,25,04,1,
4660,02611,2022-05-25 13:29:19,25.54041,-103.46659,36,04,1,
4660,02611,2022-05-25 13:29:49,25.54155,-103.46751,20,04,1,
4660,02611,2022-05-25 13:30:15,25.54112,-103.46785,10,04,1,
4660,02611,2022-05-25 13:30:45,25.53977,-103.46749,26,04,1,
4660,02611,2022-05-25 13:31:15,25.53813,-103.46703,8,04,1,
4660,02611,2022-05-25 13:31:46,25.53764,-103.46691,0,04,1,
4660,02611,2022-05-25 13:32:16,25.53764,-103.46692,0,04,1,
4660,02611,2022-05-25 13:32:46,25.53735,-103.46682,10,04,1,
4660,02611,2022-05-25 13:33:17,25.53678,-103.46666,17,04,1,
4660,02611,2022-05-25 13:33:47,25.53634,-103.46655,0,04,1,
4660,02611,2022-05-25 13:34:17,25.53635,-103.46655,0,04,1,
4660,02611,2022-05-25 13:34:48,25.53626,-103.46653,2,04,1,
4660,02611,2022-05-25 13:35:13,25.53518,-103.46614,0,04,1,
4660,02611,2022-05-25 13:35:43,25.53488,-103.46581,8,04,1,
4660,02611,2022-05-25 13:36:14,25.53472,-103.46538,24,04,1,
4660,02611,2022-05-25 13:36:44,25.53539,-103.46207,19,04,1,
4660,02611,2022-05-25 13:37:14,25.53579,-103.46002,38,04,1,
4660,02611,2022-05-25 13:37:45,25.53576,-103.45734,0,04,1,
4660,02611,2022-05-25 13:38:15,25.53575,-103.4568,31,04,1,
4660,02611,2022-05-25 13:38:46,25.53573,-103.45363,37,04,1,
4660,02611,2022-05-25 13:39:16,25.53571,-103.45022,41,04,1,
4660,02611,2022-05-25 13:39:46,25.53568,-103.44933,0,04,1,
4660,02611,2022-05-25 13:40:12,25.53565,-103.44915,18,04,1,
4660,02611,2022-05-25 13:40:42,25.53564,-103.44657,9,04,1,
4660,02611,2022-05-25 13:41:12,25.53566,-103.44449,37,04,1,
4660,02611,2022-05-25 13:41:43,25.53563,-103.44269,0,04,1,
4660,02611,2022-05-25 13:42:13,25.53565,-103.4427,0,04,1,
4660,02611,2022-05-25 13:42:43,25.53567,-103.44226,26,04,1,
4660,02611,2022-05-25 13:43:14,25.53563,-103.43837,50,04,1,
4660,02611,2022-05-25 13:43:44,25.5356,-103.43663,0,04,1,
4660,02611,2022-05-25 13:44:14,25.53562,-103.43652,0,04,1,
4660,02611,2022-05-25 13:44:45,25.53564,-103.4365,0,04,1,
4660,02611,2022-05-25 13:45:15,25.5356,-103.43521,27,04,1,
4660,02611,2022-05-25 13:45:40,25.53558,-103.43462,0,04,1,
4660,02611,2022-05-25 13:46:11,25.53559,-103.43465,0,04,1,
4660,02611,2022-05-25 13:46:41,25.53556,-103.43397,9,04,1,
4660,02611,2022-05-25 13:47:11,25.53555,-103.43114,5,04,1,
4660,02611,2022-05-25 13:47:42,25.53559,-103.42941,1,04,1,
4660,02611,2022-05-25 13:48:12,25.53559,-103.42941,0,04,1,
4660,02611,2022-05-25 13:48:42,25.53558,-103.42646,53,04,1,
4660,02611,2022-05-25 13:49:13,25.53552,-103.42233,24,04,1,
4660,02611,2022-05-25 13:49:43,25.5355,-103.42211,0,04,1,
4660,02611,2022-05-25 13:50:13,25.53552,-103.42028,11,04,1,
4660,02611,2022-05-25 13:50:44,25.53552,-103.41944,33,04,1,
4660,02611,2022-05-25 13:51:09,25.53549,-103.41869,0,04,1,
4660,02611,2022-05-25 13:51:39,25.5355,-103.4187,0,04,1,
4660,02611,2022-05-25 13:52:10,25.53551,-103.41827,25,04,1,
4660,02611,2022-05-25 13:52:40,25.53548,-103.41553,13,04,1,
4660,02611,2022-05-25 13:53:10,25.53547,-103.41548,0,04,1,
4660,02611,2022-05-25 13:53:41,25.53546,-103.41548,0,04,1,
4660,02611,2022-05-25 13:54:11,25.53545,-103.41488,31,04,1,
4660,02611,2022-05-25 13:54:41,25.53543,-103.41156,24,04,1,
4660,02611,2022-05-25 13:55:12,25.53539,-103.40945,47,04,1,
4660,02611,2022-05-25 13:55:42,25.53527,-103.40696,17,04,1,
4660,02611,2022-05-25 13:56:08,25.5353,-103.40636,0,04,1,
4660,02611,2022-05-25 13:56:38,25.5353,-103.40638,0,04,1,
4660,02611,2022-05-25 13:57:08,25.53522,-103.40444,44,04,1,
4660,02611,2022-05-25 13:57:39,25.53512,-103.40225,40,04,1,
4660,02611,2022-05-25 13:58:09,25.5351,-103.39801,54,04,1,
4660,02611,2022-05-25 13:58:39,25.53472,-103.3961,0,04,1,
4660,02611,2022-05-25 13:59:10,25.53473,-103.39612,0,04,1,
4660,02611,2022-05-25 13:59:40,25.53473,-103.39612,0,04,1,
4660,02611,2022-05-25 14:00:10,25.53335,-103.39611,21,04,1,
4660,02611,2022-05-25 14:00:41,25.53039,-103.39612,39,04,1,
4660,02611,2022-05-25 14:01:06,25.52848,-103.39614,48,04,1,
4660,02611,2022-05-25 14:01:36,25.5253,-103.39616,4,04,1,
4660,02611,2022-05-25 14:02:07,25.52418,-103.39617,18,04,1,
4660,02611,2022-05-25 14:02:37,25.52269,-103.39618,9,04,1,
4660,02611,2022-05-25 14:03:07,25.52216,-103.39621,0,04,1,
4660,02611,2022-05-25 14:03:38,25.52099,-103.39619,21,04,1,
4660,02611,2022-05-25 14:04:08,25.51833,-103.39616,10,04,1,
4660,02611,2022-05-25 14:04:38,25.51757,-103.39576,1,04,1,
4660,02611,2022-05-25 14:05:09,25.51755,-103.39422,15,04,1,
4660,02611,2022-05-25 14:05:39,25.51753,-103.39107,44,04,1,
4660,02611,2022-05-25 14:06:09,25.51751,-103.39003,0,04,1,
4660,02611,2022-05-25 14:06:35,25.51751,-103.39004,0,04,1,
4660,02611,2022-05-25 14:07:05,25.51712,-103.39002,29,04,1,
4660,02611,2022-05-25 14:07:35,25.51561,-103.39162,15,04,1,
4660,02611,2022-05-25 14:08:06,25.51465,-103.39264,31,04,1,
4660,02611,2022-05-25 14:08:36,25.51294,-103.39448,0,04,1,
4660,02611,2022-05-25 14:09:06,25.51253,-103.39476,5,04,1,
4660,02611,2022-05-25 14:09:37,25.51151,-103.39336,40,04,1,
4660,02611,2022-05-25 14:10:07,25.51085,-103.39231,25,04,1,
4660,02611,2022-05-25 14:10:37,25.50957,-103.3903,23,04,1,
4660,02611,2022-05-25 14:11:08,25.50861,-103.38882,18,04,1,
4660,02611,2022-05-25 14:11:38,25.50741,-103.3869,34,04,1,
4660,02611,2022-05-25 14:12:04,25.50677,-103.38485,30,04,1,
4660,02611,2022-05-25 14:12:34,25.50799,-103.38393,20,04,1,
4660,02611,2022-05-25 14:13:04,25.5092,-103.38278,11,04,1,
4660,02611,2022-05-25 14:13:35,25.50843,-103.38161,15,04,1,
4660,02611,2022-05-25 14:14:05,25.50761,-103.38035,23,04,1,
4660,02611,2022-05-25 14:14:35,25.50609,-103.38082,30,04,1,
4660,02611,2022-05-25 14:15:06,25.50453,-103.38207,15,04,1,
4660,02611,2022-05-25 14:15:36,25.50373,-103.38054,19,04,1,
4660,02611,2022-05-25 14:16:06,25.50229,-103.3815,12,04,1,
4660,02611,2022-05-25 14:16:37,25.50097,-103.3827,9,04,1,
4660,02611,2022-05-25 14:17:02,25.50187,-103.38408,28,04,1,
4660,02611,2022-05-25 14:17:32,25.50275,-103.38576,14,04,1,
4660,02611,2022-05-25 14:18:03,25.50152,-103.38668,17,04,1,
4660,02611,2022-05-25 14:18:33,25.50059,-103.38584,23,04,1,
4660,02611,2022-05-25 14:19:03,25.49944,-103.38377,14,04,1,
4660,02611,2022-05-25 14:19:34,25.49852,-103.38331,37,04,1,
4660,02611,2022-05-25 14:20:04,25.49679,-103.38026,32,04,1,
4660,02611,2022-05-25 14:20:34,25.49628,-103.3814,12,04,1,
4660,02611,2022-05-25 14:20:40,25.49628,-103.38145,0,00,1,
4660,02611,2022-05-25 14:21:10,25.49604,-103.38288,38,00,1,
4660,02611,2022-05-25 14:21:41,25.49537,-103.38723,55,00,1,
4660,02611,2022-05-25 14:22:11,25.49474,-103.39146,45,00,1,
4660,02611,2022-05-25 14:22:41,25.49404,-103.39586,52,00,1,
4660,02611,2022-05-25 14:23:12,25.49261,-103.3983,14,00,1,
4660,02611,2022-05-25 14:23:42,25.49135,-103.39974,29,00,1,
4660,02611,2022-05-25 14:24:12,25.49029,-103.40106,39,00,1,
4660,02611,2022-05-25 14:24:43,25.49086,-103.40328,12,00,1,
4660,02611,2022-05-25 14:25:13,25.4909,-103.40333,0,00,1,
4660,02611,2022-05-25 14:25:39,25.4909,-103.40332,0,00,1,
4660,02611,2022-05-25 14:26:09,25.4909,-103.40332,0,00,1,
4660,02611,2022-05-25 14:26:39,25.4909,-103.40332,0,00,1,
4660,02611,2022-05-25 14:27:10,25.49089,-103.40333,0,00,1,
4660,02611,2022-05-25 14:27:40,25.49089,-103.40332,0,00,1,
4660,02611,2022-05-25 14:28:10,25.49089,-103.40332,0,00,1,
4660,02612,2022-05-25 14:51:52,25.49108,-103.40356,14,04,1,
4660,02612,2022-05-25 14:52:17,25.49163,-103.40428,9,04,1,
4660,02612,2022-05-25 14:52:47,25.49193,-103.40431,0,04,1,
4660,02612,2022-05-25 14:53:18,25.4921,-103.40415,16,04,1,
4660,02612,2022-05-25 14:53:48,25.49312,-103.40309,19,04,1,
4660,02612,2022-05-25 14:54:18,25.49362,-103.40259,12,04,1,
4660,02612,2022-05-25 14:54:49,25.49492,-103.40391,25,04,1,
4660,02612,2022-05-25 14:55:19,25.49597,-103.40513,12,04,1,
4660,02612,2022-05-25 14:55:50,25.49672,-103.40594,0,04,1,
4660,02612,2022-05-25 14:56:20,25.49706,-103.40678,22,04,1,
4660,02612,2022-05-25 14:56:50,25.49632,-103.40862,28,04,1,
4660,02612,2022-05-25 14:57:21,25.49572,-103.40951,19,04,1,
4660,02612,2022-05-25 14:57:46,25.49662,-103.41033,0,04,1,
4660,02612,2022-05-25 14:58:16,25.4974,-103.40983,8,04,1,
4660,02612,2022-05-25 14:58:46,25.49834,-103.40914,43,04,1,
4660,02612,2022-05-25 14:59:17,25.50143,-103.40646,55,04,1,
4660,02612,2022-05-25 14:59:47,25.50305,-103.40514,37,04,1,
4660,02612,2022-05-25 15:00:17,25.50469,-103.40341,3,04,1,
4660,02612,2022-05-25 15:00:48,25.50578,-103.40207,0,04,1,
4660,02612,2022-05-25 15:01:14,25.50657,-103.4011,19,04,1,
4660,02612,2022-05-25 15:01:45,25.50748,-103.4,1,04,1,
4660,02612,2022-05-25 15:02:15,25.50812,-103.39931,32,04,1,
4660,02612,2022-05-25 15:02:40,25.50901,-103.39839,39,04,1,
4660,02612,2022-05-25 15:03:10,25.51043,-103.39688,27,04,1,
4660,02612,2022-05-25 15:03:41,25.51265,-103.39452,16,04,1,
4660,02612,2022-05-25 15:04:11,25.51278,-103.39441,15,04,1,
4660,02612,2022-05-25 15:04:41,25.51444,-103.39407,2,04,1,
4660,02612,2022-05-25 15:05:12,25.515,-103.39406,28,04,1,
4660,02612,2022-05-25 15:05:42,25.51704,-103.39403,23,04,1,
4660,02612,2022-05-25 15:06:12,25.51745,-103.39403,0,04,1,
4660,02612,2022-05-25 15:06:43,25.51768,-103.39402,22,04,1,
4660,02612,2022-05-25 15:07:13,25.52016,-103.394,11,04,1,
4660,02612,2022-05-25 15:07:43,25.52175,-103.39399,8,04,1,
4660,02612,2022-05-25 15:08:09,25.52232,-103.39398,0,04,1,
4660,02612,2022-05-25 15:08:39,25.52417,-103.39397,32,04,1,
4660,02612,2022-05-25 15:09:09,25.52543,-103.39396,6,04,1,
4660,02612,2022-05-25 15:09:40,25.52744,-103.39393,19,04,1,
4660,02612,2022-05-25 15:10:10,25.52905,-103.39391,6,04,1,
4660,02612,2022-05-25 15:10:40,25.5312,-103.3939,29,04,1,
4660,02612,2022-05-25 15:11:11,25.53346,-103.39383,43,04,1,
4660,02612,2022-05-25 15:11:41,25.53444,-103.39383,13,04,1,
4660,02612,2022-05-25 15:12:11,25.5351,-103.39382,17,04,1,
4660,02612,2022-05-25 15:12:42,25.53538,-103.39564,0,04,1,
4660,02612,2022-05-25 15:13:12,25.53535,-103.39768,42,04,1,
4660,02612,2022-05-25 15:13:37,25.53537,-103.3995,15,04,1,
4660,02612,2022-05-25 15:14:08,25.53534,-103.40274,41,04,1,
4660,02612,2022-05-25 15:14:38,25.53541,-103.40477,0,04,1,
4660,02612,2022-05-25 15:15:08,25.5354,-103.40474,0,04,1,
4660,02612,2022-05-25 15:15:39,25.53555,-103.40715,21,04,1,
4660,02612,2022-05-25 15:16:09,25.53556,-103.40916,44,04,1,
4660,02612,2022-05-25 15:16:39,25.53559,-103.41191,32,04,1,
4660,02612,2022-05-25 15:17:10,25.5356,-103.41366,0,04,1,
4660,02612,2022-05-25 15:17:40,25.53561,-103.41365,0,04,1,
4660,02612,2022-05-25 15:18:10,25.53562,-103.41553,31,04,1,
4660,02612,2022-05-25 15:18:41,25.53561,-103.41729,35,04,1,
4660,02612,2022-05-25 15:19:06,25.53563,-103.41805,11,04,1,
4660,02612,2022-05-25 15:19:36,25.53564,-103.41965,1,04,1,
4660,02612,2022-05-25 15:20:07,25.53561,-103.4204,11,04,1,
4660,02612,2022-05-25 15:20:37,25.53565,-103.42188,6,04,1,
4660,02612,2022-05-25 15:21:07,25.53565,-103.42257,25,04,1,
4660,02612,2022-05-25 15:21:38,25.53567,-103.42597,42,04,1,
4660,02612,2022-05-25 15:22:08,25.53571,-103.42853,0,04,1,
4660,02612,2022-05-25 15:22:38,25.53571,-103.42857,13,04,1,
4660,02612,2022-05-25 15:23:09,25.53574,-103.43157,42,04,1,
4660,02612,2022-05-25 15:23:39,25.53573,-103.43377,0,04,1,
4660,02612,2022-05-25 15:24:04,25.53575,-103.43545,30,04,1,
4660,02612,2022-05-25 15:24:35,25.53576,-103.4373,35,04,1,
4660,02612,2022-05-25 15:25:05,25.53578,-103.4405,39,04,1,
4660,02612,2022-05-25 15:25:35,25.53581,-103.44198,0,04,1,
4660,02612,2022-05-25 15:26:06,25.53577,-103.44214,16,04,1,
4660,02612,2022-05-25 15:26:36,25.5358,-103.44372,23,04,1,
4660,02612,2022-05-25 15:27:06,25.53582,-103.44566,10,04,1,
4660,02612,2022-05-25 15:27:37,25.53583,-103.44753,3,04,1,
4660,02612,2022-05-25 15:28:07,25.53583,-103.44753,0,04,1,
4660,02612,2022-05-25 15:28:38,25.53582,-103.44892,36,04,1,
4660,02612,2022-05-25 15:29:03,25.53585,-103.45126,34,04,1,
4660,02612,2022-05-25 15:29:33,25.53584,-103.4526,0,04,1,
4660,02612,2022-05-25 15:30:04,25.53585,-103.45258,0,04,1,
4660,02612,2022-05-25 15:30:34,25.53586,-103.4549,41,04,1,
4660,02612,2022-05-25 15:31:04,25.53588,-103.45795,39,04,1,
4660,02612,2022-05-25 15:31:35,25.53591,-103.45987,27,04,1,
4660,02612,2022-05-25 15:32:05,25.53581,-103.46105,0,04,1,
4660,02612,2022-05-25 15:32:35,25.53556,-103.462,16,04,1,
4660,02612,2022-05-25 15:33:05,25.53528,-103.46317,26,04,1,
4660,02612,2022-05-25 15:33:36,25.5354,-103.46518,7,04,1,
4660,02612,2022-05-25 15:34:06,25.53546,-103.46519,11,04,1,
4660,02612,2022-05-25 15:34:31,25.53617,-103.46537,0,04,1,
4660,02612,2022-05-25 15:35:02,25.53737,-103.46571,25,04,1,
4660,02612,2022-05-25 15:35:32,25.53878,-103.46611,17,04,1,
4660,02612,2022-05-25 15:36:02,25.539,-103.46617,0,04,1,
4660,02612,2022-05-25 15:36:33,25.539,-103.46617,0,04,1,
4660,02612,2022-05-25 15:37:03,25.54001,-103.46645,26,04,1,
4660,02612,2022-05-25 15:37:34,25.54124,-103.46684,20,04,1,
4660,02612,2022-05-25 15:38:04,25.54062,-103.46773,12,04,1,
4660,02612,2022-05-25 15:38:34,25.54011,-103.46756,10,04,1,
4660,02612,2022-05-25 15:39:05,25.5388,-103.4672,21,04,1,
4660,02612,2022-05-25 15:39:35,25.53738,-103.46683,2,04,1,
4660,02612,2022-05-25 15:40:00,25.53738,-103.46683,0,04,1,
4660,02612,2022-05-25 15:40:31,25.53725,-103.4668,0,04,1,
4660,02612,2022-05-25 15:41:01,25.53682,-103.46667,15,04,1,
4660,02612,2022-05-25 15:41:31,25.53579,-103.46635,20,04,1,
4660,02612,2022-05-25 15:42:02,25.53517,-103.46611,0,04,1,
4660,02612,2022-05-25 15:42:32,25.53493,-103.46581,20,04,1,
4660,02612,2022-05-25 15:43:02,25.53521,-103.46292,39,04,1,
4660,02612,2022-05-25 15:43:33,25.53578,-103.45993,25,04,1,
4660,02612,2022-05-25 15:44:03,25.53576,-103.45949,1,04,1,
4660,02612,2022-05-25 15:44:33,25.53574,-103.4578,31,04,1,
4660,02612,2022-05-25 15:44:59,25.53575,-103.45562,30,04,1,
4660,02612,2022-05-25 15:45:29,25.53573,-103.45324,22,04,1,
4660,02612,2022-05-25 15:45:59,25.53574,-103.45293,0,04,1,
4660,02612,2022-05-25 15:46:30,25.53572,-103.4511,33,04,1,
4660,02612,2022-05-25 15:47:00,25.53569,-103.44895,3,04,1,
4660,02612,2022-05-25 15:47:30,25.53569,-103.44895,0,04,1,
4660,02612,2022-05-25 15:48:01,25.5357,-103.44896,0,04,1,
4660,02612,2022-05-25 15:48:31,25.5357,-103.44714,26,04,1,
4660,02612,2022-05-25 15:49:01,25.53567,-103.44603,15,04,1,
4660,02612,2022-05-25 15:49:32,25.53567,-103.44346,32,04,1,
4660,02612,2022-05-25 15:50:02,25.53566,-103.44249,0,04,1,
4660,02612,2022-05-25 15:50:30,25.53566,-103.4425,0,04,1,
4660,02612,2022-05-25 15:50:57,25.53566,-103.44058,34,04,1,
4660,02612,2022-05-25 15:51:28,25.53563,-103.43727,33,04,1,
4660,02612,2022-05-25 15:51:58,25.53563,-103.4365,0,04,1,
4660,02612,2022-05-25 15:52:29,25.53563,-103.43613,14,04,1,
4660,02612,2022-05-25 15:52:59,25.53562,-103.43577,0,04,1,
4660,02612,2022-05-25 15:53:29,25.53562,-103.43578,0,04,1,
4660,02612,2022-05-25 15:54:00,25.53561,-103.43383,13,04,1,
4660,02612,2022-05-25 15:54:30,25.5356,-103.43166,29,04,1,
4660,02612,2022-05-25 15:55:00,25.53558,-103.42925,2,04,1,
4660,02612,2022-05-25 15:55:31,25.53558,-103.42927,0,04,1,
4660,02612,2022-05-25 15:55:56,25.53558,-103.42911,18,04,1,
4660,02612,2022-05-25 15:56:26,25.53557,-103.42601,41,04,1,
4660,02612,2022-05-25 15:56:57,25.53555,-103.42259,33,04,1,
4660,02612,2022-05-25 15:57:27,25.53555,-103.42196,13,04,1,
4660,02612,2022-05-25 15:57:57,25.53554,-103.42089,0,04,1,
4660,02612,2022-05-25 15:58:28,25.53555,-103.42027,15,04,1,
4660,02612,2022-05-25 15:58:58,25.53552,-103.4188,13,04,1,
4660,02612,2022-05-25 15:59:28,25.53552,-103.41872,0,04,1,
4660,02612,2022-05-25 15:59:59,25.53552,-103.4178,28,04,1,
4660,02612,2022-05-25 16:00:29,25.5355,-103.41558,14,04,1,
4660,02612,2022-05-25 16:00:54,25.5355,-103.41551,0,04,1,
4660,02612,2022-05-25 16:01:25,25.53551,-103.41551,0,04,1,
4660,02612,2022-05-25 16:01:55,25.5355,-103.4145,32,04,1,
4660,02612,2022-05-25 16:02:25,25.53549,-103.41166,23,04,1,
4660,02612,2022-05-25 16:02:56,25.53538,-103.40884,42,04,1,
4660,02612,2022-05-25 16:03:26,25.53528,-103.40715,0,04,1,
4660,02612,2022-05-25 16:03:57,25.53533,-103.4059,33,04,1,
4660,02612,2022-05-25 16:04:27,25.53518,-103.40274,42,04,1,
4660,02612,2022-05-25 16:04:57,25.53514,-103.39939,40,04,1,
4660,02612,2022-05-25 16:05:27,25.5351,-103.39627,15,04,1,
4660,02612,2022-05-25 16:05:55,25.53478,-103.39611,0,04,1,
4660,02612,2022-05-25 16:06:23,25.53477,-103.39612,0,04,1,
4660,02612,2022-05-25 16:06:54,25.53477,-103.39613,0,04,1,
4660,02612,2022-05-25 16:07:24,25.53477,-103.39613,0,04,1,
4660,02612,2022-05-25 16:07:54,25.53477,-103.39613,0,04,1,
4660,02612,2022-05-25 16:08:25,25.53342,-103.39612,19,04,1,
4660,02612,2022-05-25 16:08:55,25.53013,-103.39613,32,04,1,
4660,02612,2022-05-25 16:09:25,25.5287,-103.39615,30,04,1,
4660,02612,2022-05-25 16:09:56,25.52701,-103.39616,42,04,1,
4660,02612,2022-05-25 16:10:26,25.5234,-103.39619,14,04,1,
4660,02612,2022-05-25 16:10:56,25.52208,-103.39621,0,04,1,
4660,02612,2022-05-25 16:11:22,25.5221,-103.3962,0,04,1,
4660,02612,2022-05-25 16:11:52,25.52182,-103.39621,0,04,1,
4660,02612,2022-05-25 16:12:22,25.52183,-103.39621,0,04,1,
4660,02612,2022-05-25 16:12:53,25.52122,-103.3962,16,04,1,
4660,02612,2022-05-25 16:13:23,25.51849,-103.39617,49,04,1,
4660,02612,2022-05-25 16:13:54,25.51758,-103.39544,26,04,1,
4660,02612,2022-05-25 16:14:24,25.51757,-103.39208,30,04,1,
4660,02612,2022-05-25 16:14:54,25.51739,-103.38968,16,04,1,
4660,02612,2022-05-25 16:15:25,25.5151,-103.39215,52,04,1,
4660,02612,2022-05-25 16:15:55,25.51301,-103.39444,0,04,1,
4660,02612,2022-05-25 16:16:20,25.51302,-103.39442,0,04,1,
4660,02612,2022-05-25 16:16:51,25.51268,-103.39464,0,04,1,
4660,02612,2022-05-25 16:17:21,25.512,-103.39403,36,04,1,
4660,02612,2022-05-25 16:17:51,25.51088,-103.3923,21,04,1,
4660,02612,2022-05-25 16:18:22,25.50987,-103.39073,16,04,1,
4660,02612,2022-05-25 16:18:52,25.50879,-103.38904,35,04,1,
4660,02612,2022-05-25 16:19:22,25.50787,-103.38762,26,04,1,
4660,02612,2022-05-25 16:19:53,25.50705,-103.38629,44,04,1,
4660,02612,2022-05-25 16:20:23,25.50655,-103.38552,0,04,1,
4660,02612,2022-05-25 16:20:53,25.50648,-103.38524,21,04,1,
4660,02612,2022-05-25 16:21:19,25.50797,-103.38397,28,04,1,
4660,02612,2022-05-25 16:21:49,25.50921,-103.383,4,04,1,
4660,02612,2022-05-25 16:22:20,25.50891,-103.38235,27,04,1,
4660,02612,2022-05-25 16:22:50,25.50828,-103.38139,2,04,1,
4660,02612,2022-05-25 16:23:20,25.50744,-103.38004,21,04,1,
4660,02612,2022-05-25 16:23:51,25.50588,-103.38099,13,04,1,
4660,02612,2022-05-25 16:24:21,25.5045,-103.38208,1,04,1,
4660,02612,2022-05-25 16:24:52,25.50384,-103.38079,27,04,1,
4660,02612,2022-05-25 16:25:22,25.50234,-103.38144,10,04,1,
4660,02612,2022-05-25 16:25:48,25.501,-103.38247,19,04,1,
4660,02612,2022-05-25 16:26:18,25.50179,-103.38391,26,04,1,
4660,02612,2022-05-25 16:26:48,25.50276,-103.38576,13,04,1,
4660,02612,2022-05-25 16:27:19,25.50173,-103.3865,15,04,1,
4660,02612,2022-05-25 16:27:49,25.50078,-103.38612,30,04,1,
4660,02612,2022-05-25 16:28:20,25.49948,-103.38379,18,04,1,
4660,02612,2022-05-25 16:28:50,25.49841,-103.38308,34,04,1,
4660,02612,2022-05-25 16:29:21,25.49681,-103.38026,22,04,1,
4660,02612,2022-05-25 16:29:51,25.49639,-103.3802,11,04,1,
4660,02612,2022-05-25 16:30:21,25.49611,-103.37994,0,04,1,
4660,02612,2022-05-25 16:30:46,25.49612,-103.37994,0,04,1,
4660,02612,2022-05-25 16:31:17,25.49612,-103.37994,0,04,1,
4660,02612,2022-05-25 16:31:47,25.49612,-103.37994,0,04,1,
4660,02612,2022-05-25 16:32:17,25.49612,-103.37993,0,04,1,
4660,02612,2022-05-25 16:32:28,25.49612,-103.37993,0,00,1,
4660,02612,2022-05-25 16:32:58,25.49612,-103.37993,0,00,1,
4660,02612,2022-05-25 16:33:28,25.49612,-103.37993,0,00,1,
4660,02613,2022-05-25 16:50:54,0,0,0,04,0,
4660,02613,2022-05-25 16:50:59,25.49616,-103.37997,0,04,1,
4660,02613,2022-05-25 16:51:25,25.49617,-103.3797,13,04,1,
4660,02613,2022-05-25 16:51:55,25.49652,-103.37968,9,04,1,
4660,02613,2022-05-25 16:52:25,25.49698,-103.38028,20,04,1,
4660,02613,2022-05-25 16:52:56,25.49823,-103.38251,32,04,1,
4660,02613,2022-05-25 16:53:26,25.49981,-103.38535,41,04,1,
4660,02613,2022-05-25 16:53:52,25.50144,-103.38827,42,04,1,
4660,02613,2022-05-25 16:54:23,25.5029,-103.39116,30,04,1,
4660,02613,2022-05-25 16:54:53,25.50358,-103.39132,24,04,1,
4660,02613,2022-05-25 16:55:24,25.50539,-103.38989,6,04,1,
4660,02613,2022-05-25 16:55:54,25.50482,-103.38869,15,04,1,
4660,02613,2022-05-25 16:56:19,25.50475,-103.38858,0,04,1,
4660,02613,2022-05-25 16:56:50,25.50476,-103.38857,0,04,1,
4660,02613,2022-05-25 16:57:20,25.50472,-103.38848,5,04,1,
4660,02613,2022-05-25 16:57:50,25.50398,-103.38734,1,04,1,
4660,02613,2022-05-25 16:58:20,25.50316,-103.38605,33,04,1,
4660,02613,2022-05-25 16:58:51,25.50169,-103.38376,32,04,1,
4660,02613,2022-05-25 16:59:21,25.50109,-103.38228,21,04,1,
4660,02613,2022-05-25 16:59:52,25.50263,-103.38112,20,04,1,
4660,02613,2022-05-25 17:00:22,25.50396,-103.38063,17,04,1,
4660,02613,2022-05-25 17:00:52,25.5047,-103.38195,18,04,1,
4660,02613,2022-05-25 17:01:23,25.50588,-103.381,3,04,1,
4660,02613,2022-05-25 17:01:48,25.50696,-103.38017,30,04,1,
4660,02613,2022-05-25 17:02:18,25.5074,-103.37997,14,04,1,
4660,02613,2022-05-25 17:02:48,25.50836,-103.3815,0,04,1,
4660,02613,2022-05-25 17:03:19,25.50926,-103.38287,0,04,1,
4660,02613,2022-05-25 17:03:49,25.5086,-103.38373,38,04,1,
4660,02613,2022-05-25 17:04:19,25.50666,-103.38529,0,04,1,
4660,02613,2022-05-25 17:04:50,25.50667,-103.38528,0,04,1,
4660,02613,2022-05-25 17:05:20,25.50781,-103.38736,53,04,1,
4660,02613,2022-05-25 17:05:51,25.50905,-103.38931,0,04,1,
4660,02613,2022-05-25 17:06:21,25.50962,-103.39016,15,04,1,
4660,02613,2022-05-25 17:06:46,25.50995,-103.39067,0,04,1,
4660,02613,2022-05-25 17:07:17,25.51055,-103.39162,40,04,1,
4660,02613,2022-05-25 17:07:47,25.51204,-103.39395,43,04,1,
4660,02613,2022-05-25 17:08:17,25.51268,-103.39447,0,04,1,
4660,02613,2022-05-25 17:08:48,25.51377,-103.39405,35,04,1,
4660,02613,2022-05-25 17:09:18,25.51441,-103.39404,0,04,1,
4660,02613,2022-05-25 17:09:48,25.51512,-103.39404,32,04,1,
4660,02613,2022-05-25 17:10:19,25.51737,-103.39402,0,04,1,
4660,02613,2022-05-25 17:10:49,25.51737,-103.39403,0,04,1,
4660,02613,2022-05-25 17:11:19,25.51736,-103.39403,0,04,1,
4660,02613,2022-05-25 17:11:50,25.51812,-103.39403,5,04,1,
4660,02613,2022-05-25 17:12:15,25.52002,-103.39401,26,04,1,
4660,02613,2022-05-25 17:12:45,25.52164,-103.39401,15,04,1,
4660,02613,2022-05-25 17:13:16,25.52254,-103.394,23,04,1,
4660,02613,2022-05-25 17:13:46,25.52454,-103.39398,22,04,1,
4660,02613,2022-05-25 17:14:16,25.52575,-103.39398,40,04,1,
4660,02613,2022-05-25 17:14:47,25.52823,-103.39395,23,04,1,
4660,02613,2022-05-25 17:15:17,25.53118,-103.39393,30,04,1,
4660,02613,2022-05-25 17:15:47,25.53207,-103.39391,6,04,1,
4660,02613,2022-05-25 17:16:18,25.53376,-103.39385,36,04,1,
4660,02613,2022-05-25 17:16:48,25.53437,-103.39384,15,04,1,
4660,02613,2022-05-25 17:17:16,25.53519,-103.3939,18,04,1,
4660,02613,2022-05-25 17:17:44,25.5354,-103.39575,1,04,1,
4660,02613,2022-05-25 17:18:14,25.53537,-103.39748,45,04,1,
4660,02613,2022-05-25 17:18:44,25.53536,-103.40144,46,04,1,
4660,02613,2022-05-25 17:19:15,25.53548,-103.40488,7,04,1,
4660,02613,2022-05-25 17:19:45,25.53547,-103.40488,0,04,1,
4660,02613,2022-05-25 17:20:15,25.53549,-103.40508,20,04,1,
4660,02613,2022-05-25 17:20:46,25.53558,-103.40773,0,04,1,
4660,02613,2022-05-25 17:21:16,25.53559,-103.40978,40,04,1,
4660,02613,2022-05-25 17:21:46,25.5356,-103.41128,20,04,1,
4660,02613,2022-05-25 17:22:17,25.53562,-103.41387,16,04,1,
4660,02613,2022-05-25 17:22:42,25.53562,-103.414,0,04,1,
4660,02613,2022-05-25 17:23:12,25.53562,-103.41399,0,04,1,
4660,02613,2022-05-25 17:23:43,25.53562,-103.41476,2,04,1,
4660,02613,2022-05-25 17:24:13,25.5356,-103.41624,42,04,1,
4660,02613,2022-05-25 17:24:43,25.53564,-103.418,0,04,1,
4660,02613,2022-05-25 17:25:14,25.53562,-103.41888,29,04,1,
4660,02613,2022-05-25 17:25:44,25.53565,-103.42027,22,04,1,
4660,02613,2022-05-25 17:26:14,25.53564,-103.42216,0,04,1,
4660,02613,2022-05-25 17:26:45,25.53566,-103.42266,29,04,1,
4660,02613,2022-05-25 17:27:15,25.5357,-103.42604,26,04,1,
4660,02613,2022-05-25 17:27:45,25.53569,-103.4281,37,04,1,
4660,02613,2022-05-25 17:28:11,25.53568,-103.42852,0,04,1,
4660,02613,2022-05-25 17:28:41,25.53569,-103.42971,41,04,1,
4660,02613,2022-05-25 17:29:11,25.53572,-103.43356,37,04,1,
4660,02613,2022-05-25 17:29:42,25.53573,-103.4342,0,04,1,
4660,02613,2022-05-25 17:30:12,25.53574,-103.43419,0,04,1,
4660,02613,2022-05-25 17:30:42,25.53575,-103.43539,40,04,1,
4660,02613,2022-05-25 17:31:13,25.53578,-103.43939,47,04,1,
4660,02613,2022-05-25 17:31:43,25.53579,-103.44141,23,04,1,
4660,02613,2022-05-25 17:32:14,25.5358,-103.44229,25,04,1,
4660,02613,2022-05-25 17:32:44,25.53582,-103.44519,6,04,1,
4660,02613,2022-05-25 17:33:09,25.53581,-103.44612,37,04,1,
4660,02613,2022-05-25 17:33:39,25.5358,-103.4478,0,04,1,
4660,02613,2022-05-25 17:34:10,25.53587,-103.44775,1,04,1,
4660,02613,2022-05-25 17:34:40,25.53583,-103.44973,44,04,1,
4660,02613,2022-05-25 17:35:10,25.53583,-103.4519,36,04,1,
4660,02613,2022-05-25 17:35:41,25.53583,-103.45508,33,04,1,
4660,02613,2022-05-25 17:36:11,25.53583,-103.45622,2,04,1,
4660,02613,2022-05-25 17:36:41,25.53588,-103.45854,22,04,1,
4660,02613,2022-05-25 17:37:12,25.53586,-103.46031,33,04,1,
4660,02613,2022-05-25 17:37:42,25.53573,-103.46144,3,04,1,
4660,02613,2022-05-25 17:38:12,25.53556,-103.46216,25,04,1,
4660,02613,2022-05-25 17:38:38,25.53533,-103.46321,5,04,1,
4660,02613,2022-05-25 17:39:08,25.53496,-103.46483,2,04,1,
4660,02613,2022-05-25 17:39:38,25.53538,-103.46519,0,04,1,
4660,02613,2022-05-25 17:40:09,25.5355,-103.46522,16,04,1,
4660,02613,2022-05-25 17:40:39,25.53729,-103.46568,18,04,1,
4660,02613,2022-05-25 17:41:09,25.54032,-103.46655,42,04,1,
4660,02613,2022-05-25 17:41:40,25.5416,-103.46702,24,04,1,
4660,02613,2022-05-25 17:42:10,25.54153,-103.4677,5,04,1,
4660,02613,2022-05-25 17:42:40,25.54153,-103.46771,0,04,1,
4660,02613,2022-05-25 17:43:11,25.54151,-103.46782,9,04,1,
4660,02613,2022-05-25 17:43:36,25.54042,-103.46765,13,04,1,
4660,02613,2022-05-25 17:44:06,25.54017,-103.46759,0,04,1,
4660,02613,2022-05-25 17:44:37,25.53968,-103.46745,24,04,1,
4660,02613,2022-05-25 17:45:07,25.53771,-103.4669,25,04,1,
4660,02613,2022-05-25 17:45:37,25.53634,-103.46653,11,04,1,
4660,02613,2022-05-25 17:46:08,25.53631,-103.4665,0,04,1,
4660,02613,2022-05-25 17:46:38,25.53632,-103.46649,0,04,1,
4660,02613,2022-05-25 17:47:08,25.53602,-103.4664,14,04,1,
4660,02613,2022-05-25 17:47:39,25.53498,-103.46587,1,04,1,
4660,02613,2022-05-25 17:48:09,25.53499,-103.46588,0,04,1,
4660,02613,2022-05-25 17:48:39,25.53513,-103.46353,49,04,1,
4660,02613,2022-05-25 17:49:05,25.53566,-103.46093,17,04,1,
4660,02613,2022-05-25 17:49:35,25.53578,-103.45958,9,04,1,
4660,02613,2022-05-25 17:50:05,25.53578,-103.45919,7,04,1,
4660,02613,2022-05-25 17:50:36,25.53575,-103.45722,2,04,1,
4660,02613,2022-05-25 17:51:06,25.53578,-103.45508,32,04,1,
4660,02613,2022-05-25 17:51:37,25.53579,-103.45306,0,04,1,
4660,02613,2022-05-25 17:52:07,25.53578,-103.45304,8,04,1,
4660,02613,2022-05-25 17:52:37,25.53576,-103.44991,40,04,1,
4660,02613,2022-05-25 17:53:08,25.53576,-103.44901,0,04,1,
4660,02613,2022-05-25 17:53:38,25.53576,-103.44903,0,04,1,
4660,02613,2022-05-25 17:54:03,25.53577,-103.44901,6,04,1,
4660,02613,2022-05-25 17:54:34,25.53571,-103.44616,39,04,1,
4660,02613,2022-05-25 17:55:04,25.53571,-103.44521,24,04,1,
4660,02613,2022-05-25 17:55:34,25.53569,-103.44279,3,04,1,
4660,02613,2022-05-25 17:56:05,25.5357,-103.4428,0,04,1,
4660,02613,2022-05-25 17:56:35,25.53568,-103.44271,15,04,1,
4660,02613,2022-05-25 17:57:05,25.53568,-103.44071,7,04,1,
4660,02613,2022-05-25 17:57:36,25.53565,-103.43876,41,04,1,
4660,02613,2022-05-25 17:58:06,25.53561,-103.43673,0,04,1,
4660,02613,2022-05-25 17:58:37,25.53564,-103.43617,0,04,1,
4660,02613,2022-05-25 17:59:02,25.53561,-103.43472,37,04,1,
4660,02613,2022-05-25 17:59:32,25.53558,-103.43315,32,04,1,
4660,02613,2022-05-25 18:00:03,25.5356,-103.42964,28,04,1,
4660,02613,2022-05-25 18:00:33,25.53558,-103.42783,41,04,1,
4660,02613,2022-05-25 18:01:03,25.53555,-103.4241,44,04,1,
4660,02613,2022-05-25 18:01:34,25.53554,-103.42284,0,04,1,
4660,02613,2022-05-25 18:02:04,25.53554,-103.42217,0,04,1,
4660,02613,2022-05-25 18:02:34,25.53556,-103.42076,16,04,1,
4660,02613,2022-05-25 18:03:05,25.53557,-103.42021,9,04,1,
4660,02613,2022-05-25 18:03:35,25.53553,-103.41874,0,04,1,
4660,02613,2022-05-25 18:04:05,25.53553,-103.4175,35,04,1,
4660,02613,2022-05-25 18:04:31,25.53551,-103.41551,1,04,1,
4660,02613,2022-05-25 18:05:01,25.53551,-103.41553,0,04,1,
4660,02613,2022-05-25 18:05:31,25.53551,-103.41554,0,04,1,
4660,02613,2022-05-25 18:06:02,25.5355,-103.41343,43,04,1,
4660,02613,2022-05-25 18:06:32,25.53549,-103.41105,18,04,1,
4660,02613,2022-05-25 18:07:03,25.53532,-103.40765,34,04,1,
4660,02613,2022-05-25 18:07:33,25.53528,-103.40724,8,04,1,
4660,02613,2022-05-25 18:08:03,25.53534,-103.40664,0,04,1,
4660,02613,2022-05-25 18:08:34,25.53534,-103.4066,11,04,1,
4660,02613,2022-05-25 18:09:04,25.53523,-103.40385,42,04,1,
4660,02613,2022-05-25 18:09:29,25.53517,-103.40258,33,04,1,
4660,02613,2022-05-25 18:10:00,25.53516,-103.39914,44,04,1,
4660,02613,2022-05-25 18:10:30,25.53511,-103.39659,7,04,1,
4660,02613,2022-05-25 18:11:00,25.53477,-103.39611,0,04,1,
4660,02613,2022-05-25 18:11:31,25.53477,-103.39613,0,04,1,
4660,02613,2022-05-25 18:12:01,25.53477,-103.39614,0,04,1,
4660,02613,2022-05-25 18:12:31,25.53477,-103.39614,0,04,1,
4660,02613,2022-05-25 18:13:02,25.53475,-103.39614,0,04,1,
4660,02613,2022-05-25 18:13:32,25.53302,-103.39613,34,04,1,
4660,02613,2022-05-25 18:14:03,25.53145,-103.39613,0,04,1,
4660,02613,2022-05-25 18:14:28,25.53006,-103.39614,20,04,1,
4660,02613,2022-05-25 18:14:58,25.52794,-103.39618,0,04,1,
4660,02613,2022-05-25 18:15:28,25.52735,-103.39616,0,04,1,
4660,02613,2022-05-25 18:15:59,25.52618,-103.39617,20,04,1,
4660,02613,2022-05-25 18:16:29,25.52506,-103.39617,25,04,1,
4660,02613,2022-05-25 18:16:59,25.52279,-103.3962,11,04,1,
4660,02613,2022-05-25 18:17:30,25.52213,-103.39618,0,04,1,
4660,02613,2022-05-25 18:18:00,25.52214,-103.39618,0,04,1,
4660,02613,2022-05-25 18:18:31,25.52108,-103.39618,17,04,1,
4660,02613,2022-05-25 18:19:01,25.51767,-103.3961,30,04,1,
4660,02613,2022-05-25 18:19:26,25.5176,-103.39422,49,04,1,
4660,02613,2022-05-25 18:19:57,25.51759,-103.39132,22,04,1,
4660,02613,2022-05-25 18:20:27,25.51758,-103.39017,0,04,1,
4660,02613,2022-05-25 18:20:58,25.51758,-103.38985,21,04,1,
4660,02613,2022-05-25 18:21:28,25.5158,-103.39147,39,04,1,
4660,02613,2022-05-25 18:21:58,25.51501,-103.39233,0,04,1,
4660,02613,2022-05-25 18:22:29,25.51335,-103.39409,31,04,1,
4660,02613,2022-05-25 18:22:59,25.51303,-103.39446,0,04,1,
4660,02613,2022-05-25 18:23:29,25.51276,-103.39473,12,04,1,
4660,02613,2022-05-25 18:24:00,25.51271,-103.39477,0,04,1,
4660,02613,2022-05-25 18:24:25,25.51166,-103.39587,42,04,1,
4660,02613,2022-05-25 18:24:55,25.50915,-103.39848,47,04,1,
4660,02613,2022-05-25 18:25:26,25.5071,-103.4008,26,04,1,
4660,02613,2022-05-25 18:25:56,25.50611,-103.40198,42,04,1,
4660,02613,2022-05-25 18:26:27,25.50418,-103.40427,36,04,1,
4660,02613,2022-05-25 18:26:57,25.50251,-103.40577,9,04,1,
4660,02613,2022-05-25 18:27:27,25.50051,-103.40739,40,04,1,
4660,02613,2022-05-25 18:27:58,25.49738,-103.41006,29,04,1,
4660,02613,2022-05-25 18:28:28,25.4968,-103.41053,25,04,1,
4660,02613,2022-05-25 18:28:58,25.4956,-103.40943,3,04,1,
4660,02613,2022-05-25 18:29:27,25.4962,-103.40873,30,04,1,
4660,02613,2022-05-25 18:29:54,25.49708,-103.4067,33,04,1,
4660,02613,2022-05-25 18:30:24,25.49583,-103.40499,32,04,1,
4660,02613,2022-05-25 18:30:55,25.49449,-103.40344,22,04,1,
4660,02613,2022-05-25 18:31:25,25.49311,-103.40317,4,04,1,
4660,02613,2022-05-25 18:31:55,25.49182,-103.40452,16,04,1,
4660,02613,2022-05-25 18:32:26,25.49078,-103.40341,29,04,1,
4660,02613,2022-05-25 18:32:56,25.49037,-103.4007,32,04,1,
4660,02613,2022-05-25 18:33:26,25.49148,-103.39942,32,04,1,
4660,02613,2022-05-25 18:33:57,25.49248,-103.39825,9,04,1,
4660,02613,2022-05-25 18:34:12,25.49312,-103.39749,40,00,1,
4660,02613,2022-05-25 18:34:43,25.4943,-103.39358,53,00,1,
4660,02613,2022-05-25 18:35:13,25.49495,-103.3893,50,00,1,
4660,02613,2022-05-25 18:35:43,25.4956,-103.38505,52,00,1,
4660,02613,2022-05-25 18:36:14,25.49612,-103.38161,5,00,1,
4660,02613,2022-05-25 18:36:44,25.49605,-103.37949,23,00,1,
4660,02613,2022-05-25 18:37:14,25.49566,-103.37955,0,00,1,
4660,02613,2022-05-25 18:37:45,25.49566,-103.37955,0,00,1,
4660,02613,2022-05-25 18:38:15,25.49565,-103.37955,0,00,1,
4660,02613,2022-05-25 18:38:40,25.49565,-103.37955,0,00,1,
4660,02613,2022-05-25 18:39:11,25.49558,-103.37959,7,00,1,
4660,02613,2022-05-25 18:39:41,25.49608,-103.38026,10,00,1,
4660,02613,2022-05-25 18:40:12,25.49614,-103.37998,0,00,1,
4660,02613,2022-05-25 18:40:42,25.49614,-103.37998,0,00,1,
4660,02613,2022-05-25 18:41:12,25.49613,-103.37998,0,00,1,
4660,02613,2022-05-25 18:41:43,25.49613,-103.37998,0,00,1,
4660,02613,2022-05-25 18:42:13,25.49613,-103.37998,0,00,1,
4660,02613,2022-05-25 18:42:44,25.49612,-103.37997,0,00,1,
4660,02613,2022-05-25 18:43:09,25.49612,-103.37997,0,00,1,
4660,02614,2022-05-25 19:00:03,25.49152,-103.37972,0,04,1,
4660,02614,2022-05-25 19:00:28,25.49663,-103.3798,18,04,1,
4660,02614,2022-05-25 19:00:59,25.49689,-103.38014,15,04,1,
4660,02614,2022-05-25 19:01:29,25.49827,-103.3826,41,04,1,
4660,02614,2022-05-25 19:02:00,25.4994,-103.38461,33,04,1,
4660,02614,2022-05-25 19:02:30,25.50108,-103.38761,42,04,1,
4660,02614,2022-05-25 19:03:00,25.50266,-103.3907,40,04,1,
4660,02614,2022-05-25 19:03:31,25.50403,-103.39105,30,04,1,
4660,02614,2022-05-25 19:04:01,25.50547,-103.38964,21,04,1,
4660,02614,2022-05-25 19:04:31,25.50465,-103.38839,15,04,1,
4660,02614,2022-05-25 19:05:02,25.50381,-103.38707,17,04,1,
4660,02614,2022-05-25 19:05:27,25.50304,-103.3858,23,04,1,
4660,02614,2022-05-25 19:05:57,25.50196,-103.38416,24,04,1,
4660,02614,2022-05-25 19:06:27,25.5015,-103.38344,22,04,1,
4660,02614,2022-05-25 19:06:58,25.501,-103.38264,0,04,1,
4660,02614,2022-05-25 19:07:28,25.50186,-103.38177,32,04,1,
4660,02614,2022-05-25 19:07:58,25.50332,-103.38066,28,04,1,
4660,02614,2022-05-25 19:08:29,25.50425,-103.38173,30,04,1,
4660,02614,2022-05-25 19:08:59,25.50554,-103.38132,29,04,1,
4660,02614,2022-05-25 19:09:30,25.50698,-103.38019,33,04,1,
4660,02614,2022-05-25 19:10:00,25.5075,-103.38014,18,04,1,
4660,02614,2022-05-25 19:10:30,25.50841,-103.38156,9,04,1,
4660,02614,2022-05-25 19:10:55,25.50925,-103.38285,22,04,1,
4660,02614,2022-05-25 19:11:22,25.5089,-103.38357,28,04,1,
4660,02614,2022-05-25 19:11:52,25.50663,-103.38532,13,04,1,
4660,02614,2022-05-25 19:12:23,25.50775,-103.38722,44,04,1,
4660,02614,2022-05-25 19:12:53,25.50933,-103.38967,6,04,1,
4660,02614,2022-05-25 19:13:23,25.50968,-103.39022,0,04,1,
4660,02614,2022-05-25 19:13:54,25.51056,-103.39162,32,04,1,
4660,02614,2022-05-25 19:14:24,25.51142,-103.39294,32,04,1,
4660,02614,2022-05-25 19:14:54,25.5125,-103.3946,0,04,1,
4660,02614,2022-05-25 19:15:25,25.51251,-103.39462,6,04,1,
4660,02614,2022-05-25 19:15:50,25.51271,-103.39449,0,04,1,
4660,02614,2022-05-25 19:16:20,25.51332,-103.39409,19,04,1,
4660,02614,2022-05-25 19:16:51,25.51452,-103.39408,0,04,1,
4660,02614,2022-05-25 19:17:21,25.51451,-103.39409,0,04,1,
4660,02614,2022-05-25 19:17:51,25.51531,-103.3941,2,04,1,
4660,02614,2022-05-25 19:18:21,25.51695,-103.39407,20,04,1,
4660,02614,2022-05-25 19:18:52,25.51771,-103.39406,22,04,1,
4660,02614,2022-05-25 19:19:22,25.51928,-103.39405,32,04,1,
4660,02614,2022-05-25 19:19:53,25.52144,-103.39403,33,04,1,
4660,02614,2022-05-25 19:20:23,25.52234,-103.39401,0,04,1,
4660,02614,2022-05-25 19:20:53,25.52247,-103.39401,15,04,1,
4660,02614,2022-05-25 19:21:19,25.52352,-103.39401,16,04,1,
4660,02614,2022-05-25 19:21:49,25.52475,-103.394,12,04,1,
4660,02614,2022-05-25 19:22:19,25.52614,-103.39398,26,04,1,
4660,02614,2022-05-25 19:22:50,25.52831,-103.39396,43,04,1,
4660,02614,2022-05-25 19:23:20,25.52968,-103.39395,34,04,1,
4660,02614,2022-05-25 19:23:50,25.53081,-103.39397,0,04,1,
4660,02614,2022-05-25 19:24:21,25.53154,-103.39397,13,04,1,
4660,02614,2022-05-25 19:24:51,25.53392,-103.39392,15,04,1,
4660,02614,2022-05-25 19:25:21,25.53451,-103.39393,0,04,1,
4660,02614,2022-05-25 19:25:52,25.53535,-103.39458,25,04,1,
4660,02614,2022-05-25 19:26:17,25.53539,-103.39558,4,04,1,
4660,02614,2022-05-25 19:26:47,25.53538,-103.39854,57,04,1,
4660,02614,2022-05-25 19:27:18,25.53538,-103.40299,25,04,1,
4660,02614,2022-05-25 19:27:48,25.53547,-103.40469,6,04,1,
4660,02614,2022-05-25 19:28:18,25.53544,-103.40472,0,04,1,
4660,02614,2022-05-25 19:28:49,25.53557,-103.40605,40,04,1,
4660,02614,2022-05-25 19:29:19,25.5356,-103.40908,39,04,1,
4660,02614,2022-05-25 19:29:49,25.53561,-103.41108,29,04,1,
4660,02614,2022-05-25 19:30:20,25.53563,-103.41385,8,04,1,
4660,02614,2022-05-25 19:30:50,25.53564,-103.41385,0,04,1,
4660,02614,2022-05-25 19:31:16,25.53565,-103.41425,27,04,1,
4660,02614,2022-05-25 19:31:46,25.53565,-103.41589,32,04,1,
4660,02614,2022-05-25 19:32:16,25.53568,-103.4182,1,04,1,
4660,02614,2022-05-25 19:32:47,25.53567,-103.41885,0,04,1,
4660,02614,2022-05-25 19:33:17,25.53567,-103.42009,0,04,1,
4660,02614,2022-05-25 19:33:47,25.53567,-103.4215,18,04,1,
4660,02614,2022-05-25 19:34:18,25.53568,-103.42237,8,04,1,
4660,02614,2022-05-25 19:34:48,25.53568,-103.42379,37,04,1,
4660,02614,2022-05-25 19:35:18,25.53572,-103.42624,16,04,1,
4660,02614,2022-05-25 19:35:49,25.53572,-103.42869,0,04,1,
4660,02614,2022-05-25 19:36:19,25.53571,-103.4293,31,04,1,
4660,02614,2022-05-25 19:36:44,25.53573,-103.43229,45,04,1,
4660,02614,2022-05-25 19:37:15,25.53575,-103.43377,13,04,1,
4660,02614,2022-05-25 19:37:45,25.53578,-103.43524,36,04,1,
4660,02614,2022-05-25 19:38:15,25.53577,-103.43892,50,04,1,
4660,02614,2022-05-25 19:38:46,25.53579,-103.44299,40,04,1,
4660,02614,2022-05-25 19:39:16,25.53583,-103.44631,19,04,1,
4660,02614,2022-05-25 19:39:46,25.53584,-103.44772,14,04,1,
4660,02614,2022-05-25 19:40:17,25.53585,-103.44812,19,04,1,
4660,02614,2022-05-25 19:40:47,25.53583,-103.45084,36,04,1,
4660,02614,2022-05-25 19:41:18,25.53585,-103.4537,36,04,1,
4660,02614,2022-05-25 19:41:43,25.53588,-103.45619,26,04,1,
4660,02614,2022-05-25 19:42:13,25.53588,-103.45674,17,04,1,
4660,02614,2022-05-25 19:42:44,25.53591,-103.45856,16,04,1,
4660,02614,2022-05-25 19:43:14,25.53591,-103.45985,24,04,1,
4660,02614,2022-05-25 19:43:44,25.53554,-103.46225,18,04,1,
4660,02614,2022-05-25 19:44:15,25.5354,-103.46288,0,04,1,
4660,02614,2022-05-25 19:44:45,25.53541,-103.46287,0,04,1,
4660,02614,2022-05-25 19:45:15,25.53541,-103.46286,0,04,1,
4660,02614,2022-05-25 19:45:46,25.53541,-103.46286,0,04,1,
4660,02614,2022-05-25 19:46:16,25.53535,-103.46304,0,04,1,
4660,02614,2022-05-25 19:46:41,25.53535,-103.46303,0,04,1,
4660,02614,2022-05-25 19:47:12,25.53504,-103.46439,36,04,1,
4660,02614,2022-05-25 19:47:42,25.53537,-103.46514,13,04,1,
4660,02614,2022-05-25 19:48:12,25.53562,-103.4652,19,04,1,
4660,02614,2022-05-25 19:48:43,25.53672,-103.46552,30,04,1,
4660,02614,2022-05-25 19:49:13,25.53897,-103.46615,26,04,1,
4660,02614,2022-05-25 19:49:43,25.53997,-103.46643,0,04,1,
4660,02614,2022-05-25 19:50:14,25.53996,-103.46643,0,04,1,
4660,02614,2022-05-25 19:50:44,25.54034,-103.46655,28,04,1,
4660,02614,2022-05-25 19:51:15,25.5412,-103.46681,0,04,1,
4660,02614,2022-05-25 19:51:40,25.54152,-103.46755,31,04,1,
4660,02614,2022-05-25 19:52:10,25.5403,-103.46763,0,04,1,
4660,02614,2022-05-25 19:52:41,25.53937,-103.46738,36,04,1,
4660,02614,2022-05-25 19:53:11,25.53706,-103.46673,21,04,1,
4660,02614,2022-05-25 19:53:41,25.53631,-103.46652,0,04,1,
4660,02614,2022-05-25 19:54:12,25.53632,-103.46651,0,04,1,
4660,02614,2022-05-25 19:54:42,25.53632,-103.46651,0,04,1,
4660,02614,2022-05-25 19:55:13,25.53533,-103.46619,15,04,1,
4660,02614,2022-05-25 19:55:43,25.53498,-103.46585,17,04,1,
4660,02614,2022-05-25 19:56:13,25.53474,-103.46549,22,04,1,
4660,02614,2022-05-25 19:56:39,25.53519,-103.46309,35,04,1,
4660,02614,2022-05-25 19:57:09,25.53566,-103.46106,16,04,1,
4660,02614,2022-05-25 19:57:39,25.53581,-103.45955,17,04,1,
4660,02614,2022-05-25 19:58:10,25.53581,-103.45831,31,04,1,
4660,02614,2022-05-25 19:58:40,25.53578,-103.45553,24,04,1,
4660,02614,2022-05-25 19:59:10,25.53575,-103.45343,23,04,1,
4660,02614,2022-05-25 19:59:41,25.53575,-103.45319,0,04,1,
4660,02614,2022-05-25 20:00:11,25.53574,-103.45282,19,04,1,
4660,02614,2022-05-25 20:00:41,25.53575,-103.44945,27,04,1,
4660,02614,2022-05-25 20:01:12,25.53572,-103.4491,0,04,1,
4660,02614,2022-05-25 20:01:42,25.53572,-103.4491,0,04,1,
4660,02614,2022-05-25 20:02:07,25.53572,-103.44893,17,04,1,
4660,02614,2022-05-25 20:02:38,25.5357,-103.44644,31,04,1,
4660,02614,2022-05-25 20:03:08,25.5357,-103.44365,35,04,1,
4660,02614,2022-05-25 20:03:39,25.53568,-103.44262,0,04,1,
4660,02614,2022-05-25 20:04:09,25.53569,-103.4425,5,04,1,
4660,02614,2022-05-25 20:04:39,25.53568,-103.44199,26,04,1,
4660,02614,2022-05-25 20:05:10,25.53567,-103.43794,48,04,1,
4660,02614,2022-05-25 20:05:40,25.53564,-103.43661,0,04,1,
4660,02614,2022-05-25 20:06:10,25.53564,-103.43653,14,04,1,
4660,02614,2022-05-25 20:06:40,25.53565,-103.43462,0,04,1,
4660,02614,2022-05-25 20:07:06,25.53563,-103.43461,0,04,1,
4660,02614,2022-05-25 20:07:36,25.53562,-103.43392,0,04,1,
4660,02614,2022-05-25 20:08:07,25.53559,-103.43111,11,04,1,
4660,02614,2022-05-25 20:08:37,25.5356,-103.42942,8,04,1,
4660,02614,2022-05-25 20:09:07,25.53561,-103.42934,0,04,1,
4660,02614,2022-05-25 20:09:38,25.5356,-103.42767,49,04,1,
4660,02614,2022-05-25 20:10:08,25.53557,-103.4239,0,04,1,
4660,02614,2022-05-25 20:10:38,25.53557,-103.4223,9,04,1,
4660,02614,2022-05-25 20:11:09,25.53557,-103.42212,0,04,1,
4660,02614,2022-05-25 20:11:39,25.53558,-103.4209,9,04,1,
4660,02614,2022-05-25 20:12:04,25.53557,-103.42046,0,04,1,
4660,02614,2022-05-25 20:12:35,25.53553,-103.41881,7,04,1,
4660,02614,2022-05-25 20:13:05,25.53554,-103.4188,0,04,1,
4660,02614,2022-05-25 20:13:36,25.53553,-103.41674,18,04,1,
4660,02614,2022-05-25 20:14:06,25.5355,-103.41558,0,04,1,
4660,02614,2022-05-25 20:14:36,25.5355,-103.41558,0,04,1,
4660,02614,2022-05-25 20:15:07,25.5355,-103.41557,6,04,1,
4660,02614,2022-05-25 20:15:37,25.53549,-103.41273,44,04,1,
4660,02614,2022-05-25 20:16:08,25.53542,-103.4093,52,04,1,
4660,02614,2022-05-25 20:16:38,25.53529,-103.40719,11,04,1,
4660,02614,2022-05-25 20:17:03,25.53532,-103.4065,23,04,1,
4660,02614,2022-05-25 20:17:34,25.53521,-103.40374,43,04,1,
4660,02614,2022-05-25 20:18:04,25.53516,-103.4015,33,04,1,
4660,02614,2022-05-25 20:18:34,25.53514,-103.39924,52,04,1,
4660,02614,2022-05-25 20:19:05,25.53508,-103.39615,20,04,1,
4660,02614,2022-05-25 20:19:35,25.53475,-103.39611,0,04,1,
4660,02614,2022-05-25 20:20:05,25.53475,-103.39613,0,04,1,
4660,02614,2022-05-25 20:20:36,25.53473,-103.39613,8,04,1,
4660,02614,2022-05-25 20:21:06,25.53292,-103.39612,32,04,1,
4660,02614,2022-05-25 20:21:36,25.53044,-103.39615,6,04,1,
4660,02614,2022-05-25 20:22:03,25.5299,-103.39614,18,04,1,
4660,02614,2022-05-25 20:22:32,25.52729,-103.39619,7,04,1,
4660,02614,2022-05-25 20:23:02,25.52534,-103.39618,1,04,1,
4660,02614,2022-05-25 20:23:33,25.52329,-103.3962,20,04,1,
4660,02614,2022-05-25 20:24:03,25.52126,-103.39621,21,04,1,
4660,02614,2022-05-25 20:24:34,25.51879,-103.39619,37,04,1,
4660,02614,2022-05-25 20:25:04,25.51825,-103.3962,0,04,1,
4660,02614,2022-05-25 20:25:34,25.5176,-103.39587,19,04,1,
4660,02614,2022-05-25 20:26:05,25.5176,-103.39428,0,04,1,
4660,02614,2022-05-25 20:26:35,25.51758,-103.39184,53,04,1,
4660,02614,2022-05-25 20:27:01,25.51751,-103.38966,17,04,1,
4660,02614,2022-05-25 20:27:31,25.51622,-103.39102,5,04,1,
4660,02614,2022-05-25 20:28:01,25.51415,-103.39322,54,04,1,
4660,02614,2022-05-25 20:28:32,25.513,-103.39448,0,04,1,
4660,02614,2022-05-25 20:29:02,25.51288,-103.39457,9,04,1,
4660,02614,2022-05-25 20:29:32,25.51177,-103.39574,35,04,1,
4660,02614,2022-05-25 20:30:03,25.50939,-103.39824,47,04,1,
4660,02614,2022-05-25 20:30:33,25.50716,-103.4007,39,04,1,
4660,02614,2022-05-25 20:31:04,25.50594,-103.40218,38,04,1,
4660,02614,2022-05-25 20:31:34,25.50448,-103.40392,14,04,1,
4660,02614,2022-05-25 20:31:59,25.50282,-103.40553,35,04,1,
4660,02614,2022-05-25 20:32:30,25.50123,-103.40667,37,04,1,
4660,02614,2022-05-25 20:33:00,25.4986,-103.40906,60,04,1,
4660,02614,2022-05-25 20:33:30,25.49711,-103.41029,2,04,1,
4660,02614,2022-05-25 20:34:01,25.49673,-103.41059,0,04,1,
4660,02614,2022-05-25 20:34:31,25.49625,-103.41039,26,04,1,
4660,02614,2022-05-25 20:35:02,25.4957,-103.40916,16,04,1,
4660,02614,2022-05-25 20:35:32,25.49654,-103.40839,22,04,1,
4660,02614,2022-05-25 20:36:02,25.49703,-103.40747,12,04,1,
4660,02614,2022-05-25 20:36:33,25.49695,-103.40621,18,04,1,
4660,02614,2022-05-25 20:36:58,25.4961,-103.40525,32,04,1,
4660,02614,2022-05-25 20:37:28,25.49502,-103.40402,32,04,1,
4660,02614,2022-05-25 20:37:59,25.49355,-103.40261,0,04,1,
4660,02614,2022-05-25 20:38:29,25.49278,-103.40355,26,04,1,
4660,02614,2022-05-25 20:39:00,25.49182,-103.40451,13,04,1,
4660,02614,2022-05-25 20:39:20,25.49141,-103.40417,13,00,1,
4660,02614,2022-05-25 20:39:51,25.4903,-103.40279,31,00,1,
4660,02614,2022-05-25 20:40:16,25.49044,-103.40063,27,00,1,
4660,02614,2022-05-25 20:40:47,25.49148,-103.39939,29,00,1,
4660,02614,2022-05-25 20:41:17,25.49242,-103.39828,6,00,1,
4660,02614,2022-05-25 20:41:47,25.49364,-103.39659,46,00,1,
4660,02614,2022-05-25 20:42:18,25.49445,-103.39234,50,00,1,
4660,02614,2022-05-25 20:42:48,25.49506,-103.3884,45,00,1,
4660,02614,2022-05-25 20:43:18,25.49566,-103.38448,48,00,1,
4660,02614,2022-05-25 20:43:49,25.49609,-103.38164,6,00,1,
4660,02614,2022-05-25 20:44:19,25.49616,-103.38009,10,00,1,
4660,02614,2022-05-25 20:44:49,25.49615,-103.37999,0,00,1,
4660,02614,2022-05-25 20:45:15,25.49615,-103.38,0,00,1,
4660,02614,2022-05-25 20:45:46,25.49616,-103.38,0,00,1,
4660,02614,2022-05-25 20:46:16,25.49617,-103.38,0,00,1,
4660,02614,2022-05-25 20:46:46,25.49617,-103.38001,0,00,1,
4660,02614,2022-05-25 20:47:17,25.49617,-103.38001,0,00,1,
4660,02614,2022-05-25 20:47:47,25.49617,-103.38001,0,00,1,
4660,02615,2022-05-25 21:09:31,25.49622,-103.38001,0,04,1,
4660,02615,2022-05-25 21:09:56,25.49639,-103.37961,6,04,1,
4660,02615,2022-05-25 21:10:26,25.49725,-103.38065,30,04,1,
4660,02615,2022-05-25 21:10:57,25.49858,-103.38303,34,04,1,
4660,02615,2022-05-25 21:11:27,25.49906,-103.38389,0,04,1,
4660,02615,2022-05-25 21:11:57,25.5001,-103.38576,42,04,1,
4660,02615,2022-05-25 21:12:28,25.50129,-103.3879,40,04,1,
4660,02615,2022-05-25 21:12:58,25.50288,-103.39103,40,04,1,
4660,02615,2022-05-25 21:13:28,25.50425,-103.39086,20,04,1,
4660,02615,2022-05-25 21:13:59,25.50539,-103.38946,27,04,1,
4660,02615,2022-05-25 21:14:25,25.50466,-103.38834,17,04,1,
4660,02615,2022-05-25 21:14:55,25.50384,-103.38708,13,04,1,
4660,02615,2022-05-25 21:15:25,25.50345,-103.38646,10,04,1,
4660,02615,2022-05-25 21:15:55,25.50273,-103.38533,0,04,1,
4660,02615,2022-05-25 21:16:22,25.50198,-103.38415,0,04,1,
4660,02615,2022-05-25 21:16:52,25.50158,-103.38351,18,04,1,
4660,02615,2022-05-25 21:17:22,25.50126,-103.38212,27,04,1,
4660,02615,2022-05-25 21:17:53,25.50235,-103.38129,6,04,1,
4660,02615,2022-05-25 21:18:23,25.50376,-103.38039,0,04,1,
4660,02615,2022-05-25 21:18:53,25.5044,-103.38189,13,04,1,
4660,02615,2022-05-25 21:19:24,25.50509,-103.38158,26,04,1,
4660,02615,2022-05-25 21:19:49,25.50585,-103.38098,0,04,1,
4660,02615,2022-05-25 21:20:19,25.50715,-103.37997,20,04,1,
4660,02615,2022-05-25 21:20:50,25.50783,-103.38065,13,04,1,
4660,02615,2022-05-25 21:21:20,25.50896,-103.3824,31,04,1,
4660,02615,2022-05-25 21:21:50,25.50937,-103.38318,15,04,1,
4660,02615,2022-05-25 21:22:21,25.50682,-103.38515,34,04,1,
4660,02615,2022-05-25 21:22:51,25.50667,-103.38557,22,04,1,
4660,02615,2022-05-25 21:23:22,25.50786,-103.38735,2,04,1,
4660,02615,2022-05-25 21:23:52,25.50835,-103.38813,0,04,1,
4660,02615,2022-05-25 21:24:22,25.50939,-103.38975,23,04,1,
4660,02615,2022-05-25 21:24:53,25.50999,-103.39067,8,04,1,
4660,02615,2022-05-25 21:25:18,25.51094,-103.39216,21,04,1,
4660,02615,2022-05-25 21:25:48,25.51247,-103.39456,22,04,1,
4660,02615,2022-05-25 21:26:18,25.51328,-103.39405,7,04,1,
4660,02615,2022-05-25 21:26:49,25.51451,-103.39404,1,04,1,
4660,02615,2022-05-25 21:27:19,25.5151,-103.39404,31,04,1,
4660,02615,2022-05-25 21:27:50,25.51668,-103.394,19,04,1,
4660,02615,2022-05-25 21:28:20,25.51789,-103.394,29,04,1,
4660,02615,2022-05-25 21:28:50,25.52029,-103.39399,11,04,1,
4660,02615,2022-05-25 21:29:21,25.52178,-103.39398,0,04,1,
4660,02615,2022-05-25 21:29:51,25.52328,-103.39397,37,04,1,
4660,02615,2022-05-25 21:30:16,25.5247,-103.39396,3,04,1,
4660,02615,2022-05-25 21:30:47,25.52646,-103.39395,28,04,1,
4660,02615,2022-05-25 21:31:17,25.52896,-103.39393,34,04,1,
4660,02615,2022-05-25 21:31:47,25.53144,-103.39391,20,04,1,
4660,02615,2022-05-25 21:32:18,25.53375,-103.39384,46,04,1,
4660,02615,2022-05-25 21:32:48,25.53488,-103.39382,0,04,1,
4660,02615,2022-05-25 21:33:18,25.53487,-103.39382,0,04,1,
4660,02615,2022-05-25 21:33:49,25.53494,-103.39382,15,04,1,
4660,02615,2022-05-25 21:34:19,25.5354,-103.39538,20,04,1,
4660,02615,2022-05-25 21:34:49,25.5354,-103.39686,35,04,1,
4660,02615,2022-05-25 21:35:20,25.53539,-103.40016,39,04,1,
4660,02615,2022-05-25 21:35:45,25.53541,-103.40314,34,04,1,
4660,02615,2022-05-25 21:36:15,25.53549,-103.40453,6,04,1,
4660,02615,2022-05-25 21:36:46,25.5355,-103.40453,0,04,1,
4660,02615,2022-05-25 21:37:16,25.53564,-103.40629,39,04,1,
4660,02615,2022-05-25 21:37:47,25.53564,-103.40811,29,04,1,
4660,02615,2022-05-25 21:38:17,25.53565,-103.41082,31,04,1,
4660,02615,2022-05-25 21:38:47,25.53567,-103.41329,14,04,1,
4660,02615,2022-05-25 21:39:17,25.53569,-103.41495,33,04,1,
4660,02615,2022-05-25 21:39:48,25.5357,-103.41728,34,04,1,
4660,02615,2022-05-25 21:40:18,25.5357,-103.41833,23,04,1,
4660,02615,2022-05-25 21:40:43,25.53568,-103.41977,7,04,1,
4660,02615,2022-05-25 21:41:14,25.53569,-103.42117,32,04,1,
4660,02615,2022-05-25 21:41:44,25.53572,-103.42249,0,04,1,
4660,02615,2022-05-25 21:42:14,25.53573,-103.42431,47,04,1,
4660,02615,2022-05-25 21:42:45,25.53576,-103.42841,33,04,1,
4660,02615,2022-05-25 21:43:15,25.53576,-103.42877,0,04,1,
4660,02615,2022-05-25 21:43:46,25.53575,-103.42905,25,04,1,
4660,02615,2022-05-25 21:44:16,25.53578,-103.43269,48,04,1,
4660,02615,2022-05-25 21:44:46,25.53578,-103.43411,15,04,1,
4660,02615,2022-05-25 21:45:17,25.53578,-103.43629,31,04,1,
4660,02615,2022-05-25 21:45:42,25.53579,-103.43901,46,04,1,
4660,02615,2022-05-25 21:46:12,25.53583,-103.44129,17,04,1,
4660,02615,2022-05-25 21:46:43,25.53581,-103.44309,39,04,1,
4660,02615,2022-05-25 21:47:13,25.53586,-103.44579,9,04,1,
4660,02615,2022-05-25 21:47:43,25.53583,-103.44767,0,04,1,
4660,02615,2022-05-25 21:47:59,25.53583,-103.44762,0,04,1,
4660,02615,2022-05-25 21:48:24,25.53584,-103.44822,22,04,1,
4660,02615,2022-05-25 21:48:54,25.53586,-103.4514,44,04,1,
4660,02615,2022-05-25 21:49:25,25.53585,-103.45409,26,04,1,
4660,02615,2022-05-25 21:49:55,25.53589,-103.45601,0,04,1,
4660,02615,2022-05-25 21:50:25,25.53589,-103.45677,33,04,1,
4660,02615,2022-05-25 21:50:56,25.53594,-103.45972,14,04,1,
4660,02615,2022-05-25 21:51:26,25.53583,-103.46094,30,04,1,
4660,02615,2022-05-25 21:51:56,25.53563,-103.46194,0,04,1,
4660,02615,2022-05-25 21:52:27,25.5352,-103.46371,8,04,1,
4660,02615,2022-05-25 21:52:57,25.53508,-103.46424,23,04,1,
4660,02615,2022-05-25 21:53:22,25.53529,-103.46512,0,04,1,
4660,02615,2022-05-25 21:53:53,25.5353,-103.46512,0,04,1,
4660,02615,2022-05-25 21:54:23,25.53589,-103.46529,21,04,1,
4660,02615,2022-05-25 21:54:53,25.53665,-103.4655,4,04,1,
4660,02615,2022-05-25 21:55:24,25.53727,-103.4657,0,04,1,
4660,02615,2022-05-25 21:55:54,25.53728,-103.4657,0,04,1,
4660,02615,2022-05-25 21:56:24,25.53735,-103.46571,13,04,1,
4660,02615,2022-05-25 21:56:55,25.53945,-103.46631,35,04,1,
4660,02615,2022-05-25 21:57:25,25.54099,-103.46677,0,04,1,
4660,02615,2022-05-25 21:57:56,25.54149,-103.46778,22,04,1,
4660,02615,2022-05-25 21:58:21,25.54042,-103.46765,5,04,1,
4660,02615,2022-05-25 21:58:51,25.53915,-103.4673,26,04,1,
4660,02615,2022-05-25 21:59:22,25.5378,-103.46694,0,04,1,
4660,02615,2022-05-25 21:59:52,25.53781,-103.46693,0,04,1,
4660,02615,2022-05-25 22:00:22,25.53765,-103.46687,14,04,1,
4660,02615,2022-05-25 22:00:52,25.5373,-103.4668,0,04,1,
4660,02615,2022-05-25 22:01:23,25.5373,-103.4668,0,04,1,
4660,02615,2022-05-25 22:01:53,25.53731,-103.46681,0,04,1,
4660,02615,2022-05-25 22:02:23,25.53731,-103.46681,0,04,1,
4660,02615,2022-05-25 22:02:54,25.53707,-103.46674,11,04,1,
4660,02615,2022-05-25 22:03:24,25.53649,-103.46654,1,04,1,
4660,02615,2022-05-25 22:03:49,25.53637,-103.46651,0,04,1,
4660,02615,2022-05-25 22:04:20,25.53637,-103.46651,0,04,1,
4660,02615,2022-05-25 22:04:50,25.53637,-103.46651,0,04,1,
4660,02615,2022-05-25 22:05:21,25.53538,-103.4662,14,04,1,
4660,02615,2022-05-25 22:05:51,25.53523,-103.46612,5,04,1,
4660,02615,2022-05-25 22:06:21,25.53476,-103.46532,22,04,1,
4660,02615,2022-05-25 22:06:52,25.53527,-103.46278,30,04,1,
4660,02615,2022-05-25 22:07:22,25.53565,-103.4611,0,04,1,
4660,02615,2022-05-25 22:07:52,25.53582,-103.45961,28,04,1,
4660,02615,2022-05-25 22:08:23,25.53578,-103.45743,31,04,1,
4660,02615,2022-05-25 22:08:48,25.53578,-103.45645,25,04,1,
4660,02615,2022-05-25 22:09:18,25.53578,-103.45421,30,04,1,
4660,02615,2022-05-25 22:09:49,25.53574,-103.45295,0,04,1,
4660,02615,2022-05-25 22:10:19,25.53575,-103.45262,24,04,1,
4660,02615,2022-05-25 22:10:50,25.53574,-103.44986,30,04,1,
4660,02615,2022-05-25 22:11:20,25.53571,-103.44911,0,04,1,
4660,02615,2022-05-25 22:11:51,25.53574,-103.44912,0,04,1,
4660,02615,2022-05-25 22:12:21,25.53573,-103.44887,22,04,1,
4660,02615,2022-05-25 22:12:51,25.53573,-103.44591,24,04,1,
4660,02615,2022-05-25 22:13:22,25.5357,-103.44387,41,04,1,
4660,02615,2022-05-25 22:13:47,25.53569,-103.44274,0,04,1,
4660,02615,2022-05-25 22:14:17,25.5357,-103.44275,0,04,1,
4660,02615,2022-05-25 22:14:47,25.5357,-103.44181,32,04,1,
4660,02615,2022-05-25 22:15:18,25.5357,-103.43872,38,04,1,
4660,02615,2022-05-25 22:15:48,25.53565,-103.43621,12,04,1,
4660,02615,2022-05-25 22:16:19,25.5356,-103.436,0,04,1,
4660,02615,2022-05-25 22:16:49,25.53559,-103.43566,23,04,1,
4660,02615,2022-05-25 22:17:19,25.53557,-103.43359,21,04,1,
4660,02615,2022-05-25 22:17:50,25.53559,-103.43082,34,04,1,
4660,02615,2022-05-25 22:18:20,25.53558,-103.42956,0,04,1,
4660,02615,2022-05-25 22:18:46,25.53559,-103.42958,0,04,1,
4660,02615,2022-05-25 22:19:16,25.53558,-103.42776,40,04,1,
4660,02615,2022-05-25 22:19:46,25.53557,-103.42428,35,04,1,
4660,02615,2022-05-25 22:20:17,25.53555,-103.4229,15,04,1,
4660,02615,2022-05-25 22:20:47,25.53555,-103.42277,14,04,1,
4660,02615,2022-05-25 22:21:17,25.53555,-103.4217,25,04,1,
4660,02615,2022-05-25 22:21:48,25.53555,-103.42038,12,04,1,
4660,02615,2022-05-25 22:22:18,25.53552,-103.4189,13,04,1,
4660,02615,2022-05-25 22:22:48,25.53552,-103.41842,23,04,1,
4660,02615,2022-05-25 22:23:19,25.53551,-103.41637,14,04,1,
4660,02615,2022-05-25 22:23:48,25.53551,-103.41573,0,04,1,
4660,02615,2022-05-25 22:24:14,25.53552,-103.41572,0,04,1,
4660,02615,2022-05-25 22:24:45,25.53551,-103.41531,25,04,1,
4660,02615,2022-05-25 22:25:15,25.53549,-103.41179,44,04,1,
4660,02615,2022-05-25 22:25:46,25.53545,-103.4096,41,04,1,
4660,02615,2022-05-25 22:26:16,25.53528,-103.40719,0,04,1,
4660,02615,2022-05-25 22:26:46,25.53532,-103.40697,15,04,1,
4660,02615,2022-05-25 22:27:17,25.5353,-103.40504,39,04,1,
4660,02615,2022-05-25 22:27:47,25.53517,-103.4012,49,04,1,
4660,02615,2022-05-25 22:28:17,25.53513,-103.39711,47,04,1,
4660,02615,2022-05-25 22:29:31,25.53477,-103.39612,0,04,1,
4660,02615,2022-05-25 22:29:31,25.53477,-103.39612,0,05,1,
4660,02615,2022-05-25 22:29:56,25.53478,-103.39612,0,04,1,
4660,02615,2022-05-25 22:30:26,25.53471,-103.39611,0,04,1,
4660,02615,2022-05-25 22:30:57,25.53346,-103.39609,19,04,1,
4660,02615,2022-05-25 22:31:23,25.53094,-103.39609,2,04,1,
4660,02615,2022-05-25 22:31:53,25.52964,-103.39606,25,04,1,
4660,02615,2022-05-25 22:32:24,25.52728,-103.39611,16,04,1,
4660,02615,2022-05-25 22:32:54,25.52533,-103.39612,15,04,1,
4660,02615,2022-05-25 22:33:24,25.5239,-103.39614,21,04,1,
4660,02615,2022-05-25 22:33:55,25.52252,-103.39615,14,04,1,
4660,02615,2022-05-25 22:34:25,25.52214,-103.39614,0,04,1,
4660,02615,2022-05-25 22:34:55,25.52206,-103.39614,14,04,1,
4660,02615,2022-05-25 22:35:21,25.52066,-103.39616,30,04,1,
4660,02615,2022-05-25 22:35:51,25.518,-103.39612,9,04,1,
4660,02615,2022-05-25 22:36:21,25.51786,-103.39613,14,04,1,
4660,02615,2022-05-25 22:36:52,25.51762,-103.39535,24,04,1,
4660,02615,2022-05-25 22:37:22,25.51761,-103.39348,34,04,1,
4660,02615,2022-05-25 22:37:52,25.51757,-103.38994,20,04,1,
4660,02615,2022-05-25 22:38:23,25.5174,-103.38971,16,04,1,
4660,02615,2022-05-25 22:38:53,25.51528,-103.39197,56,04,1,
4660,02615,2022-05-25 22:39:23,25.51302,-103.39446,1,04,1,
4660,02615,2022-05-25 22:39:54,25.51302,-103.39446,6,04,1,
4660,02615,2022-05-25 22:40:19,25.51256,-103.39492,17,04,1,
4660,02615,2022-05-25 22:40:49,25.5116,-103.3959,19,04,1,
4660,02615,2022-05-25 22:41:20,25.50958,-103.39805,44,04,1,
4660,02615,2022-05-25 22:41:50,25.50833,-103.39936,23,04,1,
4660,02615,2022-05-25 22:42:21,25.50799,-103.3997,0,04,1,
4660,02615,2022-05-25 22:42:52,25.50791,-103.39978,16,04,1,
4660,02615,2022-05-25 22:43:22,25.50669,-103.4013,0,04,1,
4660,02615,2022-05-25 22:43:52,25.50581,-103.40234,0,04,1,
4660,02615,2022-05-25 22:44:23,25.5049,-103.40343,32,04,1,
4660,02615,2022-05-25 22:44:48,25.50423,-103.40422,29,04,1,
4660,02615,2022-05-25 22:45:18,25.5029,-103.40546,36,04,1,
4660,02615,2022-05-25 22:45:49,25.50196,-103.40611,36,04,1,
4660,02615,2022-05-25 22:46:19,25.49994,-103.40797,46,04,1,
4660,02615,2022-05-25 22:46:50,25.49718,-103.41023,0,04,1,
4660,02615,2022-05-25 22:47:20,25.4968,-103.41049,14,04,1,
4660,02615,2022-05-25 22:47:51,25.49676,-103.41051,0,04,1,
4660,02615,2022-05-25 22:48:21,25.49599,-103.4101,2,04,1,
4660,02615,2022-05-25 22:48:51,25.49599,-103.4101,0,04,1,
4660,02615,2022-05-25 22:49:17,25.496,-103.4101,0,04,1,
4660,02615,2022-05-25 22:49:47,25.496,-103.4101,0,04,1,
4660,02615,2022-05-25 22:50:17,25.496,-103.41009,0,04,1,
4660,02615,2022-05-25 22:50:48,25.496,-103.41009,0,04,1,
4660,02615,2022-05-25 22:51:18,25.496,-103.41009,0,04,1,
4660,02615,2022-05-25 22:51:49,25.496,-103.41009,0,04,1,
4660,02615,2022-05-25 22:52:19,25.496,-103.41009,0,04,1,
4660,02615,2022-05-25 22:52:49,25.49585,-103.40901,24,04,1,
4660,02615,2022-05-25 22:53:20,25.49694,-103.40801,27,04,1,
4660,02615,2022-05-25 22:53:47,25.49685,-103.40607,25,04,1,
4660,02615,2022-05-25 22:54:16,25.49597,-103.40511,21,04,1,
4660,02615,2022-05-25 22:54:46,25.49492,-103.40389,17,04,1,
4660,02615,2022-05-25 22:55:16,25.49358,-103.40258,1,04,1,
4660,02615,2022-05-25 22:55:47,25.49248,-103.40386,32,04,1,
4660,02615,2022-05-25 22:56:17,25.49154,-103.4043,10,04,1,
4660,02615,2022-05-25 22:56:47,25.49038,-103.40288,39,04,1,
4660,02615,2022-05-25 22:56:58,25.49002,-103.40173,39,00,1,
4660,02615,2022-05-25 22:57:28,25.49093,-103.40006,27,00,1,
4660,02615,2022-05-25 22:57:58,25.49235,-103.39841,15,00,1,
4660,02615,2022-05-25 22:58:29,25.49339,-103.39713,39,00,1,
4660,02615,2022-05-25 22:58:59,25.49432,-103.39343,49,00,1,
4660,02615,2022-05-25 22:59:24,25.49482,-103.39015,47,00,1,
4660,02615,2022-05-25 22:59:55,25.49542,-103.38623,45,00,1,
4660,02615,2022-05-25 23:00:25,25.49596,-103.38257,38,00,1,
4660,02615,2022-05-25 23:00:56,25.49616,-103.38111,21,00,1,
4660,02615,2022-05-25 23:01:26,25.49614,-103.37999,0,00,1,
4660,02615,2022-05-25 23:01:56,25.49615,-103.38,0,00,1,
4660,02615,2022-05-25 23:02:27,25.49616,-103.38,0,00,1,
4660,02615,2022-05-25 23:02:57,25.49616,-103.37999,0,00,1,
4660,02615,2022-05-25 23:03:27,25.49616,-103.37999,0,00,1,
4660,02615,2022-05-25 23:03:53,25.49616,-103.37999,0,00,1,
4660,02615,2022-05-25 23:04:23,25.49615,-103.38,0,00,1,
4660,02615,2022-05-25 23:04:54,25.49614,-103.38001,0,00,1,
4660,02616,2022-05-25 23:49:10,25.49617,-103.38001,0,05,1,
4660,02616,2022-05-25 23:49:15,25.49617,-103.38,0,04,1,
4660,02616,2022-05-25 23:49:45,25.49617,-103.38,0,04,1,
4660,02616,2022-05-25 23:50:15,25.49618,-103.37999,0,04,1,
4660,02616,2022-05-25 23:50:46,25.49618,-103.37999,0,04,1,
4660,02616,2022-05-25 23:51:16,25.49616,-103.37965,9,04,1,
4660,02616,2022-05-25 23:51:42,25.49688,-103.38006,20,04,1,
4660,02616,2022-05-25 23:52:12,25.49794,-103.38194,28,04,1,
4660,02616,2022-05-25 23:52:42,25.49909,-103.38399,29,04,1,
4660,02616,2022-05-25 23:53:12,25.5003,-103.38619,31,04,1,
4660,02616,2022-05-25 23:53:43,25.50153,-103.3884,28,04,1,
4660,02616,2022-05-25 23:54:13,25.50247,-103.39035,23,04,1,
4660,02616,2022-05-25 23:54:43,25.50331,-103.39156,0,04,1,
4660,02616,2022-05-25 23:55:14,25.50404,-103.39095,5,04,1,
4660,02616,2022-05-25 23:55:44,25.50507,-103.39016,19,04,1,
4660,02616,2022-05-25 23:56:15,25.5053,-103.3894,19,04,1,
4660,02616,2022-05-25 23:56:45,25.50468,-103.38844,10,04,1,
4660,02616,2022-05-25 23:57:10,25.50412,-103.38753,15,04,1,
4660,02616,2022-05-25 23:57:40,25.50349,-103.38654,15,04,1,
4660,02616,2022-05-25 23:58:11,25.50301,-103.38575,17,04,1,
4660,02616,2022-05-25 23:58:37,25.5025,-103.38497,16,04,1,
4660,02616,2022-05-25 23:59:08,25.50177,-103.38383,17,04,1,
4660,02616,2022-05-25 23:59:38,25.50104,-103.38269,13,04,1,
4660,02616,2022-05-26 00:00:08,25.50197,-103.38169,24,04,1,
4660,02616,2022-05-26 00:00:39,25.50279,-103.38108,12,04,1,
4660,02616,2022-05-26 00:01:09,25.50383,-103.3805,10,04,1,
4660,02616,2022-05-26 00:01:39,25.50448,-103.38202,0,04,1,
4660,02616,2022-05-26 00:02:09,25.50556,-103.38129,23,04,1,
4660,02616,2022-05-26 00:02:35,25.50687,-103.38028,34,04,1,
4660,02616,2022-05-26 00:03:05,25.50745,-103.38005,11,04,1,
4660,02616,2022-05-26 00:03:36,25.50823,-103.38128,18,04,1,
4660,02616,2022-05-26 00:04:06,25.50887,-103.38229,33,04,1,
4660,02616,2022-05-26 00:04:36,25.50877,-103.38366,37,04,1,
4660,02616,2022-05-26 00:05:07,25.50672,-103.38527,4,04,1,
4660,02616,2022-05-26 00:05:37,25.50758,-103.38692,45,04,1,
4660,02616,2022-05-26 00:06:07,25.50839,-103.38818,4,04,1,
4660,02616,2022-05-26 00:06:38,25.50925,-103.38953,27,04,1,
4660,02616,2022-05-26 00:07:08,25.5102,-103.39101,35,04,1,
4660,02616,2022-05-26 00:07:33,25.51131,-103.39275,40,04,1,
4660,02616,2022-05-26 00:08:04,25.51224,-103.39421,4,04,1,
4660,02616,2022-05-26 00:08:34,25.51268,-103.39455,16,04,1,
4660,02616,2022-05-26 00:09:04,25.5129,-103.3943,24,04,1,
4660,02616,2022-05-26 00:09:35,25.51318,-103.39407,0,04,1,
4660,02616,2022-05-26 00:10:05,25.51384,-103.39406,33,04,1,
4660,02616,2022-05-26 00:10:36,25.51508,-103.39405,22,04,1,
4660,02616,2022-05-26 00:11:06,25.51668,-103.39403,22,04,1,
4660,02616,2022-05-26 00:11:36,25.51785,-103.39402,30,04,1,
4660,02616,2022-05-26 00:12:07,25.51926,-103.394,39,04,1,
4660,02616,2022-05-26 00:12:32,25.52016,-103.39399,17,04,1,
4660,02616,2022-05-26 00:13:02,25.52225,-103.39397,27,04,1,
4660,02616,2022-05-26 00:13:33,25.52322,-103.39397,38,04,1,
4660,02616,2022-05-26 00:14:03,25.52514,-103.39395,45,04,1,
4660,02616,2022-05-26 00:14:33,25.52756,-103.39392,15,04,1,
4660,02616,2022-05-26 00:15:04,25.53077,-103.3939,45,04,1,
4660,02616,2022-05-26 00:15:34,25.53298,-103.39385,43,04,1,
4660,02616,2022-05-26 00:16:04,25.5348,-103.39383,0,04,1,
4660,02616,2022-05-26 00:16:35,25.5348,-103.39383,0,04,1,
4660,02616,2022-05-26 00:17:05,25.53482,-103.39384,10,04,1,
4660,02616,2022-05-26 00:17:32,25.53536,-103.39529,34,04,1,
4660,02616,2022-05-26 00:18:01,25.53536,-103.39656,35,04,1,
4660,02616,2022-05-26 00:18:31,25.53537,-103.40025,46,04,1,
4660,02616,2022-05-26 00:19:02,25.53542,-103.40446,58,04,1,
4660,02616,2022-05-26 00:19:32,25.53558,-103.40726,0,04,1,
4660,02616,2022-05-26 00:20:02,25.53559,-103.40937,36,04,1,
4660,02616,2022-05-26 00:20:33,25.5356,-103.41103,22,04,1,
4660,02616,2022-05-26 00:21:03,25.53559,-103.41363,19,04,1,
4660,02616,2022-05-26 00:21:33,25.53558,-103.41396,0,04,1,
4660,02616,2022-05-26 00:22:04,25.53559,-103.41543,32,04,1,
4660,02616,2022-05-26 00:22:32,25.53561,-103.41797,12,04,1,
4660,02616,2022-05-26 00:22:59,25.53561,-103.41819,16,04,1,
4660,02616,2022-05-26 00:23:30,25.53564,-103.42052,31,04,1,
4660,02616,2022-05-26 00:24:00,25.53567,-103.42252,5,04,1,
4660,02616,2022-05-26 00:24:31,25.53568,-103.42451,3,04,1,
4660,02616,2022-05-26 00:25:01,25.53567,-103.4257,36,04,1,
4660,02616,2022-05-26 00:25:31,25.53569,-103.4281,43,04,1,
4660,02616,2022-05-26 00:26:02,25.5357,-103.42871,0,04,1,
4660,02616,2022-05-26 00:26:32,25.53569,-103.42889,18,04,1,
4660,02616,2022-05-26 00:27:03,25.53573,-103.43236,46,04,1,
4660,02616,2022-05-26 00:27:28,25.53574,-103.43391,0,04,1,
4660,02616,2022-05-26 00:27:58,25.53574,-103.43419,15,04,1,
4660,02616,2022-05-26 00:28:29,25.53575,-103.43646,5,04,1,
4660,02616,2022-05-26 00:28:59,25.53576,-103.43865,40,04,1,
4660,02616,2022-05-26 00:29:29,25.53578,-103.44121,20,04,1,
4660,02616,2022-05-26 00:30:00,25.5358,-103.44169,0,04,1,
4660,02616,2022-05-26 00:30:30,25.53581,-103.44284,28,04,1,
4660,02616,2022-05-26 00:31:00,25.53581,-103.44562,10,04,1,
4660,02616,2022-05-26 00:31:31,25.53579,-103.44612,24,04,1,
4660,02616,2022-05-26 00:32:01,25.53576,-103.44791,0,04,1,
4660,02616,2022-05-26 00:32:26,25.53577,-103.44909,43,04,1,
4660,02616,2022-05-26 00:32:57,25.53581,-103.4532,40,04,1,
4660,02616,2022-05-26 00:33:27,25.53584,-103.45436,35,04,1,
4660,02616,2022-05-26 00:33:58,25.53588,-103.45648,0,04,1,
4660,02616,2022-05-26 00:34:28,25.53589,-103.45774,22,04,1,
4660,02616,2022-05-26 00:34:58,25.53586,-103.45911,26,04,1,
4660,02616,2022-05-26 00:35:29,25.53584,-103.46087,19,04,1,
4660,02616,2022-05-26 00:35:59,25.53542,-103.46261,27,04,1,
4660,02616,2022-05-26 00:36:29,25.53515,-103.46392,16,04,1,
4660,02616,2022-05-26 00:37:00,25.535,-103.46453,0,04,1,
4660,02616,2022-05-26 00:37:25,25.53495,-103.46475,17,04,1,
4660,02616,2022-05-26 00:37:55,25.53528,-103.46514,0,04,1,
4660,02616,2022-05-26 00:38:26,25.53616,-103.46535,22,04,1,
4660,02616,2022-05-26 00:38:56,25.53746,-103.4657,17,04,1,
4660,02616,2022-05-26 00:39:26,25.53895,-103.46613,8,04,1,
4660,02616,2022-05-26 00:39:57,25.53911,-103.46618,0,04,1,
4660,02616,2022-05-26 00:40:27,25.53911,-103.46618,0,04,1,
4660,02616,2022-05-26 00:40:57,25.53982,-103.46639,33,04,1,
4660,02616,2022-05-26 00:41:28,25.54093,-103.46673,0,04,1,
4660,02616,2022-05-26 00:41:58,25.54157,-103.46746,0,04,1,
4660,02616,2022-05-26 00:42:28,25.54154,-103.46769,0,04,1,
4660,02616,2022-05-26 00:42:54,25.54154,-103.46768,0,04,1,
4660,02616,2022-05-26 00:43:24,25.54142,-103.46787,16,04,1,
4660,02616,2022-05-26 00:43:54,25.54024,-103.46761,0,04,1,
4660,02616,2022-05-26 00:44:25,25.54024,-103.46761,4,04,1,
4660,02616,2022-05-26 00:44:55,25.53868,-103.46716,23,04,1,
4660,02616,2022-05-26 00:45:25,25.53723,-103.46677,0,04,1,
4660,02616,2022-05-26 00:45:56,25.53723,-103.46676,0,04,1,
4660,02616,2022-05-26 00:46:26,25.53724,-103.46678,0,04,1,
4660,02616,2022-05-26 00:46:56,25.53696,-103.4667,19,04,1,
4660,02616,2022-05-26 00:47:27,25.53646,-103.46658,0,04,1,
4660,02616,2022-05-26 00:47:57,25.53642,-103.46657,2,04,1,
4660,02616,2022-05-26 00:48:22,25.53638,-103.46656,0,04,1,
4660,02616,2022-05-26 00:48:53,25.53635,-103.46658,7,04,1,
4660,02616,2022-05-26 00:49:23,25.53582,-103.46638,23,04,1,
4660,02616,2022-05-26 00:49:53,25.53484,-103.46573,5,04,1,
4660,02616,2022-05-26 00:50:24,25.53497,-103.46425,45,04,1,
4660,02616,2022-05-26 00:50:54,25.53561,-103.46124,20,04,1,
4660,02616,2022-05-26 00:51:24,25.53576,-103.46057,31,04,1,
4660,02616,2022-05-26 00:51:55,25.53578,-103.45933,15,04,1,
4660,02616,2022-05-26 00:52:25,25.53577,-103.45677,39,04,1,
4660,02616,2022-05-26 00:52:56,25.53575,-103.45373,28,04,1,
4660,02616,2022-05-26 00:53:21,25.53575,-103.45183,37,04,1,
4660,02616,2022-05-26 00:53:51,25.5357,-103.44918,13,04,1,
4660,02616,2022-05-26 00:54:21,25.53569,-103.44853,28,04,1,
4660,02616,2022-05-26 00:54:52,25.53569,-103.44577,23,04,1,
4660,02616,2022-05-26 00:55:22,25.53566,-103.44331,32,04,1,
4660,02616,2022-05-26 00:55:52,25.53565,-103.44253,0,04,1,
4660,02616,2022-05-26 00:56:23,25.53565,-103.44254,0,04,1,
4660,02616,2022-05-26 00:56:53,25.53566,-103.44112,38,04,1,
4660,02616,2022-05-26 00:57:24,25.53562,-103.43736,35,04,1,
4660,02616,2022-05-26 00:57:54,25.53561,-103.43664,1,04,1,
4660,02616,2022-05-26 00:58:19,25.5356,-103.43545,23,04,1,
4660,02616,2022-05-26 00:58:50,25.53559,-103.43383,0,04,1,
4660,02616,2022-05-26 00:59:20,25.53559,-103.43269,28,04,1,
4660,02616,2022-05-26 00:59:51,25.53558,-103.43087,17,04,1,
4660,02616,2022-05-26 01:00:21,25.53558,-103.42905,26,04,1,
4660,02616,2022-05-26 01:00:51,25.53556,-103.42599,7,04,1,
4660,02616,2022-05-26 01:01:22,25.53554,-103.42487,0,04,1,
4660,02616,2022-05-26 01:01:52,25.53555,-103.42465,0,04,1,
4660,02616,2022-05-26 01:02:22,25.53555,-103.42368,24,04,1,
4660,02616,2022-05-26 01:02:53,25.53554,-103.42197,14,04,1,
4660,02616,2022-05-26 01:03:18,25.53553,-103.42017,19,04,1,
4660,02616,2022-05-26 01:03:48,25.53552,-103.41914,11,04,1,
4660,02616,2022-05-26 01:04:19,25.53551,-103.41808,35,04,1,
4660,02616,2022-05-26 01:04:49,25.5355,-103.41591,0,04,1,
4660,02616,2022-05-26 01:05:19,25.53549,-103.41594,0,04,1,
4660,02616,2022-05-26 01:05:50,25.53548,-103.41542,22,04,1,
4660,02616,2022-05-26 01:06:20,25.53547,-103.41255,36,04,1,
4660,02616,2022-05-26 01:06:50,25.53546,-103.41007,44,04,1,
4660,02616,2022-05-26 01:07:21,25.53529,-103.40707,2,04,1,
4660,02616,2022-05-26 01:07:51,25.53533,-103.40636,0,04,1,
4660,02616,2022-05-26 01:08:21,25.53533,-103.40637,0,04,1,
4660,02616,2022-05-26 01:08:47,25.53528,-103.40476,46,04,1,
4660,02616,2022-05-26 01:09:17,25.53514,-103.40031,55,04,1,
4660,02616,2022-05-26 01:09:47,25.5351,-103.39649,37,04,1,
4660,02616,2022-05-26 01:10:18,25.53476,-103.39609,0,04,1,
4660,02616,2022-05-26 01:10:48,25.53477,-103.39608,0,04,1,
4660,02616,2022-05-26 01:11:18,25.53476,-103.39608,0,04,1,
4660,02616,2022-05-26 01:11:49,25.53476,-103.39608,0,04,1,
4660,02616,2022-05-26 01:12:19,25.53354,-103.39608,20,04,1,
4660,02616,2022-05-26 01:12:50,25.53071,-103.39609,47,04,1,
4660,02616,2022-05-26 01:13:20,25.52841,-103.39611,37,04,1,
4660,02616,2022-05-26 01:13:45,25.52748,-103.39615,24,04,1,
4660,02616,2022-05-26 01:14:16,25.52652,-103.39613,34,04,1,
4660,02616,2022-05-26 01:14:46,25.52462,-103.39613,27,04,1,
4660,02616,2022-05-26 01:15:16,25.52278,-103.39615,0,04,1,
4660,02616,2022-05-26 01:15:46,25.52259,-103.39615,15,04,1,
4660,02616,2022-05-26 01:16:17,25.52215,-103.39615,0,04,1,
4660,02616,2022-05-26 01:16:47,25.52139,-103.39616,29,04,1,
4660,02616,2022-05-26 01:17:18,25.51902,-103.39614,45,04,1,
4660,02616,2022-05-26 01:17:48,25.51765,-103.3961,20,04,1,
4660,02616,2022-05-26 01:18:18,25.51758,-103.39449,17,04,1,
4660,02616,2022-05-26 01:18:44,25.51758,-103.39401,24,04,1,
4660,02616,2022-05-26 01:19:14,25.51755,-103.39041,42,04,1,
4660,02616,2022-05-26 01:19:44,25.51752,-103.38973,2,04,1,
4660,02616,2022-05-26 01:20:15,25.5175,-103.3897,0,04,1,
4660,02616,2022-05-26 01:20:45,25.51603,-103.39119,50,04,1,
4660,02616,2022-05-26 01:21:15,25.51489,-103.39241,0,04,1,
4660,02616,2022-05-26 01:21:46,25.51413,-103.39321,38,04,1,
4660,02616,2022-05-26 01:22:16,25.51299,-103.39446,0,04,1,
4660,02616,2022-05-26 01:22:46,25.51144,-103.39605,45,04,1,
4660,02616,2022-05-26 01:23:17,25.50915,-103.39847,42,04,1,
4660,02616,2022-05-26 01:23:43,25.50802,-103.39969,0,04,1,
4660,02616,2022-05-26 01:24:13,25.50779,-103.39994,25,04,1,
4660,02616,2022-05-26 01:24:43,25.50659,-103.40137,24,04,1,
4660,02616,2022-05-26 01:25:13,25.50476,-103.40355,19,04,1,
4660,02616,2022-05-26 01:25:44,25.50407,-103.40438,33,04,1,
4660,02616,2022-05-26 01:26:14,25.50285,-103.40549,0,04,1,
4660,02616,2022-05-26 01:26:44,25.50185,-103.40617,33,04,1,
4660,02616,2022-05-26 01:27:15,25.49932,-103.40844,57,04,1,
4660,02616,2022-05-26 01:27:45,25.49718,-103.41021,0,04,1,
4660,02616,2022-05-26 01:28:15,25.49652,-103.41066,21,04,1,
4660,02616,2022-05-26 01:28:46,25.49568,-103.40965,27,04,1,
4660,02616,2022-05-26 01:29:11,25.49585,-103.409,16,04,1,
4660,02616,2022-05-26 01:29:41,25.49648,-103.40842,15,04,1,
4660,02616,2022-05-26 01:30:11,25.49701,-103.40749,15,04,1,
4660,02616,2022-05-26 01:30:42,25.49647,-103.40565,36,04,1,
4660,02616,2022-05-26 01:31:12,25.49495,-103.40398,0,04,1,
4660,02616,2022-05-26 01:31:42,25.49372,-103.40263,18,04,1,
4660,02616,2022-05-26 01:32:13,25.49287,-103.40343,18,04,1,
4660,02616,2022-05-26 01:32:43,25.49195,-103.40441,0,04,1,
4660,02616,2022-05-26 01:33:14,25.49254,-103.40542,34,00,1,
4660,02616,2022-05-26 01:33:19,25.49286,-103.40582,40,00,1,
4660,02616,2022-05-26 01:33:49,25.49526,-103.40887,49,00,1,
4660,02616,2022-05-26 01:34:20,25.49715,-103.41006,38,00,1,
4660,02616,2022-05-26 01:34:50,25.5,-103.40787,47,00,1,
4660,02616,2022-05-26 01:35:20,25.50271,-103.40545,41,00,1,
4660,02616,2022-05-26 01:35:46,25.50484,-103.40328,46,00,1,
4660,02616,2022-05-26 01:36:16,25.50729,-103.40034,29,00,1,
4660,02616,2022-05-26 01:36:46,25.50798,-103.39955,37,00,1,
4660,02616,2022-05-26 01:37:17,25.51061,-103.39679,40,00,1,
4660,02616,2022-05-26 01:37:47,25.51107,-103.3963,1,00,1,
4660,02616,2022-05-26 01:38:17,25.5126,-103.39468,35,00,1,
4660,02616,2022-05-26 01:38:48,25.51362,-103.39405,20,00,1,
4660,02616,2022-05-26 01:39:18,25.51409,-103.39357,0,00,1,
4660,02616,2022-05-26 01:39:48,25.5141,-103.39356,0,00,1,
4660,02616,2022-05-26 01:40:19,25.51409,-103.39356,0,00,1,
4660,02616,2022-05-26 01:40:49,25.51409,-103.39356,0,00,1,
4660,02616,2022-05-26 01:41:14,25.51409,-103.39356,0,00,1,
4660,02616,2022-05-26 01:41:45,25.51408,-103.39356,0,00,1,
4660,02616,2022-05-26 01:42:15,25.51408,-103.39356,0,00,1,
4660,02616,2022-05-26 01:42:45,25.51407,-103.39356,0,00,1,
4660,02616,2022-05-26 01:43:16,25.51407,-103.39355,0,00,1,
4660,02616,2022-05-26 01:43:46,25.51407,-103.39356,0,00,1,
4660,02616,2022-05-26 01:44:17,25.51406,-103.39353,0,00,1,
4660,02616,2022-05-26 01:44:47,25.51407,-103.39353,0,00,1,
4660,02616,2022-05-26 01:45:17,25.51409,-103.39356,0,00,1,
4660,02616,2022-05-26 01:45:43,25.5141,-103.39357,0,00,1,
4660,02616,2022-05-26 01:46:13,25.5141,-103.39357,0,00,1,
4660,02616,2022-05-26 01:46:43,25.5141,-103.39358,0,00,1,
4660,02616,2022-05-26 01:47:14,25.51409,-103.39356,0,00,1,
4660,02616,2022-05-26 01:47:44,25.51409,-103.39357,0,00,1,
4660,02616,2022-05-26 01:48:15,25.51412,-103.39357,0,00,1,
4660,02616,2022-05-26 01:48:45,25.51415,-103.39355,0,00,1,
4660,02616,2022-05-26 01:49:15,25.51419,-103.39351,4,00,1,
4660,02616,2022-05-26 01:49:46,25.51413,-103.39401,13,00,1,
4660,02616,2022-05-26 01:50:16,25.51662,-103.39402,24,00,1,
4660,02616,2022-05-26 01:50:41,25.51767,-103.39341,37,00,1,
4660,02616,2022-05-26 01:51:12,25.51774,-103.38918,33,00,1,
4660,02616,2022-05-26 01:51:42,25.51961,-103.38717,10,00,1,
4660,02616,2022-05-26 01:52:13,25.52129,-103.38542,44,00,1,
4660,02616,2022-05-26 01:52:43,25.52195,-103.38315,33,00,1,
4660,02616,2022-05-26 01:53:14,25.5219,-103.38011,33,00,1,
4660,02616,2022-05-26 01:53:44,25.52162,-103.37683,50,00,1,
4660,02616,2022-05-26 01:54:14,25.52159,-103.37256,50,00,1,
4660,02616,2022-05-26 01:54:45,25.52156,-103.36831,37,00,1,
4660,02616,2022-05-26 01:55:15,25.52155,-103.36622,5,00,1,
4660,02616,2022-05-26 01:55:41,25.52155,-103.36618,0,00,1,
4660,02616,2022-05-26 01:56:11,25.52155,-103.3662,0,00,1,
4660,02616,2022-05-26 01:56:41,25.52196,-103.36586,31,00,1,
4660,02616,2022-05-26 01:57:12,25.52319,-103.36524,23,00,1,
4660,02616,2022-05-26 01:57:42,25.52323,-103.36215,29,00,1,
4660,02616,2022-05-26 01:58:12,25.52347,-103.36113,11,00,1,
4660,02616,2022-05-26 01:58:43,25.52236,-103.36026,30,00,1,
4660,02616,2022-05-26 01:59:13,25.52042,-103.35998,16,00,1,
4660,02616,2022-05-26 01:59:44,25.51976,-103.35969,8,00,1,
4660,02616,2022-05-26 02:00:14,25.51935,-103.35949,0,00,1,
4660,02616,2022-05-26 02:00:39,25.51947,-103.3596,1,00,1,
4660,02616,2022-05-26 02:01:10,25.51946,-103.3596,0,00,1,
4660,02616,2022-05-26 02:01:40,25.51937,-103.35978,10,00,1,
4660,02616,2022-05-26 02:02:10,25.51933,-103.35985,0,00,1,
4660,02616,2022-05-26 02:02:41,25.51934,-103.35985,0,00,1,
4660,02616,2022-05-26 02:03:11,25.51934,-103.35986,0,00,1,
4660,02616,2022-05-26 02:03:41,25.51935,-103.35986,0,00,1,
4660,02616,2022-05-26 02:04:12,25.51935,-103.35986,0,00,1,
4660,02616,2022-05-26 02:04:42,25.51935,-103.35985,0,00,1,
4660,02616,2022-05-26 02:05:13,25.51935,-103.35985,0,00,1,
4660,02616,2022-05-26 02:05:38,25.51935,-103.35985,0,00,1,
4660,02616,2022-05-26 02:06:08,25.51935,-103.35985,0,00,1,
4660,02616,2022-05-26 02:06:38,25.51935,-103.35985,0,00,1,
4660,02616,2022-05-26 02:07:09,25.51935,-103.35985,0,00,1,
4660,02616,2022-05-26 02:07:39,25.51934,-103.35986,0,00,1,
4660,02616,2022-05-26 02:08:10,25.51934,-103.35986,0,00,1,
