Code vehicule,Code chauffeur,Date (GMT),Latitude,Longitude,Vitesse,I/O,Valide
4680,02475,2022-05-25 10:45:45,0,0,0,04,0,
4680,02475,2022-05-25 10:46:15,0,0,0,04,0,
4680,02475,2022-05-25 10:46:45,0,0,0,04,0,
4680,02475,2022-05-25 10:47:15,0,0,0,04,0,
4680,02475,2022-05-25 10:47:45,0,0,0,04,0,
4680,02475,2022-05-25 10:48:16,0,0,0,04,0,
4680,02475,2022-05-25 10:48:46,0,0,0,04,0,
4680,02475,2022-05-25 10:49:16,0,0,0,04,0,
4680,02475,2022-05-25 10:49:31,25.49339,-103.39734,49,04,1,
4680,02475,2022-05-25 10:49:57,25.49238,-103.39857,9,04,1,
4680,02475,2022-05-25 10:50:27,25.4911,-103.40004,20,04,1,
4680,02475,2022-05-25 10:50:37,25.49088,-103.40031,20,00,1,
4680,02475,2022-05-25 10:51:08,25.49027,-103.40247,28,00,1,
4680,02475,2022-05-25 10:51:34,25.49142,-103.40403,22,00,1,
4680,02475,2022-05-25 10:52:04,25.49169,-103.40434,0,00,1,
4680,02475,2022-05-25 10:52:35,25.49169,-103.40433,0,00,1,
4680,02475,2022-05-25 10:53:00,25.49169,-103.40434,0,00,1,
4680,02475,2022-05-25 10:53:30,25.49169,-103.40433,0,00,1,
4680,02475,2022-05-25 10:54:01,25.4917,-103.40434,0,00,1,
4680,02475,2022-05-25 10:54:31,25.4917,-103.40434,0,00,1,
4680,02475,2022-05-25 10:55:01,25.49197,-103.40431,0,00,1,
4680,02475,2022-05-25 10:55:32,25.49256,-103.40372,20,00,1,
4680,02475,2022-05-25 10:56:02,25.49354,-103.40257,0,00,1,
4680,02475,2022-05-25 10:56:32,25.4946,-103.40354,31,00,1,
4680,02475,2022-05-25 10:57:03,25.49593,-103.40509,20,00,1,
4680,02476,2022-05-25 10:57:28,25.49668,-103.40588,19,04,1,
4680,02476,2022-05-25 10:57:59,25.49706,-103.40726,40,04,1,
4680,02476,2022-05-25 10:58:29,25.49566,-103.40931,8,04,1,
4680,02476,2022-05-25 10:58:59,25.49662,-103.41035,0,04,1,
4680,02476,2022-05-25 10:59:29,25.49732,-103.4099,25,04,1,
4680,02476,2022-05-25 11:00:00,25.49914,-103.40855,55,04,1,
4680,02476,2022-05-25 11:00:30,25.50236,-103.40571,45,04,1,
4680,02476,2022-05-25 11:01:00,25.50494,-103.40313,45,04,1,
4680,02476,2022-05-25 11:01:26,25.50595,-103.40187,22,04,1,
4680,02476,2022-05-25 11:01:56,25.50753,-103.39994,6,04,1,
4680,02476,2022-05-25 11:02:26,25.50758,-103.39989,14,04,1,
4680,02476,2022-05-25 11:02:31,25.50777,-103.3997,26,04,1,
4680,02476,2022-05-25 11:02:56,25.50973,-103.39761,46,04,1,
4680,02476,2022-05-25 11:03:27,25.51105,-103.39621,42,04,1,
4680,02476,2022-05-25 11:03:57,25.5124,-103.39483,0,04,1,
4680,02476,2022-05-25 11:04:27,25.5124,-103.39483,0,04,1,
4680,02476,2022-05-25 11:04:58,25.51274,-103.39445,0,04,1,
4680,02476,2022-05-25 11:05:28,25.51345,-103.39405,29,04,1,
4680,02476,2022-05-25 11:05:58,25.51449,-103.39407,0,04,1,
4680,02476,2022-05-25 11:06:29,25.51572,-103.39404,37,04,1,
4680,02476,2022-05-25 11:06:59,25.51786,-103.39402,31,04,1,
4680,02476,2022-05-25 11:07:29,25.52041,-103.39398,23,04,1,
4680,02476,2022-05-25 11:08:00,25.52254,-103.39396,17,04,1,
4680,02476,2022-05-25 11:08:25,25.52397,-103.39396,35,04,1,
4680,02476,2022-05-25 11:08:55,25.52681,-103.39395,39,04,1,
4680,02476,2022-05-25 11:09:25,25.52984,-103.39393,42,04,1,
4680,02476,2022-05-25 11:09:56,25.5323,-103.3939,33,04,1,
4680,02476,2022-05-25 11:10:26,25.5345,-103.39383,0,04,1,
4680,02476,2022-05-25 11:10:57,25.53497,-103.39386,0,04,1,
4680,02476,2022-05-25 11:11:27,25.535,-103.39386,0,04,1,
4680,02476,2022-05-25 11:11:57,25.53498,-103.39389,0,04,1,
4680,02476,2022-05-25 11:12:28,25.53539,-103.39545,21,04,1,
4680,02476,2022-05-25 11:12:58,25.5354,-103.39579,8,04,1,
4680,02476,2022-05-25 11:13:23,25.53539,-103.39753,40,04,1,
4680,02476,2022-05-25 11:13:54,25.5354,-103.39983,30,04,1,
4680,02476,2022-05-25 11:14:24,25.53541,-103.40337,45,04,1,
4680,02476,2022-05-25 11:14:54,25.53547,-103.405,0,04,1,
4680,02476,2022-05-25 11:15:30,25.53558,-103.40693,36,04,1,
4680,02476,2022-05-25 11:15:55,25.53562,-103.40984,40,04,1,
4680,02476,2022-05-25 11:16:25,25.53565,-103.41321,33,04,1,
4680,02476,2022-05-25 11:16:55,25.53566,-103.41385,0,04,1,
4680,02476,2022-05-25 11:17:26,25.53564,-103.41474,23,04,1,
4680,02476,2022-05-25 11:17:56,25.53566,-103.41638,36,04,1,
4680,02476,2022-05-25 11:18:26,25.53565,-103.41809,0,04,1,
4680,02476,2022-05-25 11:18:57,25.53569,-103.41964,19,04,1,
4680,02476,2022-05-25 11:19:27,25.53573,-103.42237,28,04,1,
4680,02476,2022-05-25 11:19:43,25.53573,-103.42407,38,04,1,
4680,02476,2022-05-25 11:20:08,25.53573,-103.42466,0,04,1,
4680,02476,2022-05-25 11:20:38,25.53573,-103.42697,46,04,1,
4680,02476,2022-05-25 11:21:08,25.53575,-103.43086,32,04,1,
4680,02476,2022-05-25 11:21:39,25.53578,-103.43206,35,04,1,
4680,02476,2022-05-25 11:22:09,25.53576,-103.43421,0,04,1,
4680,02476,2022-05-25 11:22:40,25.53576,-103.43418,0,04,1,
4680,02476,2022-05-25 11:23:10,25.53577,-103.43419,0,04,1,
4680,02476,2022-05-25 11:23:40,25.53579,-103.43561,34,04,1,
4680,02476,2022-05-25 11:24:11,25.53577,-103.43945,48,04,1,
4680,02476,2022-05-25 11:24:41,25.5358,-103.44212,4,04,1,
4680,02476,2022-05-25 11:25:06,25.53583,-103.44424,39,04,1,
4680,02476,2022-05-25 11:25:37,25.53589,-103.44518,1,04,1,
4680,02476,2022-05-25 11:26:07,25.53587,-103.44533,17,04,1,
4680,02476,2022-05-25 11:26:37,25.53588,-103.44792,39,04,1,
4680,02476,2022-05-25 11:27:08,25.53586,-103.44833,0,04,1,
4680,02476,2022-05-25 11:27:38,25.53584,-103.44835,0,04,1,
4680,02476,2022-05-25 11:28:09,25.53584,-103.4488,23,04,1,
4680,02476,2022-05-25 11:28:29,25.5359,-103.45083,43,04,1,
4680,02476,2022-05-25 11:28:54,25.53588,-103.45373,42,04,1,
4680,02476,2022-05-25 11:29:25,25.53593,-103.45681,3,04,1,
4680,02476,2022-05-25 11:29:55,25.53593,-103.45681,0,04,1,
4680,02476,2022-05-25 11:30:25,25.53592,-103.45789,0,04,1,
4680,02476,2022-05-25 11:30:56,25.53594,-103.45957,10,04,1,
4680,02476,2022-05-25 11:31:26,25.53559,-103.46203,38,04,1,
4680,02476,2022-05-25 11:31:56,25.53513,-103.4641,19,04,1,
4680,02476,2022-05-25 11:32:27,25.53641,-103.46545,40,04,1,
4680,02476,2022-05-25 11:32:57,25.53945,-103.4663,41,04,1,
4680,02476,2022-05-25 11:33:27,25.54136,-103.46687,15,04,1,
4680,02476,2022-05-25 11:33:53,25.54164,-103.4672,0,04,1,
4680,02476,2022-05-25 11:34:23,25.5416,-103.46734,0,04,1,
4680,02476,2022-05-25 11:34:53,25.54151,-103.46773,4,04,1,
4680,02476,2022-05-25 11:35:24,25.54112,-103.46783,22,04,1,
4680,02476,2022-05-25 11:35:54,25.54028,-103.46757,1,04,1,
4680,02476,2022-05-25 11:36:24,25.54029,-103.46758,0,04,1,
4680,02476,2022-05-25 11:36:55,25.54029,-103.46759,0,04,1,
4680,02476,2022-05-25 11:37:25,25.5403,-103.46759,0,04,1,
4680,02476,2022-05-25 11:37:55,25.54029,-103.46759,0,04,1,
4680,02476,2022-05-25 11:38:26,25.54028,-103.46761,0,04,1,
4680,02476,2022-05-25 11:38:56,25.54028,-103.46762,0,04,1,
4680,02476,2022-05-25 11:39:21,25.54028,-103.46762,0,04,1,
4680,02476,2022-05-25 11:39:52,25.54026,-103.46765,0,04,1,
4680,02476,2022-05-25 11:40:22,25.54019,-103.46765,9,04,1,
4680,02476,2022-05-25 11:40:53,25.54004,-103.46746,0,04,1,
4680,02476,2022-05-25 11:41:23,25.53912,-103.46726,6,04,1,
4680,02476,2022-05-25 11:41:53,25.53907,-103.46727,0,04,1,
4680,02476,2022-05-25 11:42:24,25.539,-103.46723,0,04,1,
4680,02476,2022-05-25 11:42:54,25.5373,-103.46674,3,04,1,
4680,02476,2022-05-25 11:43:24,25.53579,-103.46635,31,04,1,
4680,02476,2022-05-25 11:43:55,25.53496,-103.46585,0,04,1,
4680,02476,2022-05-25 11:44:20,25.53477,-103.46515,32,04,1,
4680,02476,2022-05-25 11:44:50,25.53558,-103.46139,45,04,1,
4680,02476,2022-05-25 11:45:21,25.53575,-103.45924,12,04,1,
4680,02476,2022-05-25 11:45:56,25.5358,-103.45748,3,04,1,
4680,02476,2022-05-25 11:46:21,25.53575,-103.45668,27,04,1,
4680,02476,2022-05-25 11:46:52,25.53574,-103.45341,44,04,1,
4680,02476,2022-05-25 11:47:22,25.53568,-103.44975,35,04,1,
4680,02476,2022-05-25 11:47:53,25.53566,-103.4492,0,04,1,
4680,02476,2022-05-25 11:48:23,25.53569,-103.44783,24,04,1,
4680,02476,2022-05-25 11:48:58,25.53566,-103.44564,5,04,1,
4680,02476,2022-05-25 11:49:23,25.53564,-103.44511,23,04,1,
4680,02476,2022-05-25 11:49:54,25.53567,-103.44301,22,04,1,
4680,02476,2022-05-25 11:50:19,25.53566,-103.44264,0,04,1,
4680,02476,2022-05-25 11:50:45,25.53567,-103.44208,8,04,1,
4680,02476,2022-05-25 11:51:15,25.53565,-103.43987,30,04,1,
4680,02476,2022-05-25 11:51:40,25.5356,-103.43905,27,04,1,
4680,02476,2022-05-25 11:52:05,25.53558,-103.43668,17,04,1,
4680,02476,2022-05-25 11:52:36,25.5356,-103.43637,4,04,1,
4680,02476,2022-05-25 11:53:06,25.53557,-103.43594,0,04,1,
4680,02476,2022-05-25 11:53:31,25.53549,-103.4359,2,04,0,
4680,02476,2022-05-25 11:53:37,25.53554,-103.43566,17,04,1,
4680,02476,2022-05-25 11:54:02,25.53559,-103.43411,0,04,1,
4680,02476,2022-05-25 11:54:32,25.53556,-103.43215,41,04,1,
4680,02476,2022-05-25 11:55:03,25.53557,-103.42928,0,04,1,
4680,02476,2022-05-25 11:55:33,25.53557,-103.4285,32,04,1,
4680,02476,2022-05-25 11:56:03,25.5355,-103.42592,0,04,1,
4680,02476,2022-05-25 11:56:13,25.53555,-103.42555,25,04,1,
4680,02476,2022-05-25 11:56:39,25.5355,-103.42393,4,04,1,
4680,02476,2022-05-25 11:57:09,25.5355,-103.42291,0,04,1,
4680,02476,2022-05-25 11:57:29,25.53549,-103.42241,19,04,1,
4680,02476,2022-05-25 11:57:54,25.53556,-103.4217,12,04,1,
4680,02476,2022-05-25 11:58:05,25.53551,-103.42096,23,04,1,
4680,02476,2022-05-25 11:58:30,25.53554,-103.41945,18,04,1,
4680,02476,2022-05-25 11:58:35,25.53552,-103.41915,19,04,1,
4680,02476,2022-05-25 11:59:00,25.53548,-103.41884,0,04,1,
4680,02476,2022-05-25 11:59:31,25.53549,-103.41767,34,04,1,
4680,02476,2022-05-25 12:00:01,25.53548,-103.41549,1,04,1,
4680,02476,2022-05-25 12:00:31,25.53545,-103.41548,0,04,1,
4680,02476,2022-05-25 12:01:02,25.53547,-103.4155,0,04,1,
4680,02476,2022-05-25 12:01:32,25.53545,-103.41288,47,04,1,
4680,02476,2022-05-25 12:02:02,25.53531,-103.40883,52,04,1,
4680,02476,2022-05-25 12:02:33,25.5353,-103.40646,15,04,1,
4680,02476,2022-05-25 12:03:03,25.53532,-103.40633,0,04,1,
4680,02476,2022-05-25 12:03:33,25.53531,-103.4062,21,04,1,
4680,02476,2022-05-25 12:03:59,25.53514,-103.40315,51,04,1,
4680,02476,2022-05-25 12:04:19,25.53511,-103.40033,55,04,1,
4680,02476,2022-05-25 12:04:44,25.53508,-103.39669,44,04,1,
4680,02476,2022-05-25 12:05:15,25.53474,-103.39615,0,04,1,
4680,02476,2022-05-25 12:05:45,25.53474,-103.39613,0,04,1,
4680,02476,2022-05-25 12:06:16,25.53474,-103.39613,0,04,1,
4680,02476,2022-05-25 12:06:46,25.53475,-103.39613,0,04,1,
4680,02476,2022-05-25 12:07:16,25.53477,-103.39614,0,04,1,
4680,02476,2022-05-25 12:07:46,25.53476,-103.39614,0,04,1,
4680,02476,2022-05-25 12:08:17,25.53473,-103.39613,0,04,1,
4680,02476,2022-05-25 12:08:47,25.53472,-103.39614,0,04,1,
4680,02476,2022-05-25 12:09:17,25.53473,-103.39614,0,04,1,
4680,02476,2022-05-25 12:09:48,25.5347,-103.39613,4,04,1,
4680,02476,2022-05-25 12:10:13,25.53298,-103.39615,34,04,1,
4680,02476,2022-05-25 12:10:43,25.52982,-103.39615,19,04,1,
4680,02476,2022-05-25 12:11:14,25.52628,-103.39619,55,04,1,
4680,02476,2022-05-25 12:11:44,25.52433,-103.39619,40,04,1,
4680,02476,2022-05-25 12:12:14,25.52253,-103.39622,0,04,1,
4680,02476,2022-05-25 12:12:45,25.52216,-103.39619,0,04,1,
4680,02476,2022-05-25 12:13:15,25.52199,-103.3962,16,04,1,
4680,02476,2022-05-25 12:13:45,25.51982,-103.39619,43,04,1,
4680,02476,2022-05-25 12:14:16,25.51783,-103.39616,0,04,1,
4680,02476,2022-05-25 12:14:46,25.51781,-103.39616,0,04,1,
4680,02476,2022-05-25 12:15:15,25.51756,-103.396,17,04,1,
4680,02476,2022-05-25 12:15:42,25.51758,-103.39469,38,04,1,
4680,02476,2022-05-25 12:16:12,25.51758,-103.39321,41,04,1,
4680,02476,2022-05-25 12:16:32,25.51756,-103.39053,47,00,1,
4680,02476,2022-05-25 12:17:03,25.51708,-103.39009,32,00,1,
4680,02476,2022-05-25 12:17:33,25.51437,-103.39295,55,00,1,
4680,02476,2022-05-25 12:18:04,25.51284,-103.39452,12,00,1,
4680,02476,2022-05-25 12:18:34,25.51274,-103.3946,0,00,1,
4680,02476,2022-05-25 12:19:04,25.51273,-103.39459,0,00,1,
4680,02476,2022-05-25 12:19:35,25.51134,-103.39309,44,00,1,
4680,02476,2022-05-25 12:20:03,25.5101,-103.39113,31,00,1,
4680,02476,2022-05-25 12:20:30,25.51,-103.39101,0,00,1,
4680,02476,2022-05-25 12:21:01,25.50974,-103.39058,18,00,1,
4680,02476,2022-05-25 12:21:31,25.5084,-103.38847,26,00,1,
4680,02476,2022-05-25 12:22:01,25.50704,-103.38634,34,00,1,
4680,02476,2022-05-25 12:22:32,25.50665,-103.38562,0,00,1,
4680,02476,2022-05-25 12:23:02,25.50674,-103.38491,0,00,1,
4680,02476,2022-05-25 12:23:33,25.50846,-103.38363,39,00,1,
4680,02476,2022-05-25 12:24:03,25.50866,-103.38198,29,00,1,
4680,02476,2022-05-25 12:24:33,25.50777,-103.38066,27,00,1,
4680,02476,2022-05-25 12:25:01,25.50654,-103.38048,35,00,1,
4680,02476,2022-05-25 12:25:29,25.50508,-103.38163,36,00,1,
4680,02476,2022-05-25 12:25:59,25.50446,-103.38212,9,00,1,
4680,02476,2022-05-25 12:26:30,25.50341,-103.38061,26,00,1,
4680,02476,2022-05-25 12:27:00,25.50217,-103.38159,19,00,1,
4680,02476,2022-05-25 12:27:30,25.50043,-103.38297,32,00,1,
4680,02476,2022-05-25 12:28:01,25.49906,-103.384,0,00,1,
4680,02476,2022-05-25 12:28:31,25.49812,-103.3826,44,00,1,
4680,02476,2022-05-25 12:29:02,25.49649,-103.37993,9,00,1,
4680,02476,2022-05-25 12:29:27,25.49612,-103.38007,8,00,1,
4680,02476,2022-05-25 12:29:52,25.49613,-103.37997,0,00,1,
4680,02476,2022-05-25 12:30:23,25.49614,-103.37997,0,00,1,
4680,02476,2022-05-25 12:30:53,25.49615,-103.37996,0,00,1,
4680,02476,2022-05-25 12:31:23,25.49615,-103.37996,0,00,1,
4680,02476,2022-05-25 12:31:54,25.49615,-103.37996,0,00,1,
4680,02476,2022-05-25 12:32:24,25.49614,-103.37996,0,00,1,
4680,02477,2022-05-25 13:00:28,0,0,0,04,0,
4680,02477,2022-05-25 13:00:43,0,0,0,00,0,
4680,02477,2022-05-25 13:01:08,25.50108,-103.38137,0,00,1,
4680,02478,2022-05-25 13:01:18,25.50121,-103.38152,0,04,1,
4680,02478,2022-05-25 13:01:49,25.49669,-103.37988,1,04,1,
4680,02478,2022-05-25 13:02:19,25.49753,-103.38136,40,04,1,
4680,02478,2022-05-25 13:02:50,25.4991,-103.3841,21,04,1,
4680,02478,2022-05-25 13:03:20,25.50088,-103.38737,57,04,1,
4680,02478,2022-05-25 13:03:50,25.50182,-103.38909,20,04,1,
4680,02478,2022-05-25 13:04:21,25.50337,-103.39153,3,04,1,
4680,02478,2022-05-25 13:04:51,25.50459,-103.39049,34,04,1,
4680,02478,2022-05-25 13:05:21,25.50542,-103.38985,0,04,1,
4680,02478,2022-05-25 13:05:52,25.50463,-103.3884,14,04,1,
4680,02478,2022-05-25 13:06:17,25.50386,-103.38721,16,04,1,
4680,02478,2022-05-25 13:06:47,25.50309,-103.38592,39,04,1,
4680,02478,2022-05-25 13:07:18,25.50117,-103.38302,27,04,1,
4680,02478,2022-05-25 13:07:48,25.50099,-103.38237,0,04,1,
4680,02478,2022-05-25 13:08:19,25.50217,-103.38146,20,04,1,
4680,02478,2022-05-25 13:08:45,25.50267,-103.38109,26,04,1,
4680,02478,2022-05-25 13:09:15,25.50395,-103.38103,20,04,1,
4680,02478,2022-05-25 13:09:46,25.50443,-103.38204,0,04,1,
4680,02478,2022-05-25 13:10:16,25.50487,-103.38178,3,04,1,
4680,02478,2022-05-25 13:10:46,25.50634,-103.38062,35,04,1,
4680,02478,2022-05-25 13:11:16,25.50738,-103.38004,6,04,1,
4680,02478,2022-05-25 13:11:42,25.50806,-103.38109,13,04,1,
4680,02478,2022-05-25 13:12:12,25.50925,-103.38293,0,04,1,
4680,02478,2022-05-25 13:12:42,25.50931,-103.38304,12,04,1,
4680,02478,2022-05-25 13:13:13,25.50738,-103.38466,49,04,1,
4680,02478,2022-05-25 13:13:43,25.5065,-103.38525,1,04,1,
4680,02478,2022-05-25 13:14:13,25.5072,-103.38641,39,04,1,
4680,02478,2022-05-25 13:14:44,25.50926,-103.38962,24,04,1,
4680,02478,2022-05-25 13:15:14,25.51017,-103.39104,33,04,1,
4680,02478,2022-05-25 13:15:44,25.51157,-103.39324,43,04,1,
4680,02478,2022-05-25 13:16:14,25.51241,-103.39453,0,04,1,
4680,02478,2022-05-25 13:16:45,25.51267,-103.39453,11,04,1,
4680,02478,2022-05-25 13:17:10,25.51286,-103.39437,19,04,1,
4680,02478,2022-05-25 13:17:41,25.51519,-103.39404,8,04,1,
4680,02478,2022-05-25 13:18:11,25.51652,-103.39403,37,04,1,
4680,02478,2022-05-25 13:18:41,25.5192,-103.39402,48,04,1,
4680,02478,2022-05-25 13:19:11,25.52063,-103.394,26,04,1,
4680,02478,2022-05-25 13:19:42,25.52227,-103.39399,22,04,1,
4680,02478,2022-05-25 13:20:12,25.52382,-103.39398,28,04,1,
4680,02478,2022-05-25 13:20:42,25.52466,-103.39398,4,04,1,
4680,02478,2022-05-25 13:21:13,25.52756,-103.39396,54,04,1,
4680,02478,2022-05-25 13:21:43,25.53142,-103.39391,29,04,1,
4680,02478,2022-05-25 13:22:13,25.53383,-103.39386,40,04,1,
4680,02478,2022-05-25 13:22:39,25.53433,-103.39385,0,04,1,
4680,02478,2022-05-25 13:23:09,25.53425,-103.39384,0,04,1,
4680,02478,2022-05-25 13:23:39,25.53488,-103.39383,0,04,1,
4680,02478,2022-05-25 13:24:10,25.53539,-103.39556,17,04,1,
4680,02478,2022-05-25 13:24:40,25.53536,-103.39666,36,04,1,
4680,02478,2022-05-25 13:25:10,25.53537,-103.40053,48,04,1,
4680,02478,2022-05-25 13:25:26,25.53536,-103.40265,41,04,1,
4680,02478,2022-05-25 13:25:51,25.53536,-103.40365,29,04,1,
4680,02478,2022-05-25 13:26:21,25.53544,-103.4046,0,04,1,
4680,02478,2022-05-25 13:26:51,25.5355,-103.40472,9,04,1,
4680,02478,2022-05-25 13:27:22,25.53557,-103.40716,1,04,1,
4680,02478,2022-05-25 13:27:52,25.53559,-103.40841,34,04,1,
4680,02478,2022-05-25 13:28:22,25.5356,-103.41111,25,04,1,
4680,02478,2022-05-25 13:28:53,25.53562,-103.41379,19,04,1,
4680,02478,2022-05-25 13:29:23,25.53563,-103.416,27,04,1,
4680,02478,2022-05-25 13:29:53,25.53563,-103.41763,0,04,1,
4680,02478,2022-05-25 13:30:24,25.53563,-103.41875,12,04,1,
4680,02478,2022-05-25 13:30:54,25.5356,-103.41975,5,04,1,
4680,02478,2022-05-25 13:31:19,25.53558,-103.42004,1,04,1,
4680,02478,2022-05-25 13:31:50,25.53566,-103.42157,19,04,1,
4680,02478,2022-05-25 13:32:20,25.53556,-103.42235,0,04,1,
4680,02478,2022-05-25 13:32:50,25.53567,-103.42329,28,04,1,
4680,02478,2022-05-25 13:33:16,25.53564,-103.42471,0,04,1,
4680,02478,2022-05-25 13:33:46,25.53566,-103.42604,23,04,1,
4680,02478,2022-05-25 13:34:16,25.53571,-103.42768,39,04,1,
4680,02478,2022-05-25 13:34:27,25.5357,-103.42879,21,04,1,
4680,02478,2022-05-25 13:34:52,25.53568,-103.42887,0,04,1,
4680,02478,2022-05-25 13:35:02,25.53571,-103.42888,0,04,1,
4680,02478,2022-05-25 13:35:12,25.53571,-103.42892,0,04,1,
4680,02478,2022-05-25 13:35:37,25.53575,-103.43095,29,04,1,
4680,02478,2022-05-25 13:36:08,25.53572,-103.43316,43,04,1,
4680,02478,2022-05-25 13:36:38,25.53578,-103.43391,0,04,1,
4680,02478,2022-05-25 13:37:08,25.5358,-103.43419,21,04,1,
4680,02478,2022-05-25 13:37:39,25.53581,-103.43513,0,04,1,
4680,02478,2022-05-25 13:38:09,25.53576,-103.43511,0,04,1,
4680,02478,2022-05-25 13:38:39,25.53579,-103.43621,7,04,1,
4680,02478,2022-05-25 13:39:10,25.53576,-103.43743,3,04,1,
4680,02478,2022-05-25 13:39:40,25.53577,-103.43959,11,04,1,
4680,02478,2022-05-25 13:40:10,25.53578,-103.44135,4,04,1,
4680,02478,2022-05-25 13:40:40,25.53578,-103.44302,3,04,1,
4680,02478,2022-05-25 13:41:06,25.5358,-103.44432,0,04,1,
4680,02478,2022-05-25 13:41:36,25.53581,-103.44504,0,04,1,
4680,02478,2022-05-25 13:42:07,25.53577,-103.44502,1,04,1,
4680,02478,2022-05-25 13:42:37,25.53581,-103.44747,22,04,1,
4680,02478,2022-05-25 13:43:07,25.53581,-103.44817,7,04,1,
4680,02478,2022-05-25 13:43:37,25.53579,-103.44821,0,04,1,
4680,02478,2022-05-25 13:44:08,25.53575,-103.44825,10,04,1,
4680,02478,2022-05-25 13:44:38,25.53581,-103.45103,43,04,1,
4680,02478,2022-05-25 13:45:09,25.53583,-103.45417,33,04,1,
4680,02478,2022-05-25 13:45:39,25.53585,-103.45583,9,04,1,
4680,02478,2022-05-25 13:46:09,25.53587,-103.45674,15,04,1,
4680,02478,2022-05-25 13:46:34,25.53587,-103.45785,0,04,1,
4680,02478,2022-05-25 13:47:05,25.5359,-103.45949,6,04,1,
4680,02478,2022-05-25 13:47:35,25.5359,-103.46053,31,04,1,
4680,02478,2022-05-25 13:48:06,25.53558,-103.46193,20,04,1,
4680,02478,2022-05-25 13:48:36,25.53522,-103.46342,33,04,1,
4680,02478,2022-05-25 13:49:06,25.53526,-103.4652,0,04,1,
4680,02478,2022-05-25 13:49:37,25.53545,-103.46522,0,04,1,
4680,02478,2022-05-25 13:50:07,25.5356,-103.46526,22,04,1,
4680,02478,2022-05-25 13:50:37,25.537,-103.46565,0,04,1,
4680,02478,2022-05-25 13:51:07,25.53887,-103.46615,4,04,1,
4680,02478,2022-05-25 13:51:33,25.54004,-103.46647,6,04,1,
4680,02478,2022-05-25 13:52:03,25.54007,-103.46646,0,04,1,
4680,02478,2022-05-25 13:52:33,25.54006,-103.46646,0,04,1,
4680,02478,2022-05-25 13:53:04,25.54118,-103.4668,0,04,1,
4680,02478,2022-05-25 13:53:34,25.54158,-103.46707,25,04,1,
4680,02478,2022-05-25 13:54:04,25.5407,-103.46772,33,04,1,
4680,02478,2022-05-25 13:54:35,25.54015,-103.4676,0,04,1,
4680,02478,2022-05-25 13:55:05,25.53925,-103.46731,32,04,1,
4680,02478,2022-05-25 13:55:35,25.53813,-103.46703,0,04,1,
4680,02478,2022-05-25 13:56:06,25.53813,-103.467,0,04,1,
4680,02478,2022-05-25 13:56:36,25.53809,-103.46702,11,04,1,
4680,02478,2022-05-25 13:57:01,25.53702,-103.46671,18,04,1,
4680,02478,2022-05-25 13:57:32,25.53555,-103.46628,14,04,1,
4680,02478,2022-05-25 13:58:02,25.535,-103.46586,21,04,1,
4680,02478,2022-05-25 13:58:32,25.53538,-103.46229,49,04,1,
4680,02478,2022-05-25 13:59:02,25.53573,-103.46049,23,04,1,
4680,02478,2022-05-25 13:59:33,25.53572,-103.45783,8,04,1,
4680,02478,2022-05-25 14:00:03,25.53573,-103.45742,0,04,1,
4680,02478,2022-05-25 14:00:28,25.53577,-103.45593,45,04,1,
4680,02478,2022-05-25 14:00:54,25.53571,-103.45231,50,04,1,
4680,02478,2022-05-25 14:01:24,25.53569,-103.44928,0,04,1,
4680,02478,2022-05-25 14:01:55,25.53567,-103.44926,0,04,1,
4680,02478,2022-05-25 14:02:25,25.53566,-103.44795,34,04,1,
4680,02478,2022-05-25 14:02:55,25.53564,-103.4457,0,04,1,
4680,02478,2022-05-25 14:03:26,25.53563,-103.44325,37,04,1,
4680,02478,2022-05-25 14:03:56,25.53561,-103.4426,0,04,1,
4680,02478,2022-05-25 14:04:26,25.53562,-103.44261,0,04,1,
4680,02478,2022-05-25 14:04:57,25.53561,-103.44123,31,04,1,
4680,02478,2022-05-25 14:05:27,25.53562,-103.43963,12,04,1,
4680,02478,2022-05-25 14:05:52,25.5356,-103.43732,39,04,1,
4680,02478,2022-05-25 14:06:23,25.5356,-103.43629,7,04,1,
4680,02478,2022-05-25 14:06:53,25.53559,-103.43577,22,04,1,
4680,02478,2022-05-25 14:07:23,25.53559,-103.43392,0,04,1,
4680,02478,2022-05-25 14:07:54,25.53554,-103.43155,41,04,1,
4680,02478,2022-05-25 14:08:24,25.53554,-103.42951,0,04,1,
4680,02478,2022-05-25 14:08:54,25.53554,-103.42862,31,04,1,
4680,02478,2022-05-25 14:09:10,25.53556,-103.42691,36,04,1,
4680,02478,2022-05-25 14:09:15,25.53557,-103.42643,29,04,1,
4680,02478,2022-05-25 14:09:40,25.53552,-103.42506,37,04,1,
4680,02478,2022-05-25 14:10:10,25.53553,-103.42336,25,04,1,
4680,02478,2022-05-25 14:10:41,25.5355,-103.42263,17,04,1,
4680,02478,2022-05-25 14:11:01,25.53561,-103.42208,1,04,1,
4680,02478,2022-05-25 14:11:26,25.53533,-103.42203,10,04,0,
4680,02478,2022-05-25 14:11:31,25.53547,-103.42187,16,04,1,
4680,02478,2022-05-25 14:11:36,25.53548,-103.42157,22,04,1,
4680,02478,2022-05-25 14:11:46,25.53538,-103.42077,17,04,1,
4680,02478,2022-05-25 14:12:12,25.53549,-103.42056,4,04,1,
4680,02478,2022-05-25 14:12:42,25.5355,-103.41897,18,04,1,
4680,02478,2022-05-25 14:13:12,25.53548,-103.41734,42,04,1,
4680,02478,2022-05-25 14:13:43,25.53548,-103.41597,0,04,1,
4680,02478,2022-05-25 14:14:13,25.53547,-103.41597,0,04,1,
4680,02478,2022-05-25 14:14:43,25.53546,-103.41483,35,04,1,
4680,02478,2022-05-25 14:15:14,25.53545,-103.41112,31,04,1,
4680,02478,2022-05-25 14:15:44,25.53535,-103.40908,49,04,1,
4680,02478,2022-05-25 14:16:14,25.53525,-103.4071,9,04,1,
4680,02478,2022-05-25 14:16:45,25.5353,-103.40659,0,04,1,
4680,02478,2022-05-25 14:17:11,25.53527,-103.4052,32,04,1,
4680,02478,2022-05-25 14:17:40,25.53517,-103.40307,4,04,1,
4680,02478,2022-05-25 14:17:51,25.53516,-103.40245,33,04,1,
4680,02478,2022-05-25 14:18:11,25.53513,-103.40109,11,04,1,
4680,02478,2022-05-25 14:18:36,25.53507,-103.39805,57,04,1,
4680,02478,2022-05-25 14:19:06,25.53473,-103.39609,0,04,1,
4680,02478,2022-05-25 14:19:37,25.53472,-103.3961,0,04,1,
4680,02478,2022-05-25 14:20:07,25.53472,-103.39611,0,04,1,
4680,02478,2022-05-25 14:20:37,25.53293,-103.39612,35,04,1,
4680,02478,2022-05-25 14:21:08,25.53091,-103.39613,31,04,1,
4680,02478,2022-05-25 14:21:38,25.52843,-103.39614,43,04,1,
4680,02478,2022-05-25 14:22:09,25.52724,-103.39616,0,04,1,
4680,02478,2022-05-25 14:22:39,25.52543,-103.39616,27,04,1,
4680,02478,2022-05-25 14:23:09,25.52428,-103.39615,3,04,1,
4680,02478,2022-05-25 14:23:39,25.52256,-103.39619,11,04,1,
4680,02478,2022-05-25 14:24:05,25.5221,-103.39619,3,04,1,
4680,02478,2022-05-25 14:24:35,25.52208,-103.39618,0,04,1,
4680,02478,2022-05-25 14:25:05,25.52145,-103.39619,30,04,1,
4680,02478,2022-05-25 14:25:36,25.51927,-103.39619,35,04,1,
4680,02478,2022-05-25 14:26:06,25.51799,-103.39612,1,04,1,
4680,02478,2022-05-25 14:26:37,25.51758,-103.39512,39,04,1,
4680,02478,2022-05-25 14:27:07,25.51754,-103.3941,12,04,1,
4680,02478,2022-05-25 14:27:37,25.51752,-103.39081,48,04,1,
4680,02478,2022-05-25 14:28:08,25.5175,-103.38973,0,04,1,
4680,02478,2022-05-25 14:28:23,25.51725,-103.38986,19,04,1,
4680,02478,2022-05-25 14:28:48,25.5153,-103.39196,54,04,1,
4680,02478,2022-05-25 14:29:18,25.51302,-103.39448,3,04,1,
4680,02478,2022-05-25 14:29:49,25.51303,-103.39452,6,04,1,
4680,02478,2022-05-25 14:30:19,25.51248,-103.39504,26,04,1,
4680,02478,2022-05-25 14:30:49,25.51034,-103.39723,37,04,1,
4680,02478,2022-05-25 14:31:20,25.50935,-103.3983,28,04,1,
4680,02478,2022-05-25 14:31:30,25.50872,-103.39896,31,04,1,
4680,02478,2022-05-25 14:31:55,25.50825,-103.39949,23,04,1,
4680,02478,2022-05-25 14:32:25,25.50789,-103.39984,0,04,1,
4680,02478,2022-05-25 14:32:56,25.50788,-103.39985,3,04,1,
4680,02478,2022-05-25 14:33:26,25.50704,-103.40085,0,04,1,
4680,02478,2022-05-25 14:33:46,25.50638,-103.40164,35,00,1,
4680,02478,2022-05-25 14:34:17,25.50523,-103.40303,36,00,1,
4680,02478,2022-05-25 14:34:47,25.50311,-103.40532,8,00,1,
4680,02478,2022-05-25 14:35:18,25.50198,-103.4061,36,00,1,
4680,02478,2022-05-25 14:35:48,25.49931,-103.40848,57,00,1,
4680,02478,2022-05-25 14:36:18,25.49746,-103.41001,16,00,1,
4680,02478,2022-05-25 14:36:49,25.49629,-103.41054,19,00,1,
4680,02478,2022-05-25 14:37:19,25.49614,-103.41038,1,00,1,
4680,02478,2022-05-25 14:37:49,25.49559,-103.40947,22,00,1,
4680,02478,2022-05-25 14:38:20,25.49644,-103.40847,37,00,1,
4680,02478,2022-05-25 14:38:45,25.49702,-103.40636,18,00,1,
4680,02478,2022-05-25 14:39:15,25.49541,-103.4046,35,00,1,
4680,02478,2022-05-25 14:39:46,25.49438,-103.40337,34,00,1,
4680,02478,2022-05-25 14:40:16,25.49334,-103.40289,22,00,1,
4680,02478,2022-05-25 14:40:47,25.49232,-103.40401,30,00,1,
4680,02478,2022-05-25 14:41:17,25.49197,-103.40476,19,00,1,
4680,02478,2022-05-25 14:41:47,25.49297,-103.40591,18,00,1,
4680,02478,2022-05-25 14:42:18,25.49229,-103.4054,0,00,1,
4680,02478,2022-05-25 14:42:48,25.49229,-103.40544,0,00,1,
4680,02478,2022-05-25 14:43:18,25.49235,-103.40547,0,00,1,
4680,02478,2022-05-25 14:43:44,25.49234,-103.40546,0,00,1,
4680,02478,2022-05-25 14:44:14,25.49234,-103.40545,0,00,1,
4680,02478,2022-05-25 14:44:44,25.49235,-103.40546,0,00,1,
4680,02478,2022-05-25 14:45:15,25.49233,-103.40543,0,00,1,
4680,02479,2022-05-25 15:16:35,25.50146,-103.40615,0,04,0,
4680,02479,2022-05-25 15:16:40,25.5014,-103.40623,1,04,1,
4680,02479,2022-05-25 15:18:16,0,0,0,00,0,
4680,02479,2022-05-25 15:18:46,0,0,0,00,0,
4680,02479,2022-05-25 15:19:17,25.50687,-103.40064,0,00,0,
4680,02480,2022-05-25 15:19:27,25.50757,-103.40157,0,04,0,
4680,02480,2022-05-25 15:19:57,25.50942,-103.40315,0,04,0,
4680,02480,2022-05-25 15:20:02,25.49699,-103.40652,14,04,1,
4680,02480,2022-05-25 15:20:28,25.49706,-103.40682,18,04,1,
4680,02480,2022-05-25 15:20:58,25.49653,-103.40844,37,04,1,
4680,02480,2022-05-25 15:21:28,25.49595,-103.40977,34,04,1,
4680,02480,2022-05-25 15:21:59,25.49725,-103.40994,34,04,1,
4680,02480,2022-05-25 15:22:29,25.49909,-103.40858,55,04,1,
4680,02480,2022-05-25 15:22:59,25.50217,-103.40581,26,04,1,
4680,02480,2022-05-25 15:23:29,25.5032,-103.40499,39,04,1,
4680,02480,2022-05-25 15:24:00,25.50515,-103.40284,43,04,1,
4680,02480,2022-05-25 15:24:30,25.50741,-103.40008,20,04,1,
4680,02480,2022-05-25 15:25:01,25.50823,-103.39922,0,04,1,
4680,02480,2022-05-25 15:25:31,25.50853,-103.39887,7,04,1,
4680,02480,2022-05-25 15:25:56,25.51005,-103.39728,52,04,1,
4680,02480,2022-05-25 15:26:17,25.51223,-103.39498,24,04,1,
4680,02480,2022-05-25 15:26:48,25.5123,-103.39483,0,04,1,
4680,02480,2022-05-25 15:27:18,25.5127,-103.39443,3,04,1,
4680,02480,2022-05-25 15:27:48,25.51281,-103.39439,10,04,1,
4680,02480,2022-05-25 15:28:19,25.51439,-103.39405,8,04,1,
4680,02480,2022-05-25 15:28:49,25.51513,-103.39402,27,04,1,
4680,02480,2022-05-25 15:29:20,25.51725,-103.39405,24,04,1,
4680,02480,2022-05-25 15:29:50,25.5175,-103.39404,0,04,1,
4680,02480,2022-05-25 15:30:20,25.5175,-103.39403,0,04,1,
4680,02480,2022-05-25 15:30:51,25.5176,-103.39404,15,04,1,
4680,02480,2022-05-25 15:31:16,25.51985,-103.39401,37,04,1,
4680,02480,2022-05-25 15:31:46,25.52221,-103.39399,25,04,1,
4680,02480,2022-05-25 15:32:17,25.5243,-103.39398,40,04,1,
4680,02480,2022-05-25 15:32:47,25.5258,-103.39396,0,04,1,
4680,02480,2022-05-25 15:33:17,25.52698,-103.39394,0,04,1,
4680,02480,2022-05-25 15:33:48,25.52882,-103.39393,20,04,1,
4680,02480,2022-05-25 15:34:18,25.53103,-103.39391,41,04,1,
4680,02480,2022-05-25 15:34:49,25.53369,-103.39384,41,04,1,
4680,02480,2022-05-25 15:35:19,25.5347,-103.39382,16,04,1,
4680,02480,2022-05-25 15:35:49,25.53538,-103.39483,26,04,1,
4680,02480,2022-05-25 15:36:15,25.53534,-103.3958,11,04,1,
4680,02480,2022-05-25 15:36:45,25.53535,-103.39854,43,04,1,
4680,02480,2022-05-25 15:37:15,25.53535,-103.40112,26,04,1,
4680,02480,2022-05-25 15:37:25,25.53539,-103.40127,3,04,1,
4680,02480,2022-05-25 15:37:35,25.5355,-103.40188,28,04,1,
4680,02480,2022-05-25 15:37:41,25.53549,-103.40252,36,04,1,
4680,02480,2022-05-25 15:37:46,25.53549,-103.40314,42,04,1,
4680,02480,2022-05-25 15:38:11,25.53544,-103.40463,1,04,1,
4680,02480,2022-05-25 15:38:41,25.53542,-103.40512,22,04,1,
4680,02480,2022-05-25 15:38:56,25.53557,-103.40638,28,04,1,
4680,02480,2022-05-25 15:39:22,25.53558,-103.40896,44,04,1,
4680,02480,2022-05-25 15:39:52,25.53559,-103.41172,29,04,1,
4680,02480,2022-05-25 15:40:22,25.53563,-103.41449,32,04,1,
4680,02480,2022-05-25 15:40:53,25.53566,-103.41731,33,04,1,
4680,02480,2022-05-25 15:41:23,25.53564,-103.41806,8,04,1,
4680,02480,2022-05-25 15:41:53,25.53565,-103.41901,26,04,1,
4680,02480,2022-05-25 15:42:24,25.53579,-103.42007,5,04,1,
4680,02480,2022-05-25 15:42:54,25.53559,-103.42068,15,04,1,
4680,02480,2022-05-25 15:43:49,25.5353,-103.42281,4,04,1,
4680,02480,2022-05-25 15:44:15,25.53568,-103.42491,34,04,1,
4680,02480,2022-05-25 15:44:45,25.53569,-103.42566,0,04,1,
4680,02480,2022-05-25 15:45:15,25.53574,-103.42779,44,04,1,
4680,02480,2022-05-25 15:45:20,25.53573,-103.4284,40,04,1,
4680,02480,2022-05-25 15:45:30,25.53573,-103.42921,28,04,1,
4680,02480,2022-05-25 15:45:56,25.53575,-103.43206,42,04,1,
4680,02480,2022-05-25 15:46:26,25.53577,-103.43418,0,04,1,
4680,02480,2022-05-25 15:46:57,25.53577,-103.43419,0,04,1,
4680,02480,2022-05-25 15:47:27,25.53579,-103.4342,0,04,1,
4680,02480,2022-05-25 15:47:57,25.53579,-103.43599,24,04,1,
4680,02480,2022-05-25 15:48:27,25.53578,-103.43821,44,04,1,
4680,02480,2022-05-25 15:48:58,25.53579,-103.44175,41,04,1,
4680,02480,2022-05-25 15:49:28,25.53581,-103.44437,7,04,1,
4680,02480,2022-05-25 15:49:58,25.53584,-103.44529,0,04,1,
4680,02480,2022-05-25 15:50:29,25.53582,-103.44706,36,04,1,
4680,02480,2022-05-25 15:50:54,25.53585,-103.44813,0,04,1,
4680,02480,2022-05-25 15:51:24,25.5359,-103.44814,0,04,1,
4680,02480,2022-05-25 15:51:55,25.53588,-103.44815,0,04,1,
4680,02480,2022-05-25 15:52:25,25.53585,-103.44912,34,04,1,
4680,02480,2022-05-25 15:52:55,25.53587,-103.45221,31,04,1,
4680,02480,2022-05-25 15:53:21,25.53587,-103.45457,28,04,1,
4680,02480,2022-05-25 15:53:46,25.53585,-103.45555,29,04,1,
4680,02480,2022-05-25 15:54:16,25.53584,-103.4561,9,04,1,
4680,02480,2022-05-25 15:54:47,25.53588,-103.45701,17,04,1,
4680,02480,2022-05-25 15:55:17,25.5359,-103.45902,3,04,1,
4680,02480,2022-05-25 15:55:47,25.53585,-103.46095,0,04,1,
4680,02480,2022-05-25 15:56:17,25.53546,-103.46252,37,04,1,
4680,02480,2022-05-25 15:56:48,25.53506,-103.46438,40,04,1,
4680,02480,2022-05-25 15:57:18,25.53526,-103.46513,0,04,1,
4680,02480,2022-05-25 15:57:49,25.53536,-103.46518,4,04,1,
4680,02480,2022-05-25 15:58:19,25.53625,-103.46541,19,04,1,
4680,02480,2022-05-25 15:58:49,25.53764,-103.4658,27,04,1,
4680,02480,2022-05-25 15:59:15,25.5389,-103.46617,30,04,1,
4680,02480,2022-05-25 15:59:45,25.54011,-103.46652,0,04,1,
4680,02480,2022-05-25 16:00:15,25.54014,-103.46655,0,04,1,
4680,02480,2022-05-25 16:00:45,25.54066,-103.46667,34,04,1,
4680,02480,2022-05-25 16:01:16,25.54126,-103.46683,0,04,1,
4680,02480,2022-05-25 16:01:46,25.54157,-103.46749,1,04,1,
4680,02480,2022-05-25 16:02:16,25.54155,-103.46748,0,04,1,
4680,02480,2022-05-25 16:02:47,25.54155,-103.46748,0,04,1,
4680,02480,2022-05-25 16:03:17,25.5415,-103.46753,11,04,1,
4680,02480,2022-05-25 16:03:47,25.54073,-103.46775,20,04,1,
4680,02480,2022-05-25 16:04:18,25.54032,-103.46759,0,04,1,
4680,02480,2022-05-25 16:04:43,25.53997,-103.4675,19,04,1,
4680,02480,2022-05-25 16:05:13,25.53801,-103.46697,25,04,1,
4680,02480,2022-05-25 16:05:44,25.53727,-103.46683,0,04,1,
4680,02480,2022-05-25 16:06:14,25.53724,-103.46687,0,04,1,
4680,02480,2022-05-25 16:06:44,25.53719,-103.4668,0,04,1,
4680,02480,2022-05-25 16:07:15,25.53651,-103.46661,17,04,1,
4680,02480,2022-05-25 16:07:45,25.53549,-103.46627,23,04,1,
4680,02480,2022-05-25 16:08:15,25.53522,-103.46601,1,04,1,
4680,02480,2022-05-25 16:08:46,25.535,-103.4658,22,04,1,
4680,02480,2022-05-25 16:09:16,25.53524,-103.46296,44,04,1,
4680,02480,2022-05-25 16:09:46,25.53578,-103.45995,9,04,1,
4680,02480,2022-05-25 16:10:11,25.53575,-103.45918,10,04,1,
4680,02480,2022-05-25 16:10:42,25.53576,-103.45577,49,04,1,
4680,02480,2022-05-25 16:11:12,25.53573,-103.45151,49,04,1,
4680,02480,2022-05-25 16:11:43,25.5357,-103.44935,5,04,1,
4680,02480,2022-05-25 16:12:13,25.53572,-103.44932,0,04,1,
4680,02480,2022-05-25 16:12:43,25.53571,-103.44899,1,04,1,
4680,02480,2022-05-25 16:13:14,25.53573,-103.44892,0,04,1,
4680,02480,2022-05-25 16:13:44,25.5357,-103.44893,0,04,1,
4680,02480,2022-05-25 16:14:14,25.53568,-103.44827,30,04,1,
4680,02480,2022-05-25 16:14:45,25.53568,-103.44628,0,04,1,
4680,02480,2022-05-25 16:15:15,25.53565,-103.44582,0,04,1,
4680,02480,2022-05-25 16:15:40,25.53565,-103.44581,0,04,1,
4680,02480,2022-05-25 16:16:10,25.53568,-103.44567,5,04,1,
4680,02480,2022-05-25 16:16:41,25.53566,-103.44301,31,04,1,
4680,02480,2022-05-25 16:17:11,25.53563,-103.43988,31,04,1,
4680,02480,2022-05-25 16:17:41,25.53563,-103.43803,41,04,1,
4680,02480,2022-05-25 16:18:12,25.53562,-103.43694,0,04,1,
4680,02480,2022-05-25 16:18:42,25.53563,-103.43685,2,04,1,
4680,02480,2022-05-25 16:19:12,25.53561,-103.4364,0,04,1,
4680,02480,2022-05-25 16:19:43,25.53565,-103.43626,0,04,1,
4680,02480,2022-05-25 16:20:13,25.5356,-103.43451,35,04,1,
4680,02480,2022-05-25 16:20:43,25.53561,-103.43316,35,04,1,
4680,02480,2022-05-25 16:21:09,25.53562,-103.43006,47,04,1,
4680,02480,2022-05-25 16:21:39,25.53562,-103.42936,0,04,1,
4680,02480,2022-05-25 16:22:09,25.53556,-103.42679,50,04,1,
4680,02480,2022-05-25 16:22:40,25.53554,-103.42275,33,04,1,
4680,02480,2022-05-25 16:23:10,25.53557,-103.42195,2,04,1,
4680,02480,2022-05-25 16:23:40,25.53558,-103.42113,10,04,1,
4680,02480,2022-05-25 16:24:01,25.53554,-103.42044,0,04,1,
4680,02480,2022-05-25 16:24:21,25.53555,-103.42017,18,04,1,
4680,02480,2022-05-25 16:24:46,25.53552,-103.41904,9,04,1,
4680,02480,2022-05-25 16:25:17,25.5355,-103.41893,1,04,1,
4680,02480,2022-05-25 16:25:47,25.53549,-103.41833,23,04,1,
4680,02480,2022-05-25 16:26:17,25.53549,-103.41577,21,04,1,
4680,02480,2022-05-25 16:26:48,25.53548,-103.41563,0,04,1,
4680,02480,2022-05-25 16:27:18,25.53547,-103.4156,0,04,1,
4680,02480,2022-05-25 16:27:49,25.53547,-103.4146,33,04,1,
4680,02480,2022-05-25 16:28:19,25.53547,-103.41125,37,04,1,
4680,02480,2022-05-25 16:28:49,25.53527,-103.40725,28,04,1,
4680,02480,2022-05-25 16:29:20,25.53532,-103.40634,0,04,1,
4680,02480,2022-05-25 16:29:45,25.53532,-103.40632,0,04,1,
4680,02480,2022-05-25 16:30:15,25.5353,-103.40552,37,04,1,
4680,02480,2022-05-25 16:30:45,25.53515,-103.40116,56,04,1,
4680,02480,2022-05-25 16:31:16,25.5351,-103.39631,37,04,1,
4680,02480,2022-05-25 16:31:46,25.53476,-103.39613,0,04,1,
4680,02480,2022-05-25 16:32:17,25.53477,-103.39614,0,04,1,
4680,02480,2022-05-25 16:32:47,25.53477,-103.39614,0,04,1,
4680,02480,2022-05-25 16:33:17,25.53459,-103.39613,19,04,1,
4680,02480,2022-05-25 16:33:48,25.5324,-103.39614,37,04,1,
4680,02480,2022-05-25 16:34:18,25.52975,-103.39615,24,04,1,
4680,02480,2022-05-25 16:34:43,25.52862,-103.39615,30,04,1,
4680,02480,2022-05-25 16:35:14,25.52734,-103.39615,0,04,1,
4680,02480,2022-05-25 16:35:44,25.52723,-103.39615,17,04,1,
4680,02480,2022-05-25 16:36:14,25.52415,-103.39616,48,04,1,
4680,02480,2022-05-25 16:36:45,25.52212,-103.39619,27,04,1,
4680,02480,2022-05-25 16:37:15,25.51998,-103.39616,42,04,1,
4680,02480,2022-05-25 16:37:45,25.51756,-103.39592,19,04,1,
4680,02480,2022-05-25 16:38:16,25.51757,-103.39433,27,04,1,
4680,02480,2022-05-25 16:38:46,25.51757,-103.39199,0,04,1,
4680,02480,2022-05-25 16:39:17,25.51754,-103.38972,4,04,1,
4680,02480,2022-05-25 16:39:42,25.51713,-103.39003,30,04,1,
4680,02480,2022-05-25 16:40:12,25.51517,-103.39214,6,04,1,
4680,02480,2022-05-25 16:40:43,25.51488,-103.39242,0,04,1,
4680,02480,2022-05-25 16:41:13,25.51481,-103.39248,15,04,1,
4680,02480,2022-05-25 16:41:43,25.51303,-103.39444,9,04,1,
4680,02480,2022-05-25 16:42:14,25.51305,-103.39447,0,04,1,
4680,02480,2022-05-25 16:42:44,25.51305,-103.39446,0,04,1,
4680,02480,2022-05-25 16:43:14,25.51302,-103.39444,0,04,1,
4680,02480,2022-05-25 16:43:45,25.51262,-103.39471,7,04,1,
4680,02480,2022-05-25 16:44:15,25.51264,-103.39473,0,04,1,
4680,02480,2022-05-25 16:44:45,25.51266,-103.39481,1,04,1,
4680,02480,2022-05-25 16:45:10,25.51265,-103.39483,0,04,1,
4680,02480,2022-05-25 16:45:41,25.51169,-103.39363,22,04,1,
4680,02480,2022-05-25 16:46:11,25.51048,-103.39173,37,04,1,
4680,02480,2022-05-25 16:46:42,25.51001,-103.39097,0,04,1,
4680,02480,2022-05-25 16:47:12,25.50934,-103.38994,35,04,1,
4680,02480,2022-05-25 16:47:42,25.50849,-103.38862,8,04,1,
4680,02480,2022-05-25 16:48:13,25.5073,-103.38673,35,04,1,
4680,02480,2022-05-25 16:48:43,25.50651,-103.38551,0,04,1,
4680,02480,2022-05-25 16:49:13,25.50652,-103.38551,0,04,1,
4680,02480,2022-05-25 16:49:44,25.50653,-103.38553,0,04,1,
4680,02480,2022-05-25 16:50:14,25.50673,-103.38493,0,04,1,
4680,02480,2022-05-25 16:50:39,25.50775,-103.38417,25,04,1,
4680,02480,2022-05-25 16:51:10,25.50925,-103.38287,15,04,1,
4680,02480,2022-05-25 16:51:40,25.50823,-103.38135,1,04,1,
4680,02480,2022-05-25 16:52:10,25.50748,-103.3802,20,04,1,
4680,02480,2022-05-25 16:52:40,25.50596,-103.38095,19,04,1,
4680,02480,2022-05-25 16:53:11,25.50452,-103.38211,2,04,1,
4680,02480,2022-05-25 16:53:41,25.50383,-103.38067,23,04,1,
4680,02480,2022-05-25 16:54:12,25.50239,-103.38144,17,04,1,
4680,02480,2022-05-25 16:54:17,25.50235,-103.38147,0,00,1,
4680,02480,2022-05-25 16:54:42,25.50191,-103.38181,30,00,1,
4680,02480,2022-05-25 16:55:13,25.50145,-103.3834,30,00,1,
4680,02480,2022-05-25 16:55:43,25.50218,-103.38455,30,00,1,
4680,02480,2022-05-25 16:56:13,25.50273,-103.38575,12,00,1,
4680,02480,2022-05-25 16:56:44,25.50146,-103.38675,21,00,1,
4680,02480,2022-05-25 16:57:14,25.50043,-103.38551,32,00,1,
4680,02480,2022-05-25 16:57:45,25.49911,-103.3839,15,00,1,
4680,02480,2022-05-25 16:58:15,25.49784,-103.38208,45,00,1,
4680,02480,2022-05-25 16:58:45,25.49659,-103.37997,1,00,1,
4680,02480,2022-05-25 16:59:16,25.49613,-103.38005,10,00,1,
4680,02480,2022-05-25 16:59:41,25.4961,-103.37996,0,00,1,
4680,02480,2022-05-25 17:00:11,25.4961,-103.37995,0,00,1,
4680,02480,2022-05-25 17:00:42,25.4961,-103.37996,0,00,1,
4680,02480,2022-05-25 17:01:12,25.49611,-103.37995,0,00,1,
4680,02480,2022-05-25 17:01:42,25.49612,-103.37998,0,00,1,
4680,02480,2022-05-25 17:02:13,25.49612,-103.37998,0,00,1,
4680,02481,2022-05-25 17:18:52,0,0,0,04,0,
4680,02481,2022-05-25 17:19:08,25.49786,-103.38061,0,04,1,
4680,02481,2022-05-25 17:19:23,25.49788,-103.38028,3,00,1,
4680,02481,2022-05-25 17:19:54,25.49745,-103.38002,12,00,1,
4680,02481,2022-05-25 17:20:24,25.49711,-103.38065,33,00,1,
4680,02481,2022-05-25 17:20:55,25.4989,-103.38392,28,00,1,
4680,02481,2022-05-25 17:21:25,25.50037,-103.38679,13,00,1,
4680,02481,2022-05-25 17:21:55,25.50125,-103.38804,32,00,1,
4680,02481,2022-05-25 17:22:25,25.50262,-103.3883,42,00,1,
4680,02481,2022-05-25 17:22:56,25.5038,-103.38712,0,00,1,
4680,02481,2022-05-25 17:23:26,25.50297,-103.38587,25,00,1,
4680,02481,2022-05-25 17:23:57,25.50162,-103.38377,16,00,1,
4680,02482,2022-05-25 17:24:07,25.50146,-103.38352,26,04,1,
4680,02482,2022-05-25 17:24:37,25.50196,-103.38177,36,04,1,
4680,02482,2022-05-25 17:25:08,25.50295,-103.38101,32,04,1,
4680,02482,2022-05-25 17:25:33,25.50395,-103.38101,26,04,1,
4680,02482,2022-05-25 17:25:58,25.50434,-103.382,0,04,1,
4680,02482,2022-05-25 17:26:28,25.50445,-103.38212,1,04,1,
4680,02482,2022-05-25 17:26:54,25.50578,-103.38116,24,04,1,
4680,02482,2022-05-25 17:27:19,25.50696,-103.38025,43,04,1,
4680,02482,2022-05-25 17:27:34,25.50759,-103.38037,29,04,1,
4680,02482,2022-05-25 17:27:59,25.50805,-103.38112,9,04,1,
4680,02482,2022-05-25 17:28:30,25.50927,-103.38298,0,04,1,
4680,02482,2022-05-25 17:29:00,25.50801,-103.38431,41,04,1,
4680,02482,2022-05-25 17:29:30,25.50663,-103.3854,0,04,1,
4680,02482,2022-05-25 17:30:01,25.5076,-103.38703,45,04,1,
4680,02482,2022-05-25 17:30:31,25.50835,-103.38825,3,04,1,
4680,02482,2022-05-25 17:31:01,25.50906,-103.38929,2,04,1,
4680,02482,2022-05-25 17:31:28,25.51003,-103.39084,25,04,1,
4680,02482,2022-05-25 17:31:58,25.51147,-103.39308,44,04,1,
4680,02482,2022-05-25 17:32:28,25.51248,-103.39467,0,04,1,
4680,02482,2022-05-25 17:32:59,25.51272,-103.39458,0,04,1,
4680,02482,2022-05-25 17:33:24,25.51302,-103.39425,7,04,1,
4680,02482,2022-05-25 17:33:54,25.51536,-103.39402,41,04,1,
4680,02482,2022-05-25 17:34:25,25.51755,-103.39401,17,04,1,
4680,02482,2022-05-25 17:34:55,25.52025,-103.39401,17,04,1,
4680,02482,2022-05-25 17:35:25,25.5224,-103.39399,2,04,1,
4680,02482,2022-05-25 17:35:56,25.52351,-103.394,14,04,1,
4680,02482,2022-05-25 17:36:26,25.52445,-103.39399,5,04,1,
4680,02482,2022-05-25 17:36:56,25.52542,-103.39398,29,04,1,
4680,02482,2022-05-25 17:37:27,25.52691,-103.39396,26,04,1,
4680,02482,2022-05-25 17:37:57,25.52964,-103.39395,43,04,1,
4680,02482,2022-05-25 17:38:27,25.53219,-103.3939,32,04,1,
4680,02482,2022-05-25 17:38:52,25.53428,-103.39384,0,04,1,
4680,02482,2022-05-25 17:39:23,25.53488,-103.39387,17,04,1,
4680,02482,2022-05-25 17:39:53,25.53496,-103.39387,0,04,1,
4680,02482,2022-05-25 17:40:23,25.53495,-103.39389,1,04,1,
4680,02482,2022-05-25 17:40:54,25.5354,-103.39568,9,04,1,
4680,02482,2022-05-25 17:41:24,25.53539,-103.39657,20,04,1,
4680,02482,2022-05-25 17:41:54,25.5354,-103.39927,39,04,1,
4680,02482,2022-05-25 17:42:25,25.53544,-103.40267,35,04,1,
4680,02482,2022-05-25 17:42:30,25.53539,-103.40308,10,04,1,
4680,02482,2022-05-25 17:42:55,25.53546,-103.40454,2,04,1,
4680,02482,2022-05-25 17:43:26,25.53545,-103.40452,1,04,1,
4680,02482,2022-05-25 17:43:56,25.53559,-103.40655,31,04,1,
4680,02482,2022-05-25 17:44:21,25.53562,-103.40755,24,04,1,
4680,02482,2022-05-25 17:44:52,25.53563,-103.41083,33,04,1,
4680,02482,2022-05-25 17:45:22,25.53565,-103.41236,34,04,1,
4680,02482,2022-05-25 17:45:52,25.53562,-103.41336,11,04,1,
4680,02482,2022-05-25 17:46:23,25.53565,-103.41524,25,04,1,
4680,02482,2022-05-25 17:46:53,25.53563,-103.4161,19,04,1,
4680,02482,2022-05-25 17:47:23,25.53568,-103.41826,16,04,1,
4680,02482,2022-05-25 17:47:54,25.53569,-103.41976,22,04,1,
4680,02482,2022-05-25 17:47:59,25.5357,-103.41992,4,04,1,
4680,02482,2022-05-25 17:48:24,25.53566,-103.42107,25,04,1,
4680,02482,2022-05-25 17:48:59,25.53563,-103.42285,12,04,1,
4680,02482,2022-05-25 17:49:25,25.53571,-103.42567,25,04,1,
4680,02482,2022-05-25 17:49:55,25.53572,-103.42676,37,04,1,
4680,02482,2022-05-25 17:50:25,25.53573,-103.42876,0,04,1,
4680,02482,2022-05-25 17:50:56,25.53576,-103.43087,35,04,1,
4680,02482,2022-05-25 17:51:26,25.53574,-103.43282,43,04,1,
4680,02482,2022-05-25 17:51:57,25.53577,-103.43373,0,04,1,
4680,02482,2022-05-25 17:52:27,25.53577,-103.43373,0,04,1,
4680,02482,2022-05-25 17:52:57,25.53577,-103.43457,27,04,1,
4680,02482,2022-05-25 17:53:28,25.53577,-103.43621,4,04,1,
4680,02482,2022-05-25 17:53:58,25.53579,-103.4373,34,04,1,
4680,02482,2022-05-25 17:54:23,25.53581,-103.44033,45,04,1,
4680,02482,2022-05-25 17:54:53,25.53583,-103.4427,13,04,1,
4680,02482,2022-05-25 17:55:24,25.53585,-103.44535,2,04,1,
4680,02482,2022-05-25 17:55:54,25.53581,-103.44539,0,04,1,
4680,02482,2022-05-25 17:56:24,25.53584,-103.44708,44,04,1,
4680,02482,2022-05-25 17:56:55,25.53586,-103.45109,45,04,1,
4680,02482,2022-05-25 17:57:25,25.53587,-103.45323,27,04,1,
4680,02482,2022-05-25 17:57:56,25.53588,-103.45641,12,04,1,
4680,02482,2022-05-25 17:58:26,25.53593,-103.45772,22,04,1,
4680,02482,2022-05-25 17:58:56,25.53591,-103.45877,21,04,1,
4680,02482,2022-05-25 17:59:22,25.53592,-103.46024,21,04,1,
4680,02482,2022-05-25 17:59:52,25.5357,-103.46161,26,04,1,
4680,02482,2022-05-25 18:00:22,25.53537,-103.46289,32,04,1,
4680,02482,2022-05-25 18:00:53,25.53493,-103.46505,8,04,1,
4680,02482,2022-05-25 18:01:23,25.53545,-103.46519,0,04,1,
4680,02482,2022-05-25 18:01:53,25.53544,-103.46514,0,04,1,
4680,02482,2022-05-25 18:02:24,25.53569,-103.46523,2,04,1,
4680,02482,2022-05-25 18:02:54,25.53671,-103.46554,21,04,1,
4680,02482,2022-05-25 18:03:24,25.53714,-103.46567,0,04,1,
4680,02482,2022-05-25 18:03:55,25.5371,-103.46571,0,04,1,
4680,02482,2022-05-25 18:04:25,25.5373,-103.46572,15,04,1,
4680,02482,2022-05-25 18:04:50,25.53874,-103.4661,0,04,1,
4680,02482,2022-05-25 18:05:16,25.54046,-103.46659,41,04,1,
4680,02482,2022-05-25 18:05:46,25.54162,-103.46723,0,04,1,
4680,02482,2022-05-25 18:06:16,25.54089,-103.46781,31,04,1,
4680,02482,2022-05-25 18:06:47,25.53959,-103.46746,28,04,1,
4680,02482,2022-05-25 18:07:17,25.53727,-103.46684,16,04,1,
4680,02482,2022-05-25 18:07:47,25.53723,-103.46683,0,04,1,
4680,02482,2022-05-25 18:08:18,25.53724,-103.46685,0,04,1,
4680,02482,2022-05-25 18:08:48,25.53706,-103.46677,17,04,1,
4680,02482,2022-05-25 18:09:18,25.53617,-103.46651,14,04,1,
4680,02482,2022-05-25 18:09:49,25.53533,-103.46625,0,04,1,
4680,02482,2022-05-25 18:10:14,25.53525,-103.46619,0,04,1,
4680,02482,2022-05-25 18:10:45,25.53482,-103.46567,17,04,1,
4680,02482,2022-05-25 18:11:15,25.53525,-103.46295,40,04,1,
4680,02482,2022-05-25 18:11:45,25.53567,-103.4609,8,04,1,
4680,02482,2022-05-25 18:12:16,25.53573,-103.46063,0,04,1,
4680,02482,2022-05-25 18:12:46,25.5357,-103.46062,1,04,1,
4680,02482,2022-05-25 18:13:16,25.53576,-103.45909,24,04,1,
4680,02482,2022-05-25 18:13:47,25.53577,-103.45723,0,04,1,
4680,02482,2022-05-25 18:14:17,25.53577,-103.45663,32,04,1,
4680,02482,2022-05-25 18:14:48,25.53575,-103.45555,25,04,1,
4680,02482,2022-05-25 18:15:13,25.53575,-103.45348,28,04,1,
4680,02482,2022-05-25 18:15:43,25.53574,-103.45298,0,04,1,
4680,02482,2022-05-25 18:16:13,25.5358,-103.45235,32,04,1,
4680,02482,2022-05-25 18:16:44,25.53571,-103.44895,0,04,1,
4680,02482,2022-05-25 18:17:14,25.53569,-103.44897,0,04,1,
4680,02482,2022-05-25 18:17:45,25.53571,-103.44899,0,04,1,
4680,02482,2022-05-25 18:18:15,25.53572,-103.44807,34,04,1,
4680,02482,2022-05-25 18:18:45,25.53569,-103.44539,23,04,1,
4680,02482,2022-05-25 18:19:16,25.53567,-103.44299,8,04,1,
4680,02482,2022-05-25 18:19:46,25.53561,-103.44293,1,04,1,
4680,02482,2022-05-25 18:20:13,25.53566,-103.44291,0,04,1,
4680,02482,2022-05-25 18:20:42,25.53568,-103.44239,15,04,1,
4680,02482,2022-05-25 18:21:12,25.53565,-103.44089,0,04,1,
4680,02482,2022-05-25 18:21:27,25.53565,-103.44071,18,04,1,
4680,02482,2022-05-25 18:21:52,25.53565,-103.43853,34,04,1,
4680,02482,2022-05-25 18:22:23,25.53563,-103.43699,0,04,1,
4680,02482,2022-05-25 18:22:53,25.53563,-103.43698,1,04,1,
4680,02482,2022-05-25 18:23:23,25.53562,-103.43651,9,04,1,
4680,02482,2022-05-25 18:23:54,25.53562,-103.43635,0,04,1,
4680,02482,2022-05-25 18:24:24,25.53563,-103.43595,0,04,1,
4680,02482,2022-05-25 18:24:54,25.53563,-103.43567,21,04,1,
4680,02482,2022-05-25 18:25:25,25.53559,-103.43313,41,04,1,
4680,02482,2022-05-25 18:25:55,25.53563,-103.43055,2,04,1,
4680,02482,2022-05-25 18:26:26,25.53561,-103.42941,39,04,1,
4680,02482,2022-05-25 18:26:51,25.53557,-103.4264,49,04,1,
4680,02482,2022-05-25 18:27:21,25.53554,-103.42318,2,04,1,
4680,02482,2022-05-25 18:27:52,25.53556,-103.42296,18,04,1,
4680,02482,2022-05-25 18:28:22,25.53547,-103.42207,3,04,1,
4680,02482,2022-05-25 18:28:37,25.53561,-103.42157,21,04,1,
4680,02482,2022-05-25 18:29:02,25.5356,-103.42092,8,04,1,
4680,02482,2022-05-25 18:29:32,25.53555,-103.41995,23,04,1,
4680,02482,2022-05-25 18:29:58,25.53553,-103.41893,0,04,1,
4680,02482,2022-05-25 18:30:28,25.53551,-103.41727,40,04,1,
4680,02482,2022-05-25 18:30:58,25.53551,-103.41658,3,04,1,
4680,02482,2022-05-25 18:31:29,25.53553,-103.416,0,04,1,
4680,02482,2022-05-25 18:31:59,25.53551,-103.4146,27,04,1,
4680,02482,2022-05-25 18:32:29,25.53547,-103.41087,44,04,1,
4680,02482,2022-05-25 18:33:00,25.5353,-103.40708,12,04,1,
4680,02482,2022-05-25 18:33:30,25.53532,-103.40674,1,04,1,
4680,02482,2022-05-25 18:33:45,25.53533,-103.40571,37,04,1,
4680,02482,2022-05-25 18:34:11,25.53517,-103.40228,56,04,1,
4680,02482,2022-05-25 18:34:16,25.53518,-103.40154,49,04,1,
4680,02482,2022-05-25 18:34:41,25.53514,-103.39815,40,04,1,
4680,02482,2022-05-25 18:35:11,25.53495,-103.39611,0,04,1,
4680,02482,2022-05-25 18:35:42,25.53481,-103.39614,0,04,1,
4680,02482,2022-05-25 18:36:12,25.53479,-103.39615,0,04,1,
4680,02482,2022-05-25 18:36:42,25.53365,-103.39615,32,04,1,
4680,02482,2022-05-25 18:37:13,25.53146,-103.39616,1,04,1,
4680,02482,2022-05-25 18:37:43,25.53093,-103.39616,8,04,1,
4680,02482,2022-05-25 18:38:13,25.52888,-103.39617,42,04,1,
4680,02482,2022-05-25 18:38:44,25.52728,-103.39619,0,04,1,
4680,02482,2022-05-25 18:39:14,25.52648,-103.39618,36,04,1,
4680,02482,2022-05-25 18:39:39,25.52432,-103.3962,1,04,1,
4680,02482,2022-05-25 18:40:10,25.52302,-103.39622,27,04,1,
4680,02482,2022-05-25 18:40:40,25.5223,-103.39622,13,04,1,
4680,02482,2022-05-25 18:41:11,25.52226,-103.39622,0,04,1,
4680,02482,2022-05-25 18:41:41,25.52207,-103.39621,18,04,1,
4680,02482,2022-05-25 18:42:11,25.5205,-103.39622,0,04,1,
4680,02482,2022-05-25 18:42:42,25.51777,-103.39617,34,04,1,
4680,02482,2022-05-25 18:43:12,25.5176,-103.39491,36,04,1,
4680,02482,2022-05-25 18:43:42,25.51766,-103.39311,41,04,1,
4680,02482,2022-05-25 18:44:13,25.51761,-103.39007,0,04,1,
4680,02482,2022-05-25 18:44:43,25.51758,-103.39008,0,04,1,
4680,02482,2022-05-25 18:45:08,25.51718,-103.39002,29,04,1,
4680,02482,2022-05-25 18:45:39,25.51554,-103.39177,28,04,1,
4680,02482,2022-05-25 18:46:09,25.51494,-103.3924,0,04,1,
4680,02482,2022-05-25 18:46:39,25.51333,-103.39414,40,04,1,
4680,02482,2022-05-25 18:47:10,25.51305,-103.39447,0,04,1,
4680,02482,2022-05-25 18:47:40,25.51306,-103.39447,0,04,1,
4680,02482,2022-05-25 18:48:10,25.5129,-103.39463,6,04,1,
4680,02482,2022-05-25 18:48:41,25.51245,-103.39509,3,04,1,
4680,02482,2022-05-25 18:48:56,25.51218,-103.39532,26,04,1,
4680,02482,2022-05-25 18:49:06,25.51151,-103.39604,40,04,1,
4680,02482,2022-05-25 18:49:11,25.51112,-103.39646,43,04,1,
4680,02482,2022-05-25 18:49:37,25.50906,-103.39868,38,04,1,
4680,02482,2022-05-25 18:49:42,25.50898,-103.39873,0,04,1,
4680,02482,2022-05-25 18:49:47,25.50898,-103.39871,5,04,1,
4680,02482,2022-05-25 18:50:12,25.50802,-103.39971,4,04,1,
4680,02482,2022-05-25 18:50:42,25.508,-103.39976,9,04,1,
4680,02482,2022-05-25 18:51:13,25.50701,-103.40097,0,04,1,
4680,02482,2022-05-25 18:51:43,25.50558,-103.40263,30,04,1,
4680,02482,2022-05-25 18:52:13,25.50501,-103.40331,20,04,1,
4680,02482,2022-05-25 18:52:44,25.50397,-103.40453,15,04,1,
4680,02482,2022-05-25 18:53:14,25.50249,-103.40581,0,04,1,
4680,02482,2022-05-25 18:53:44,25.50161,-103.40643,35,04,1,
4680,02482,2022-05-25 18:54:15,25.49881,-103.4089,60,04,1,
4680,02482,2022-05-25 18:54:45,25.49754,-103.40996,9,04,1,
4680,02482,2022-05-25 18:54:50,25.49734,-103.41007,23,04,1,
4680,02482,2022-05-25 18:55:15,25.49675,-103.41064,0,04,1,
4680,02482,2022-05-25 18:55:46,25.49583,-103.40977,31,04,1,
4680,02482,2022-05-25 18:56:16,25.49599,-103.40892,20,04,1,
4680,02482,2022-05-25 18:56:46,25.49701,-103.40769,14,04,1,
4680,02482,2022-05-25 18:57:02,25.49705,-103.40723,12,00,1,
4680,02482,2022-05-25 18:57:32,25.49668,-103.40592,31,00,1,
4680,02482,2022-05-25 18:58:03,25.49556,-103.40472,30,00,1,
4680,02482,2022-05-25 18:58:33,25.49465,-103.40359,31,00,1,
4680,02482,2022-05-25 18:59:04,25.49361,-103.40261,10,00,1,
4680,02482,2022-05-25 18:59:34,25.49251,-103.40392,2,00,1,
4680,02482,2022-05-25 19:00:05,25.49188,-103.4046,12,00,1,
4680,02482,2022-05-25 19:00:35,25.49299,-103.40596,27,00,1,
4680,02482,2022-05-25 19:01:05,25.49324,-103.4065,10,00,1,
4680,02482,2022-05-25 19:01:31,25.49277,-103.40596,0,00,1,
4680,02482,2022-05-25 19:02:01,25.49277,-103.40596,0,00,1,
4680,02482,2022-05-25 19:02:31,25.49276,-103.40595,0,00,1,
4680,02482,2022-05-25 19:03:02,25.49276,-103.40593,0,00,1,
4680,02482,2022-05-25 19:03:32,25.49276,-103.40594,0,00,1,
4680,02482,2022-05-25 19:04:02,25.49278,-103.40597,1,00,1,
4680,02483,2022-05-25 19:31:34,25.49212,-103.40784,0,04,1,
4680,02483,2022-05-25 19:31:59,25.49212,-103.40781,0,04,1,
4680,02483,2022-05-25 19:32:30,25.49262,-103.40625,4,04,1,
4680,02483,2022-05-25 19:33:00,25.49273,-103.40597,2,04,1,
4680,02483,2022-05-25 19:33:31,25.49275,-103.40595,0,04,1,
4680,02483,2022-05-25 19:34:01,25.49273,-103.406,0,04,1,
4680,02483,2022-05-25 19:34:31,25.4921,-103.40494,23,04,1,
4680,02483,2022-05-25 19:34:56,25.49202,-103.40429,0,00,1,
4680,02483,2022-05-25 19:35:22,25.49253,-103.40381,15,00,1,
4680,02483,2022-05-25 19:35:52,25.49285,-103.40317,2,00,1,
4680,02484,2022-05-25 19:36:08,25.49313,-103.40291,0,04,1,
4680,02484,2022-05-25 19:36:39,25.49423,-103.40288,37,04,1,
4680,02484,2022-05-25 19:37:09,25.49591,-103.40476,40,04,1,
4680,02484,2022-05-25 19:37:34,25.49701,-103.40596,41,04,1,
4680,02484,2022-05-25 19:38:05,25.49695,-103.4081,37,04,1,
4680,02484,2022-05-25 19:38:35,25.49566,-103.40933,12,04,1,
4680,02484,2022-05-25 19:39:05,25.49746,-103.40974,26,04,1,
4680,02484,2022-05-25 19:39:36,25.49983,-103.40797,55,04,1,
4680,02484,2022-05-25 19:40:06,25.50293,-103.4052,42,04,1,
4680,02484,2022-05-25 19:40:36,25.50502,-103.403,40,04,1,
4680,02484,2022-05-25 19:41:07,25.50611,-103.40168,26,04,1,
4680,02484,2022-05-25 19:41:37,25.50704,-103.40054,30,04,1,
4680,02484,2022-05-25 19:42:07,25.50751,-103.39999,0,04,1,
4680,02484,2022-05-25 19:42:38,25.50845,-103.39894,3,04,1,
4680,02484,2022-05-25 19:43:03,25.50924,-103.39817,42,04,1,
4680,02484,2022-05-25 19:43:33,25.5109,-103.39644,43,04,1,
4680,02484,2022-05-25 19:44:04,25.51274,-103.39447,0,04,1,
4680,02484,2022-05-25 19:44:34,25.51304,-103.39419,1,04,1,
4680,02484,2022-05-25 19:45:04,25.51488,-103.39403,46,04,1,
4680,02484,2022-05-25 19:45:35,25.51675,-103.39401,23,04,1,
4680,02484,2022-05-25 19:46:05,25.51752,-103.39401,1,04,1,
4680,02484,2022-05-25 19:46:35,25.51752,-103.394,0,04,1,
4680,02484,2022-05-25 19:47:06,25.51843,-103.39401,37,04,1,
4680,02484,2022-05-25 19:47:36,25.52099,-103.394,36,04,1,
4680,02484,2022-05-25 19:48:04,25.52236,-103.39398,14,04,1,
4680,02484,2022-05-25 19:48:32,25.52371,-103.39396,40,04,1,
4680,02484,2022-05-25 19:49:02,25.52684,-103.39394,24,04,1,
4680,02484,2022-05-25 19:49:33,25.53002,-103.39392,47,04,1,
4680,02484,2022-05-25 19:50:03,25.5324,-103.3939,38,04,1,
4680,02484,2022-05-25 19:50:33,25.53394,-103.39383,0,04,1,
4680,02484,2022-05-25 19:51:04,25.53466,-103.39382,14,04,1,
4680,02484,2022-05-25 19:51:34,25.53474,-103.39382,0,04,1,
4680,02484,2022-05-25 19:52:04,25.53474,-103.39383,0,04,1,
4680,02484,2022-05-25 19:52:34,25.53539,-103.39478,28,04,1,
4680,02484,2022-05-25 19:53:00,25.5354,-103.39718,43,04,0,
4680,02484,2022-05-25 19:53:05,25.5354,-103.39786,50,04,1,
4680,02484,2022-05-25 19:53:30,25.53542,-103.4012,44,04,1,
4680,02484,2022-05-25 19:54:00,25.53541,-103.40355,29,04,1,
4680,02484,2022-05-25 19:54:10,25.5355,-103.4046,28,04,1,
4680,02484,2022-05-25 19:54:36,25.53552,-103.40493,0,04,1,
4680,02484,2022-05-25 19:55:06,25.5355,-103.40498,1,04,1,
4680,02484,2022-05-25 19:55:37,25.53562,-103.40738,3,04,1,
4680,02484,2022-05-25 19:56:07,25.5356,-103.40963,40,04,1,
4680,02484,2022-05-25 19:56:32,25.53562,-103.41203,33,04,1,
4680,02484,2022-05-25 19:57:03,25.53565,-103.4139,4,04,1,
4680,02484,2022-05-25 19:57:33,25.53564,-103.41542,19,04,1,
4680,02484,2022-05-25 19:58:03,25.53563,-103.41783,17,04,1,
4680,02484,2022-05-25 19:58:29,25.53567,-103.41799,4,04,1,
4680,02484,2022-05-25 19:58:59,25.53562,-103.41964,23,04,1,
4680,02484,2022-05-25 19:59:30,25.53557,-103.42152,28,04,1,
4680,02484,2022-05-25 20:00:05,0,0,0,04,0,
4680,02484,2022-05-25 20:00:15,25.53524,-103.42279,6,04,1,
4680,02484,2022-05-25 20:00:35,25.53586,-103.42346,36,04,1,
4680,02484,2022-05-25 20:01:00,25.53569,-103.42686,50,04,1,
4680,02484,2022-05-25 20:01:31,25.53572,-103.4287,0,04,1,
4680,02484,2022-05-25 20:02:01,25.53574,-103.4287,2,04,1,
4680,02484,2022-05-25 20:02:31,25.53578,-103.43137,44,04,1,
4680,02484,2022-05-25 20:02:57,25.53578,-103.43367,0,04,1,
4680,02484,2022-05-25 20:03:27,25.53579,-103.43399,0,04,1,
4680,02484,2022-05-25 20:03:57,25.53575,-103.43513,36,04,1,
4680,02484,2022-05-25 20:04:28,25.5358,-103.43725,41,04,1,
4680,02484,2022-05-25 20:04:58,25.53581,-103.44133,46,04,1,
4680,02484,2022-05-25 20:05:28,25.53585,-103.44509,22,04,1,
4680,02484,2022-05-25 20:05:59,25.53588,-103.44522,0,04,1,
4680,02484,2022-05-25 20:06:29,25.53585,-103.44677,31,04,1,
4680,02484,2022-05-25 20:06:59,25.53585,-103.44849,0,04,1,
4680,02484,2022-05-25 20:07:30,25.53582,-103.44846,0,04,1,
4680,02484,2022-05-25 20:08:00,25.53584,-103.44846,1,04,1,
4680,02484,2022-05-25 20:08:25,25.53588,-103.45067,43,04,1,
4680,02484,2022-05-25 20:08:56,25.53584,-103.45436,41,04,1,
4680,02484,2022-05-25 20:09:21,25.5359,-103.45736,42,04,1,
4680,02484,2022-05-25 20:09:51,25.53594,-103.45885,34,04,1,
4680,02484,2022-05-25 20:10:22,25.5359,-103.46006,0,04,1,
4680,02484,2022-05-25 20:10:52,25.53592,-103.46009,2,04,1,
4680,02484,2022-05-25 20:11:22,25.53557,-103.46213,1,04,1,
4680,02484,2022-05-25 20:11:53,25.53515,-103.46385,29,04,1,
4680,02484,2022-05-25 20:12:23,25.53528,-103.46522,16,04,1,
4680,02484,2022-05-25 20:12:53,25.53675,-103.46555,24,04,1,
4680,02484,2022-05-25 20:13:24,25.53968,-103.46634,40,04,1,
4680,02484,2022-05-25 20:13:54,25.54004,-103.46647,0,04,1,
4680,02484,2022-05-25 20:14:24,25.54002,-103.46645,0,04,1,
4680,02484,2022-05-25 20:14:49,25.54084,-103.46669,34,04,1,
4680,02484,2022-05-25 20:15:20,25.54127,-103.4668,0,04,1,
4680,02484,2022-05-25 20:15:50,25.54159,-103.46735,1,04,1,
4680,02484,2022-05-25 20:16:20,25.54158,-103.46733,0,04,1,
4680,02484,2022-05-25 20:16:51,25.54158,-103.46742,0,04,1,
4680,02484,2022-05-25 20:17:21,25.5415,-103.46772,11,04,1,
4680,02484,2022-05-25 20:17:41,25.54102,-103.46782,22,04,1,
4680,02484,2022-05-25 20:18:07,25.54063,-103.46764,0,04,1,
4680,02484,2022-05-25 20:18:37,25.54018,-103.46753,15,04,1,
4680,02484,2022-05-25 20:19:07,25.53999,-103.46753,0,04,1,
4680,02484,2022-05-25 20:19:38,25.53999,-103.46752,0,04,1,
4680,02484,2022-05-25 20:20:08,25.53999,-103.46753,0,04,1,
4680,02484,2022-05-25 20:20:38,25.5392,-103.46732,23,04,1,
4680,02484,2022-05-25 20:21:09,25.5378,-103.46695,23,04,1,
4680,02484,2022-05-25 20:21:39,25.53646,-103.46657,2,04,1,
4680,02484,2022-05-25 20:22:09,25.53645,-103.46655,1,04,1,
4680,02484,2022-05-25 20:22:40,25.53643,-103.4666,0,04,1,
4680,02484,2022-05-25 20:23:10,25.53557,-103.46632,20,04,1,
4680,02484,2022-05-25 20:23:35,25.53513,-103.46605,9,04,1,
4680,02484,2022-05-25 20:24:06,25.53479,-103.46561,9,04,1,
4680,02484,2022-05-25 20:24:36,25.53528,-103.46277,43,04,1,
4680,02484,2022-05-25 20:25:06,25.53573,-103.46073,21,04,1,
4680,02484,2022-05-25 20:25:37,25.5358,-103.45799,35,04,1,
4680,02484,2022-05-25 20:26:07,25.53581,-103.45734,15,04,1,
4680,02484,2022-05-25 20:26:37,25.53577,-103.45448,36,04,1,
4680,02484,2022-05-25 20:26:48,25.53575,-103.45328,36,04,1,
4680,02484,2022-05-25 20:27:13,25.53577,-103.45241,25,04,1,
4680,02484,2022-05-25 20:27:43,25.53571,-103.44944,23,04,1,
4680,02484,2022-05-25 20:28:13,25.53571,-103.44911,8,04,1,
4680,02484,2022-05-25 20:28:44,25.53573,-103.44738,27,04,1,
4680,02484,2022-05-25 20:29:14,25.53572,-103.44578,0,04,1,
4680,02484,2022-05-25 20:29:45,25.53573,-103.44577,0,04,1,
4680,02484,2022-05-25 20:30:15,25.53572,-103.44571,2,04,1,
4680,02484,2022-05-25 20:30:45,25.53568,-103.44335,36,04,1,
4680,02484,2022-05-25 20:31:16,25.53568,-103.44244,0,04,1,
4680,02484,2022-05-25 20:31:46,25.53566,-103.4424,0,04,1,
4680,02484,2022-05-25 20:32:12,25.53565,-103.44239,0,04,1,
4680,02484,2022-05-25 20:32:42,25.53567,-103.44181,28,04,1,
4680,02484,2022-05-25 20:33:12,25.53564,-103.43865,39,04,1,
4680,02484,2022-05-25 20:33:43,25.53562,-103.43661,0,04,1,
4680,02484,2022-05-25 20:34:13,25.53564,-103.43636,15,04,1,
4680,02484,2022-05-25 20:34:43,25.5356,-103.43441,0,04,1,
4680,02484,2022-05-25 20:35:14,25.53559,-103.43443,0,04,1,
4680,02484,2022-05-25 20:35:44,25.53556,-103.43411,18,04,1,
4680,02484,2022-05-25 20:36:14,25.53564,-103.43242,41,04,1,
4680,02484,2022-05-25 20:36:45,25.53564,-103.42945,0,04,1,
4680,02484,2022-05-25 20:37:10,25.5357,-103.42937,16,04,1,
4680,02484,2022-05-25 20:37:40,25.53562,-103.42587,48,04,1,
4680,02484,2022-05-25 20:38:06,25.53557,-103.42269,33,04,1,
4680,02484,2022-05-25 20:38:36,25.53559,-103.4221,0,04,1,
4680,02484,2022-05-25 20:39:01,25.53555,-103.42102,28,04,1,
4680,02484,2022-05-25 20:39:06,25.53552,-103.42068,20,04,1,
4680,02484,2022-05-25 20:39:32,25.53555,-103.42042,9,04,1,
4680,02484,2022-05-25 20:40:02,25.53556,-103.41876,7,04,1,
4680,02484,2022-05-25 20:40:32,25.53552,-103.41873,0,04,1,
4680,02484,2022-05-25 20:41:03,25.53552,-103.41791,36,04,1,
4680,02484,2022-05-25 20:41:33,25.53552,-103.41571,0,04,1,
4680,02484,2022-05-25 20:42:03,25.53553,-103.41551,0,04,1,
4680,02484,2022-05-25 20:42:33,25.53552,-103.4155,0,04,1,
4680,02484,2022-05-25 20:43:04,25.53554,-103.41404,42,04,1,
4680,02484,2022-05-25 20:43:34,25.53551,-103.41087,0,04,1,
4680,02484,2022-05-25 20:44:05,25.53541,-103.40859,49,04,1,
4680,02484,2022-05-25 20:44:35,25.53537,-103.4068,14,04,1,
4680,02484,2022-05-25 20:45:00,25.53536,-103.40665,0,04,1,
4680,02484,2022-05-25 20:45:31,25.53532,-103.40515,45,04,1,
4680,02484,2022-05-25 20:45:56,25.53519,-103.40306,15,04,1,
4680,02484,2022-05-25 20:46:11,25.53519,-103.40177,44,04,1,
4680,02484,2022-05-25 20:46:21,25.53518,-103.40031,55,04,1,
4680,02484,2022-05-25 20:46:47,25.53514,-103.39856,30,04,1,
4680,02484,2022-05-25 20:47:17,25.53512,-103.39643,0,04,1,
4680,02484,2022-05-25 20:47:48,25.53477,-103.39611,0,04,1,
4680,02484,2022-05-25 20:48:18,25.53477,-103.39611,0,04,1,
4680,02484,2022-05-25 20:48:48,25.53476,-103.39612,0,04,1,
4680,02484,2022-05-25 20:49:18,25.53475,-103.3961,0,04,1,
4680,02484,2022-05-25 20:49:49,25.53344,-103.39609,18,04,1,
4680,02484,2022-05-25 20:50:19,25.53039,-103.3961,46,04,1,
4680,02484,2022-05-25 20:50:49,25.52893,-103.39613,20,04,1,
4680,02484,2022-05-25 20:51:20,25.52727,-103.39615,35,04,1,
4680,02484,2022-05-25 20:51:50,25.52542,-103.39618,7,04,1,
4680,02484,2022-05-25 20:52:15,25.52348,-103.39618,15,04,1,
4680,02484,2022-05-25 20:52:46,25.52231,-103.39621,14,04,1,
4680,02484,2022-05-25 20:53:16,25.52215,-103.39623,14,04,1,
4680,02484,2022-05-25 20:53:47,25.52015,-103.39622,39,04,1,
4680,02484,2022-05-25 20:54:17,25.51759,-103.39586,5,04,1,
4680,02484,2022-05-25 20:54:47,25.51761,-103.39411,42,04,1,
4680,02484,2022-05-25 20:55:18,25.51758,-103.39005,24,04,1,
4680,02484,2022-05-25 20:55:48,25.51757,-103.38985,0,04,1,
4680,02484,2022-05-25 20:56:18,25.51758,-103.38985,0,04,1,
4680,02484,2022-05-25 20:56:49,25.51758,-103.38977,11,04,1,
4680,02484,2022-05-25 20:57:14,25.51626,-103.39101,43,04,1,
4680,02484,2022-05-25 20:57:44,25.5137,-103.39379,32,04,1,
4680,02484,2022-05-25 20:58:15,25.51307,-103.39446,0,04,1,
4680,02484,2022-05-25 20:58:45,25.51308,-103.39442,0,04,1,
4680,02484,2022-05-25 20:59:15,25.51308,-103.39446,0,04,1,
4680,02484,2022-05-25 20:59:46,25.51306,-103.39449,1,04,1,
4680,02484,2022-05-25 21:00:16,25.51267,-103.39476,0,04,1,
4680,02484,2022-05-25 21:00:46,25.51268,-103.39478,0,04,1,
4680,02484,2022-05-25 21:01:17,25.51269,-103.39479,1,04,1,
4680,02484,2022-05-25 21:01:47,25.512,-103.394,0,04,1,
4680,02484,2022-05-25 21:02:13,25.5116,-103.39341,26,04,1,
4680,02484,2022-05-25 21:02:43,25.51047,-103.39168,32,04,1,
4680,02484,2022-05-25 21:03:13,25.50926,-103.38979,29,04,1,
4680,02484,2022-05-25 21:03:44,25.50872,-103.38888,15,04,1,
4680,02484,2022-05-25 21:04:14,25.508,-103.38784,18,04,1,
4680,02484,2022-05-25 21:04:44,25.50765,-103.38724,5,04,1,
4680,02484,2022-05-25 21:05:15,25.50727,-103.38661,18,04,1,
4680,02484,2022-05-25 21:05:45,25.50668,-103.38566,0,04,1,
4680,02484,2022-05-25 21:06:15,25.50668,-103.38566,0,04,1,
4680,02484,2022-05-25 21:06:46,25.50757,-103.38432,32,04,1,
4680,02484,2022-05-25 21:07:16,25.50927,-103.38293,0,04,1,
4680,02484,2022-05-25 21:07:41,25.50884,-103.38223,0,04,1,
4680,02484,2022-05-25 21:08:12,25.50845,-103.38161,24,04,1,
4680,02484,2022-05-25 21:08:42,25.50762,-103.38034,27,04,1,
4680,02484,2022-05-25 21:09:12,25.5066,-103.38054,34,04,1,
4680,02484,2022-05-25 21:09:43,25.50514,-103.38167,31,04,1,
4680,02484,2022-05-25 21:10:13,25.50452,-103.3821,5,04,1,
4680,02484,2022-05-25 21:10:43,25.50392,-103.38088,29,04,1,
4680,02484,2022-05-25 21:11:14,25.50239,-103.38148,2,04,1,
4680,02484,2022-05-25 21:11:44,25.50132,-103.3823,37,04,1,
4680,02484,2022-05-25 21:12:14,25.50144,-103.3833,33,04,1,
4680,02484,2022-05-25 21:12:40,25.50206,-103.38424,3,04,1,
4680,02484,2022-05-25 21:13:10,25.50256,-103.38503,26,04,1,
4680,02484,2022-05-25 21:13:40,25.50291,-103.38565,8,04,1,
4680,02484,2022-05-25 21:14:11,25.50195,-103.38641,9,04,1,
4680,02484,2022-05-25 21:14:26,25.50146,-103.38682,19,00,1,
4680,02484,2022-05-25 21:14:57,25.50101,-103.38649,5,00,1,
4680,02484,2022-05-25 21:15:27,25.49989,-103.38443,32,00,1,
4680,02484,2022-05-25 21:15:52,25.49918,-103.38394,6,00,1,
4680,02484,2022-05-25 21:16:23,25.49916,-103.38398,0,00,1,
4680,02484,2022-05-25 21:16:53,25.49841,-103.38304,0,00,1,
4680,02484,2022-05-25 21:17:23,25.49727,-103.38102,41,00,1,
4680,02484,2022-05-25 21:17:54,25.4965,-103.38038,0,00,1,
4680,02484,2022-05-25 21:18:24,25.49643,-103.38078,21,00,1,
4680,02484,2022-05-25 21:18:54,25.49636,-103.38134,0,00,1,
4680,02484,2022-05-25 21:19:25,25.49635,-103.38132,0,00,1,
4680,02484,2022-05-25 21:19:55,25.49635,-103.38131,0,00,1,
4680,02484,2022-05-25 21:20:25,25.49634,-103.3813,0,00,1,
4680,02484,2022-05-25 21:20:56,25.49633,-103.38129,0,00,1,
4680,02484,2022-05-25 21:21:21,25.49633,-103.38128,0,00,1,
4680,02485,2022-05-25 21:39:36,25.50601,-103.4052,0,04,0,
4680,02485,2022-05-25 21:39:41,25.50597,-103.40511,0,00,0,
4680,02485,2022-05-25 21:39:52,25.49611,-103.37991,0,00,1,
4680,02485,2022-05-25 21:40:17,25.49616,-103.37996,0,00,1,
4680,02485,2022-05-25 21:40:48,25.49617,-103.38,0,00,1,
4680,02485,2022-05-25 21:41:19,25.49629,-103.37953,5,00,1,
4680,02485,2022-05-25 21:41:44,25.49675,-103.37985,13,00,1,
4680,02486,2022-05-25 21:41:54,25.49682,-103.37997,1,04,1,
4680,02486,2022-05-25 21:42:25,25.49721,-103.38069,29,04,1,
4680,02486,2022-05-25 21:42:55,25.49873,-103.38338,42,04,1,
4680,02486,2022-05-25 21:43:25,25.50043,-103.3864,44,04,1,
4680,02486,2022-05-25 21:43:56,25.50207,-103.38947,39,04,1,
4680,02486,2022-05-25 21:44:26,25.50339,-103.39147,21,04,1,
4680,02486,2022-05-25 21:44:51,25.5046,-103.39044,24,04,1,
4680,02486,2022-05-25 21:45:22,25.50522,-103.3892,26,04,1,
4680,02486,2022-05-25 21:45:52,25.5043,-103.38778,26,04,1,
4680,02486,2022-05-25 21:46:22,25.50386,-103.3872,1,04,1,
4680,02486,2022-05-25 21:46:53,25.50341,-103.38643,0,04,1,
4680,02486,2022-05-25 21:47:23,25.50249,-103.38496,32,04,1,
4680,02486,2022-05-25 21:47:54,25.50155,-103.38352,31,04,1,
4680,02486,2022-05-25 21:48:04,25.50107,-103.38279,27,04,1,
4680,02486,2022-05-25 21:48:29,25.50161,-103.38192,37,04,1,
4680,02486,2022-05-25 21:48:59,25.50293,-103.38095,29,04,1,
4680,02486,2022-05-25 21:49:30,25.50395,-103.38053,11,04,1,
4680,02486,2022-05-25 21:50:00,25.50461,-103.38202,7,04,1,
4680,02486,2022-05-25 21:50:30,25.50593,-103.38098,13,04,1,
4680,02486,2022-05-25 21:51:01,25.50746,-103.38005,17,04,1,
4680,02486,2022-05-25 21:51:36,25.50885,-103.38223,29,04,1,
4680,02486,2022-05-25 21:52:01,25.50914,-103.38339,27,04,1,
4680,02486,2022-05-25 21:52:32,25.5067,-103.38526,22,04,1,
4680,02486,2022-05-25 21:53:02,25.50666,-103.38531,2,04,1,
4680,02486,2022-05-25 21:53:32,25.50777,-103.3872,33,04,1,
4680,02486,2022-05-25 21:54:03,25.50831,-103.38804,10,04,1,
4680,02486,2022-05-25 21:54:33,25.50946,-103.38987,20,04,1,
4680,02486,2022-05-25 21:55:03,25.51043,-103.39139,39,04,1,
4680,02486,2022-05-25 21:55:34,25.51197,-103.3938,50,04,1,
4680,02486,2022-05-25 21:56:04,25.51274,-103.39447,9,04,1,
4680,02486,2022-05-25 21:56:35,25.51436,-103.39404,20,04,1,
4680,02486,2022-05-25 21:57:00,25.51451,-103.39404,0,04,1,
4680,02486,2022-05-25 21:57:30,25.51469,-103.39403,19,04,1,
4680,02486,2022-05-25 21:58:00,25.5165,-103.39403,36,04,1,
4680,02486,2022-05-25 21:58:31,25.51822,-103.39401,0,04,1,
4680,02486,2022-05-25 21:59:01,25.52018,-103.394,17,04,1,
4680,02486,2022-05-25 21:59:31,25.52206,-103.39398,16,04,1,
4680,02486,2022-05-25 22:00:02,25.52404,-103.39397,11,04,1,
4680,02486,2022-05-25 22:00:32,25.52634,-103.39396,33,04,1,
4680,02486,2022-05-25 22:01:02,25.52778,-103.39392,36,04,1,
4680,02486,2022-05-25 22:01:33,25.53116,-103.39389,37,04,1,
4680,02486,2022-05-25 22:02:03,25.53348,-103.39381,39,04,1,
4680,02486,2022-05-25 22:02:29,25.53419,-103.39382,12,04,1,
4680,02486,2022-05-25 22:02:59,25.53489,-103.39382,0,04,1,
4680,02486,2022-05-25 22:03:29,25.53488,-103.39382,0,04,1,
4680,02486,2022-05-25 22:03:59,25.53537,-103.39437,32,04,1,
4680,02486,2022-05-25 22:04:30,25.53541,-103.39585,20,04,1,
4680,02486,2022-05-25 22:05:00,25.53538,-103.39892,39,04,1,
4680,02486,2022-05-25 22:05:30,25.53539,-103.40052,39,04,1,
4680,02486,2022-05-25 22:05:46,25.5354,-103.40226,32,04,1,
4680,02486,2022-05-25 22:06:06,25.53541,-103.40315,25,04,1,
4680,02486,2022-05-25 22:06:31,25.53547,-103.40449,0,04,1,
4680,02486,2022-05-25 22:07:01,25.53548,-103.40481,22,04,1,
4680,02486,2022-05-25 22:07:32,25.53561,-103.40693,1,04,1,
4680,02486,2022-05-25 22:08:02,25.53563,-103.40898,32,04,1,
4680,02486,2022-05-25 22:08:32,25.53564,-103.41167,29,04,1,
4680,02486,2022-05-25 22:09:03,25.53566,-103.4148,35,04,1,
4680,02486,2022-05-25 22:09:33,25.53567,-103.41746,24,04,1,
4680,02486,2022-05-25 22:10:03,25.53567,-103.41798,10,04,1,
4680,02486,2022-05-25 22:10:34,25.53569,-103.41956,10,04,1,
4680,02486,2022-05-25 22:11:04,25.53571,-103.42078,23,04,1,
4680,02486,2022-05-25 22:11:34,25.53567,-103.4219,1,04,1,
4680,02486,2022-05-25 22:12:00,25.53566,-103.42213,13,04,1,
4680,02486,2022-05-25 22:12:30,25.53571,-103.42494,39,04,1,
4680,02486,2022-05-25 22:13:00,25.53572,-103.4263,11,04,1,
4680,02486,2022-05-25 22:13:21,25.53573,-103.42805,34,04,1,
4680,02486,2022-05-25 22:13:41,25.53574,-103.42914,20,04,1,
4680,02486,2022-05-25 22:14:06,25.53576,-103.43112,0,04,1,
4680,02486,2022-05-25 22:14:36,25.53576,-103.43272,30,04,1,
4680,02486,2022-05-25 22:15:07,25.53575,-103.43411,4,04,1,
4680,02486,2022-05-25 22:15:37,25.53581,-103.43586,11,04,1,
4680,02486,2022-05-25 22:16:07,25.53577,-103.43616,7,04,1,
4680,02486,2022-05-25 22:16:38,25.53582,-103.43865,38,04,1,
4680,02486,2022-05-25 22:17:08,25.53584,-103.442,29,04,1,
4680,02486,2022-05-25 22:17:39,25.53584,-103.44212,0,04,1,
4680,02486,2022-05-25 22:18:09,25.53587,-103.44227,17,04,1,
4680,02486,2022-05-25 22:18:39,25.53586,-103.44518,28,04,1,
4680,02486,2022-05-25 22:19:04,25.53585,-103.44623,35,04,1,
4680,02486,2022-05-25 22:19:35,25.53586,-103.44778,0,04,1,
4680,02486,2022-05-25 22:20:05,25.53587,-103.44773,0,04,1,
4680,02486,2022-05-25 22:20:36,25.53589,-103.44967,36,04,1,
4680,02486,2022-05-25 22:21:06,25.5359,-103.4514,28,04,1,
4680,02486,2022-05-25 22:21:36,25.53586,-103.45264,0,04,1,
4680,02486,2022-05-25 22:22:07,25.53586,-103.45284,20,04,1,
4680,02486,2022-05-25 22:22:37,25.53589,-103.45499,22,04,1,
4680,02486,2022-05-25 22:23:07,25.53593,-103.45778,20,04,1,
4680,02486,2022-05-25 22:23:38,25.53598,-103.45865,23,04,1,
4680,02486,2022-05-25 22:24:03,25.53591,-103.46,2,04,1,
4680,02486,2022-05-25 22:24:34,25.53591,-103.46004,0,04,1,
4680,02486,2022-05-25 22:25:04,25.5359,-103.4607,27,04,1,
4680,02486,2022-05-25 22:25:35,25.53528,-103.4634,41,04,1,
4680,02486,2022-05-25 22:26:05,25.53518,-103.46513,0,04,1,
4680,02486,2022-05-25 22:26:36,25.53644,-103.46542,25,04,1,
4680,02486,2022-05-25 22:27:06,25.53754,-103.46572,35,04,1,
4680,02486,2022-05-25 22:27:36,25.5399,-103.4664,0,04,1,
4680,02486,2022-05-25 22:28:07,25.5399,-103.46643,0,04,1,
4680,02486,2022-05-25 22:28:32,25.53991,-103.46646,0,04,1,
4680,02486,2022-05-25 22:29:02,25.54125,-103.46682,2,04,1,
4680,02486,2022-05-25 22:29:33,25.54151,-103.46689,21,04,1,
4680,02486,2022-05-25 22:30:03,25.54161,-103.46738,0,04,1,
4680,02486,2022-05-25 22:30:34,25.54159,-103.46736,0,04,1,
4680,02486,2022-05-25 22:31:04,25.54155,-103.46735,0,04,1,
4680,02486,2022-05-25 22:31:34,25.54148,-103.46774,12,04,1,
4680,02486,2022-05-25 22:32:05,25.54027,-103.46762,0,04,1,
4680,02486,2022-05-25 22:32:35,25.54001,-103.46752,12,04,1,
4680,02486,2022-05-25 22:33:01,25.53835,-103.46707,25,04,1,
4680,02486,2022-05-25 22:33:31,25.53733,-103.46679,0,04,1,
4680,02486,2022-05-25 22:34:01,25.53732,-103.46678,0,04,1,
4680,02486,2022-05-25 22:34:32,25.53727,-103.46678,0,04,1,
4680,02486,2022-05-25 22:35:02,25.53695,-103.46668,0,04,1,
4680,02486,2022-05-25 22:35:32,25.5364,-103.46654,0,04,1,
4680,02486,2022-05-25 22:36:03,25.53632,-103.46653,0,04,1,
4680,02486,2022-05-25 22:36:33,25.53633,-103.46654,0,04,1,
4680,02486,2022-05-25 22:37:04,25.53571,-103.46633,29,04,1,
4680,02486,2022-05-25 22:37:34,25.53508,-103.46594,7,04,1,
4680,02486,2022-05-25 22:37:59,25.53495,-103.4658,1,04,1,
4680,02486,2022-05-25 22:38:30,25.53506,-103.46384,49,04,1,
4680,02486,2022-05-25 22:39:00,25.5357,-103.46087,0,04,1,
4680,02486,2022-05-25 22:39:30,25.53578,-103.45912,4,04,1,
4680,02486,2022-05-25 22:40:01,25.53576,-103.45784,0,04,1,
4680,02486,2022-05-25 22:40:31,25.53581,-103.45568,47,04,1,
4680,02486,2022-05-25 22:41:02,25.53575,-103.45296,4,04,1,
4680,02486,2022-05-25 22:41:32,25.53574,-103.44978,34,04,1,
4680,02486,2022-05-25 22:42:02,25.53572,-103.44947,0,04,1,
4680,02486,2022-05-25 22:42:33,25.53571,-103.44902,10,04,1,
4680,02486,2022-05-25 22:43:01,25.5357,-103.4489,0,04,1,
4680,02486,2022-05-25 22:43:28,25.53571,-103.44888,0,04,1,
4680,02486,2022-05-25 22:43:59,25.53571,-103.44885,0,04,1,
4680,02486,2022-05-25 22:44:29,25.53571,-103.4472,32,04,1,
4680,02486,2022-05-25 22:44:59,25.5357,-103.4455,17,04,1,
4680,02486,2022-05-25 22:45:30,25.53569,-103.44287,0,04,1,
4680,02486,2022-05-25 22:46:00,25.53569,-103.44256,8,04,1,
4680,02486,2022-05-25 22:46:30,25.5357,-103.44241,4,04,1,
4680,02486,2022-05-25 22:47:01,25.53568,-103.43915,52,04,1,
4680,02486,2022-05-25 22:47:31,25.53564,-103.43652,0,04,1,
4680,02486,2022-05-25 22:48:02,25.53563,-103.43571,0,04,1,
4680,02486,2022-05-25 22:48:27,25.53558,-103.43571,0,04,1,
4680,02486,2022-05-25 22:48:57,25.53557,-103.43547,22,04,1,
4680,02486,2022-05-25 22:49:28,25.53559,-103.43383,7,04,1,
4680,02486,2022-05-25 22:49:58,25.5356,-103.4309,46,04,1,
4680,02486,2022-05-25 22:50:28,25.5356,-103.42932,11,04,1,
4680,02486,2022-05-25 22:50:44,25.53559,-103.42817,36,04,1,
4680,02486,2022-05-25 22:50:54,25.53556,-103.42702,43,04,1,
4680,02486,2022-05-25 22:50:59,25.53556,-103.42639,43,04,1,
4680,02486,2022-05-25 22:51:24,25.53555,-103.42415,0,04,1,
4680,02486,2022-05-25 22:51:54,25.53555,-103.42278,4,04,1,
4680,02486,2022-05-25 22:52:25,25.53561,-103.42209,2,04,1,
4680,02486,2022-05-25 22:52:50,25.53555,-103.42106,13,04,1,
4680,02486,2022-05-25 22:53:26,25.53557,-103.41994,19,04,1,
4680,02486,2022-05-25 22:53:51,25.53552,-103.41899,0,04,1,
4680,02486,2022-05-25 22:54:21,25.53551,-103.41829,31,04,1,
4680,02486,2022-05-25 22:54:52,25.53549,-103.41564,0,04,1,
4680,02486,2022-05-25 22:55:22,25.53548,-103.41565,0,04,1,
4680,02486,2022-05-25 22:55:52,25.53548,-103.41565,0,04,1,
4680,02486,2022-05-25 22:56:23,25.53547,-103.41393,35,04,1,
4680,02486,2022-05-25 22:56:53,25.53546,-103.41049,44,04,1,
4680,02486,2022-05-25 22:57:24,25.53529,-103.40727,0,04,1,
4680,02486,2022-05-25 22:57:54,25.53534,-103.40685,21,04,1,
4680,02486,2022-05-25 22:58:24,25.53534,-103.40656,6,04,1,
4680,02486,2022-05-25 22:58:50,25.53526,-103.40418,48,04,1,
4680,02486,2022-05-25 22:59:00,25.53519,-103.40291,48,04,1,
4680,02486,2022-05-25 22:59:10,25.5352,-103.40144,51,04,1,
4680,02486,2022-05-25 22:59:36,25.53512,-103.39744,45,04,1,
4680,02486,2022-05-25 23:00:06,25.53476,-103.3961,0,04,1,
4680,02486,2022-05-25 23:00:36,25.53478,-103.39613,0,04,1,
4680,02486,2022-05-25 23:01:07,25.53477,-103.39613,0,04,1,
4680,02486,2022-05-25 23:01:37,25.53473,-103.39612,1,04,1,
4680,02486,2022-05-25 23:02:08,25.53264,-103.3961,41,04,1,
4680,02486,2022-05-25 23:02:38,25.53081,-103.39613,29,04,1,
4680,02486,2022-05-25 23:03:08,25.52911,-103.39614,8,04,1,
4680,02486,2022-05-25 23:03:39,25.52754,-103.39615,22,04,1,
4680,02486,2022-05-25 23:04:04,25.52733,-103.39614,15,04,1,
4680,02486,2022-05-25 23:04:35,25.52441,-103.39617,18,04,1,
4680,02486,2022-05-25 23:05:05,25.52323,-103.39618,23,04,1,
4680,02486,2022-05-25 23:05:35,25.52118,-103.39619,17,04,1,
4680,02486,2022-05-25 23:06:06,25.52008,-103.39616,32,04,1,
4680,02486,2022-05-25 23:06:36,25.51845,-103.39615,0,04,1,
4680,02486,2022-05-25 23:07:07,25.51759,-103.39582,1,04,1,
4680,02486,2022-05-25 23:07:37,25.51756,-103.39431,22,04,1,
4680,02486,2022-05-25 23:08:07,25.51758,-103.392,18,04,1,
4680,02486,2022-05-25 23:08:38,25.51754,-103.39,0,04,1,
4680,02486,2022-05-25 23:09:03,25.51739,-103.38966,15,04,1,
4680,02486,2022-05-25 23:09:33,25.51568,-103.39158,41,04,1,
4680,02486,2022-05-25 23:10:04,25.51491,-103.39242,0,04,1,
4680,02486,2022-05-25 23:10:34,25.51427,-103.39309,39,04,1,
4680,02486,2022-05-25 23:11:05,25.51303,-103.39446,0,04,1,
4680,02486,2022-05-25 23:11:35,25.51182,-103.3957,32,04,1,
4680,02486,2022-05-25 23:12:05,25.51074,-103.39684,36,04,1,
4680,02486,2022-05-25 23:12:36,25.50885,-103.39881,0,04,1,
4680,02486,2022-05-25 23:13:06,25.50763,-103.4001,16,04,1,
4680,02486,2022-05-25 23:13:32,25.50709,-103.40078,23,04,1,
4680,02486,2022-05-25 23:14:02,25.50592,-103.40218,13,04,1,
4680,02486,2022-05-25 23:14:32,25.50492,-103.40339,10,04,1,
4680,02486,2022-05-25 23:15:03,25.50428,-103.40415,19,04,1,
4680,02486,2022-05-25 23:15:33,25.50368,-103.40482,8,04,1,
4680,02486,2022-05-25 23:16:03,25.50247,-103.40575,9,04,1,
4680,02486,2022-05-25 23:16:34,25.50046,-103.40744,39,04,1,
4680,02486,2022-05-25 23:17:04,25.49762,-103.40987,13,04,1,
4680,02486,2022-05-25 23:17:35,25.49753,-103.4099,13,04,1,
4680,02486,2022-05-25 23:18:05,25.49669,-103.41061,0,04,1,
4680,02486,2022-05-25 23:18:30,25.49671,-103.41061,0,04,1,
4680,02486,2022-05-25 23:19:01,25.49665,-103.41065,12,04,1,
4680,02486,2022-05-25 23:19:31,25.49579,-103.40971,28,04,1,
4680,02486,2022-05-25 23:20:02,25.49558,-103.40939,4,04,1,
4680,02486,2022-05-25 23:20:32,25.49638,-103.40854,1,04,1,
4680,02486,2022-05-25 23:21:03,25.49704,-103.40652,30,04,1,
4680,02486,2022-05-25 23:21:33,25.49599,-103.40515,10,04,1,
4680,02486,2022-05-25 23:22:04,25.49478,-103.40374,0,04,1,
4680,02486,2022-05-25 23:22:34,25.49413,-103.40306,8,04,1,
4680,02486,2022-05-25 23:22:59,25.49341,-103.40282,22,04,1,
4680,02486,2022-05-25 23:23:14,25.49313,-103.40317,13,00,1,
4680,02486,2022-05-25 23:23:45,25.49223,-103.40413,27,00,1,
4680,02486,2022-05-25 23:24:15,25.49197,-103.40469,16,00,1,
4680,02486,2022-05-25 23:24:46,25.49287,-103.4058,19,00,1,
4680,02486,2022-05-25 23:25:16,25.4934,-103.40637,2,00,1,
4680,02486,2022-05-25 23:25:47,25.49339,-103.40638,0,00,1,
4680,02486,2022-05-25 23:26:17,25.49336,-103.40636,0,00,1,
4680,02486,2022-05-25 23:26:47,25.49312,-103.40639,5,00,1,
4680,02486,2022-05-25 23:27:13,25.49324,-103.40648,0,00,1,
4680,02486,2022-05-25 23:27:43,25.49326,-103.40649,0,00,1,
4680,02486,2022-05-25 23:28:14,25.49331,-103.40651,0,00,1,
4680,02486,2022-05-25 23:28:44,25.49331,-103.4065,0,00,1,
4680,02486,2022-05-25 23:29:14,25.49333,-103.4065,0,00,1,
4680,02486,2022-05-25 23:29:45,25.49334,-103.40647,0,00,1,
4680,02488,2022-05-25 23:36:27,0,0,0,04,0,
4680,02488,2022-05-25 23:36:37,0,0,0,00,0,
4680,02488,2022-05-25 23:37:02,25.48746,-103.40475,1,00,1,
4680,02488,2022-05-25 23:37:07,25.48738,-103.40464,1,00,1,
4680,02488,2022-05-25 23:37:33,25.48742,-103.40476,1,00,1,
4680,02488,2022-05-25 23:38:04,25.49327,-103.40651,0,00,1,
4680,02488,2022-05-25 23:38:34,25.49329,-103.40653,0,00,1,
4680,02488,2022-05-25 23:39:04,25.49344,-103.40656,0,00,1,
4680,02488,2022-05-25 23:39:35,25.49352,-103.40659,0,00,1,
4680,02488,2022-05-25 23:40:05,25.49347,-103.40654,0,00,1,
4680,02488,2022-05-25 23:40:36,25.49325,-103.4065,0,00,1,
4680,02489,2022-05-26 00:17:11,0,0,0,04,0,
4680,02489,2022-05-26 00:17:41,0,0,0,04,0,
4680,02489,2022-05-26 00:18:11,25.48023,-103.40824,0,04,0,
4680,02489,2022-05-26 00:18:22,25.49097,-103.40018,0,04,1,
4680,02489,2022-05-26 00:18:47,25.49137,-103.39959,27,04,1,
4680,02489,2022-05-26 00:19:17,25.49226,-103.39859,10,04,1,
4680,02489,2022-05-26 00:19:47,25.49312,-103.39753,38,04,1,
4680,02489,2022-05-26 00:20:18,25.49427,-103.39341,52,04,1,
4680,02489,2022-05-26 00:20:48,25.49493,-103.3891,48,04,1,
4680,02489,2022-05-26 00:21:18,25.49508,-103.38767,0,04,1,
4680,02489,2022-05-26 00:21:49,25.49504,-103.38804,5,04,1,
4680,02489,2022-05-26 00:22:19,25.49505,-103.38826,1,04,1,
4680,02489,2022-05-26 00:22:49,25.49505,-103.3883,0,04,1,
4680,02489,2022-05-26 00:22:59,25.49505,-103.3883,0,00,1,
4680,02489,2022-05-26 00:23:30,25.49535,-103.3862,44,00,1,
4680,02489,2022-05-26 00:23:56,25.49524,-103.38389,17,00,1,
4680,02489,2022-05-26 00:24:26,25.49441,-103.38233,15,00,1,
4680,02489,2022-05-26 00:24:52,25.49377,-103.38119,14,00,1,
4680,02489,2022-05-26 00:25:22,25.49324,-103.3815,7,00,1,
4680,02489,2022-05-26 00:25:52,25.49302,-103.38177,0,00,1,
4680,02489,2022-05-26 00:26:23,25.49303,-103.38168,0,00,1,
4680,02489,2022-05-26 00:26:53,25.49303,-103.38166,0,00,1,
4680,02489,2022-05-26 00:27:23,25.49302,-103.38166,0,00,1,
4680,02489,2022-05-26 00:27:54,25.49302,-103.38167,0,00,1,
4680,02489,2022-05-26 00:28:24,25.493,-103.38168,0,00,1,
4680,02489,2022-05-26 00:28:54,25.493,-103.38167,0,00,1,
