Code vehicule,Code chauffeur,Date (GMT),Latitude,Longitude,Vitesse,I/O,Valide
6233,00457,2022-05-25 10:57:30,25.488,-103.40479,0,04,1,
6233,00457,2022-05-25 10:57:56,25.488,-103.40478,0,04,1,
6233,00457,2022-05-25 10:58:26,25.48801,-103.40477,0,04,1,
6233,00457,2022-05-25 10:58:57,25.48801,-103.40476,0,04,1,
6233,00457,2022-05-25 10:59:27,25.48801,-103.40476,0,04,1,
6233,00457,2022-05-25 10:59:58,25.48801,-103.40475,0,04,1,
6233,00457,2022-05-25 11:00:28,25.488,-103.40476,0,04,1,
6233,00457,2022-05-25 11:00:59,25.48799,-103.40476,0,04,1,
6233,00457,2022-05-25 11:01:29,25.48799,-103.40476,0,04,1,
6233,00457,2022-05-25 11:01:59,25.48804,-103.40474,2,04,1,
6233,00457,2022-05-25 11:02:30,25.48841,-103.40441,9,04,1,
6233,00457,2022-05-25 11:03:00,25.48906,-103.40382,10,04,1,
6233,00457,2022-05-25 11:03:26,25.48982,-103.40458,18,04,1,
6233,00457,2022-05-25 11:03:52,25.49084,-103.40359,14,04,1,
6233,00457,2022-05-25 11:04:23,25.49184,-103.40463,22,04,1,
6233,00457,2022-05-25 11:04:53,25.49284,-103.40586,31,04,1,
6233,00457,2022-05-25 11:05:24,25.49449,-103.40795,35,04,1,
6233,00457,2022-05-25 11:05:54,25.49622,-103.4101,28,04,1,
6233,00457,2022-05-25 11:06:25,25.4981,-103.40937,39,04,1,
6233,00457,2022-05-25 11:06:55,25.50049,-103.40742,38,04,1,
6233,00457,2022-05-25 11:07:26,25.50369,-103.40467,53,04,1,
6233,00457,2022-05-25 11:07:56,25.50615,-103.40172,43,04,1,
6233,00457,2022-05-25 11:08:27,25.50761,-103.39994,15,04,1,
6233,00457,2022-05-25 11:08:52,25.50917,-103.39826,42,04,1,
6233,00457,2022-05-25 11:09:22,25.51142,-103.39587,37,04,1,
6233,00457,2022-05-25 11:09:53,25.51306,-103.39406,10,04,1,
6233,00457,2022-05-25 11:10:23,25.51292,-103.3945,9,04,1,
6233,00457,2022-05-25 11:10:54,25.51287,-103.39455,0,04,1,
6233,00457,2022-05-25 11:11:09,25.51286,-103.39455,0,00,1,
6233,00457,2022-05-25 11:11:35,25.51287,-103.39454,0,00,1,
6233,00457,2022-05-25 11:12:05,25.51287,-103.39453,0,00,1,
6233,00457,2022-05-25 11:12:36,25.51287,-103.39454,0,00,1,
6233,00457,2022-05-25 11:13:07,25.51287,-103.39454,0,00,1,
6233,00457,2022-05-25 11:13:37,25.51287,-103.39455,0,00,1,
6233,00457,2022-05-25 11:14:08,25.51287,-103.39454,0,00,1,
6233,00457,2022-05-25 11:14:38,25.51286,-103.39454,0,00,1,
6233,00457,2022-05-25 11:15:09,25.51286,-103.39455,0,00,1,
6233,00457,2022-05-25 11:15:39,25.51285,-103.39455,0,00,1,
6233,00457,2022-05-25 11:16:10,25.51264,-103.39476,0,00,1,
6233,00457,2022-05-25 11:16:35,25.51244,-103.39497,24,00,1,
6233,00457,2022-05-25 11:17:05,25.51013,-103.39735,47,00,1,
6233,00457,2022-05-25 11:17:36,25.50784,-103.39979,8,00,1,
6233,00457,2022-05-25 11:18:07,25.50783,-103.3998,0,00,1,
6233,00457,2022-05-25 11:18:37,25.50752,-103.40016,27,00,1,
6233,00457,2022-05-25 11:19:08,25.50537,-103.40273,46,00,1,
6233,00457,2022-05-25 11:19:38,25.50275,-103.40549,50,00,1,
6233,00457,2022-05-25 11:20:09,25.49996,-103.40792,51,00,1,
6233,00457,2022-05-25 11:20:39,25.49686,-103.4104,37,00,1,
6233,00457,2022-05-25 11:21:09,25.4956,-103.40962,21,00,1,
6233,00457,2022-05-25 11:21:39,25.4948,-103.40855,16,00,1,
6233,00457,2022-05-25 11:22:06,25.49387,-103.40736,24,00,1,
6233,00457,2022-05-25 11:22:36,25.49269,-103.40585,21,00,1,
6233,00457,2022-05-25 11:23:07,25.4919,-103.40487,6,00,1,
6233,00457,2022-05-25 11:23:37,25.49172,-103.40465,0,00,1,
6233,00458,2022-05-25 11:23:58,25.49174,-103.40464,0,04,1,
6233,00458,2022-05-25 11:24:25,25.49176,-103.40464,0,04,1,
6233,00458,2022-05-25 11:24:53,25.49177,-103.40463,0,04,1,
6233,00458,2022-05-25 11:25:24,25.49177,-103.40463,0,04,1,
6233,00458,2022-05-25 11:25:54,25.49177,-103.40464,0,04,1,
6233,00458,2022-05-25 11:26:25,25.49182,-103.40443,11,04,1,
6233,00458,2022-05-25 11:26:55,25.49195,-103.4043,0,04,1,
6233,00458,2022-05-25 11:27:26,25.49276,-103.40351,30,04,1,
6233,00458,2022-05-25 11:27:56,25.49347,-103.40267,0,04,1,
6233,00458,2022-05-25 11:28:27,25.49489,-103.40385,11,04,1,
6233,00458,2022-05-25 11:28:57,25.49605,-103.4052,12,04,1,
6233,00458,2022-05-25 11:29:28,25.49686,-103.40612,12,04,1,
6233,00458,2022-05-25 11:29:53,25.49703,-103.40744,36,04,1,
6233,00458,2022-05-25 11:30:24,25.49646,-103.40849,1,04,1,
6233,00458,2022-05-25 11:30:54,25.49565,-103.40932,15,04,1,
6233,00458,2022-05-25 11:31:25,25.49659,-103.41032,0,04,1,
6233,00458,2022-05-25 11:31:55,25.49765,-103.40964,45,04,1,
6233,00458,2022-05-25 11:32:26,25.5011,-103.40672,62,04,1,
6233,00458,2022-05-25 11:32:56,25.50291,-103.40524,39,04,1,
6233,00458,2022-05-25 11:33:27,25.50447,-103.40366,28,04,1,
6233,00458,2022-05-25 11:33:57,25.50573,-103.40213,28,04,1,
6233,00458,2022-05-25 11:34:28,25.507,-103.40062,42,04,1,
6233,00458,2022-05-25 11:34:53,25.50755,-103.39992,0,04,1,
6233,00458,2022-05-25 11:35:24,25.50755,-103.39993,0,04,1,
6233,00458,2022-05-25 11:35:54,25.50929,-103.3981,61,04,1,
6233,00458,2022-05-25 11:36:25,25.51241,-103.3948,0,04,1,
6233,00458,2022-05-25 11:36:55,25.5124,-103.3948,2,04,1,
6233,00458,2022-05-25 11:37:26,25.51304,-103.39419,27,04,1,
6233,00458,2022-05-25 11:37:56,25.51453,-103.39403,0,04,1,
6233,00458,2022-05-25 11:38:27,25.51548,-103.39404,18,04,1,
6233,00458,2022-05-25 11:38:57,25.5175,-103.39401,0,04,1,
6233,00458,2022-05-25 11:39:28,25.51996,-103.394,39,04,1,
6233,00458,2022-05-25 11:39:58,25.52237,-103.39397,2,04,1,
6233,00458,2022-05-25 11:40:24,25.52296,-103.39397,33,04,1,
6233,00458,2022-05-25 11:40:54,25.52505,-103.39396,49,04,1,
6233,00458,2022-05-25 11:41:25,25.527,-103.39392,0,04,1,
6233,00458,2022-05-25 11:41:55,25.52821,-103.39392,16,04,1,
6233,00458,2022-05-25 11:42:25,25.5314,-103.39391,27,04,1,
6233,00458,2022-05-25 11:42:56,25.53418,-103.39382,44,04,1,
6233,00458,2022-05-25 11:43:26,25.53491,-103.39379,1,04,1,
6233,00458,2022-05-25 11:43:57,25.53537,-103.39474,36,04,1,
6233,00458,2022-05-25 11:44:27,25.53535,-103.39578,25,04,1,
6233,00458,2022-05-25 11:44:58,25.53536,-103.39848,40,04,1,
6233,00458,2022-05-25 11:45:28,25.53533,-103.40048,48,04,1,
6233,00458,2022-05-25 11:45:54,25.53536,-103.40379,22,04,1,
6233,00458,2022-05-25 11:46:24,25.53541,-103.40472,0,04,1,
6233,00458,2022-05-25 11:46:55,25.53541,-103.40481,16,04,1,
6233,00458,2022-05-25 11:47:25,25.53556,-103.40762,0,04,1,
6233,00458,2022-05-25 11:47:56,25.53557,-103.41028,45,04,1,
6233,00458,2022-05-25 11:48:26,25.53559,-103.41325,8,04,1,
6233,00458,2022-05-25 11:48:57,25.53559,-103.41399,24,04,1,
6233,00458,2022-05-25 11:49:27,25.5356,-103.41577,22,04,1,
6233,00458,2022-05-25 11:49:58,25.53562,-103.41787,0,04,1,
6233,00458,2022-05-25 11:50:28,25.53563,-103.41962,28,04,1,
6233,00458,2022-05-25 11:50:54,25.53565,-103.42047,18,04,1,
6233,00458,2022-05-25 11:51:24,25.53567,-103.42229,0,04,1,
6233,00458,2022-05-25 11:51:55,25.53566,-103.42277,28,04,1,
6233,00458,2022-05-25 11:52:25,25.53567,-103.42487,18,04,1,
6233,00458,2022-05-25 11:52:56,25.53568,-103.42629,0,04,1,
6233,00458,2022-05-25 11:53:26,25.53569,-103.42858,24,04,1,
6233,00458,2022-05-25 11:53:57,25.53569,-103.43098,47,04,1,
6233,00458,2022-05-25 11:54:27,25.53574,-103.43407,0,04,1,
6233,00458,2022-05-25 11:54:58,25.53569,-103.4342,0,04,1,
6233,00458,2022-05-25 11:55:28,25.5357,-103.43425,0,04,1,
6233,00458,2022-05-25 11:55:56,25.53573,-103.43592,41,04,1,
6233,00458,2022-05-25 11:56:24,25.53574,-103.43949,50,04,1,
6233,00458,2022-05-25 11:56:55,25.53578,-103.44189,36,04,1,
6233,00458,2022-05-25 11:57:25,25.53579,-103.44403,40,04,1,
6233,00458,2022-05-25 11:57:56,25.53581,-103.44535,0,04,1,
6233,00458,2022-05-25 11:58:26,25.53582,-103.44646,11,04,1,
6233,00458,2022-05-25 11:58:57,25.53584,-103.44844,0,04,1,
6233,00458,2022-05-25 11:59:27,25.53585,-103.44842,0,04,1,
6233,00458,2022-05-25 11:59:58,25.53585,-103.44842,0,04,1,
6233,00458,2022-05-25 12:00:28,25.53585,-103.45121,49,04,1,
6233,00458,2022-05-25 12:00:59,25.53585,-103.45568,55,04,1,
6233,00458,2022-05-25 12:01:24,25.53588,-103.4594,51,04,1,
6233,00458,2022-05-25 12:01:55,25.53566,-103.46164,31,04,1,
6233,00458,2022-05-25 12:02:25,25.53507,-103.46426,29,04,1,
6233,00458,2022-05-25 12:02:56,25.53653,-103.46551,29,04,1,
6233,00458,2022-05-25 12:03:26,25.53982,-103.4664,27,04,1,
6233,00458,2022-05-25 12:03:57,25.53998,-103.46644,0,04,1,
6233,00458,2022-05-25 12:04:27,25.53998,-103.46643,0,04,1,
6233,00458,2022-05-25 12:04:58,25.54121,-103.4668,3,04,1,
6233,00458,2022-05-25 12:05:28,25.54146,-103.46688,20,04,1,
6233,00458,2022-05-25 12:05:59,25.54032,-103.46766,7,04,1,
6233,00458,2022-05-25 12:06:24,25.54027,-103.46764,0,04,1,
6233,00458,2022-05-25 12:06:55,25.54027,-103.46764,0,04,1,
6233,00458,2022-05-25 12:07:25,25.54027,-103.46764,0,04,1,
6233,00458,2022-05-25 12:07:56,25.54026,-103.46764,0,04,1,
6233,00458,2022-05-25 12:08:26,25.54026,-103.46763,0,04,1,
6233,00458,2022-05-25 12:08:57,25.54027,-103.46761,0,04,1,
6233,00458,2022-05-25 12:09:27,25.54028,-103.4676,0,04,1,
6233,00458,2022-05-25 12:09:58,25.54027,-103.46761,0,04,1,
6233,00458,2022-05-25 12:10:28,25.54027,-103.46762,0,04,1,
6233,00458,2022-05-25 12:10:58,25.54027,-103.46762,0,04,1,
6233,00458,2022-05-25 12:11:29,25.54026,-103.46762,0,04,1,
6233,00458,2022-05-25 12:11:54,25.54026,-103.46764,1,04,1,
6233,00458,2022-05-25 12:12:25,25.54005,-103.46757,0,04,1,
6233,00458,2022-05-25 12:12:55,25.54005,-103.46757,0,04,1,
6233,00458,2022-05-25 12:13:26,25.53999,-103.46755,0,04,1,
6233,00458,2022-05-25 12:13:56,25.54,-103.46755,0,04,1,
6233,00458,2022-05-25 12:14:27,25.53994,-103.46753,9,04,1,
6233,00458,2022-05-25 12:14:57,25.53803,-103.46698,32,04,1,
6233,00458,2022-05-25 12:15:28,25.53644,-103.46655,22,04,1,
6233,00458,2022-05-25 12:15:58,25.53628,-103.46649,0,04,1,
6233,00458,2022-05-25 12:16:29,25.53628,-103.46648,0,04,1,
6233,00458,2022-05-25 12:16:54,25.5359,-103.46637,27,04,1,
6233,00458,2022-05-25 12:17:25,25.53514,-103.46607,0,04,1,
6233,00458,2022-05-25 12:17:55,25.53497,-103.46585,0,04,1,
6233,00458,2022-05-25 12:18:26,25.53487,-103.46442,45,04,1,
6233,00458,2022-05-25 12:18:56,25.53563,-103.46098,0,04,1,
6233,00458,2022-05-25 12:19:27,25.53577,-103.45976,30,04,1,
6233,00458,2022-05-25 12:19:57,25.53573,-103.45706,0,04,1,
6233,00458,2022-05-25 12:20:28,25.53574,-103.45426,53,04,1,
6233,00458,2022-05-25 12:20:58,25.5357,-103.45226,31,04,1,
6233,00458,2022-05-25 12:21:29,25.53568,-103.44939,7,04,1,
6233,00458,2022-05-25 12:21:54,25.53569,-103.44937,0,04,1,
6233,00458,2022-05-25 12:22:25,25.53567,-103.44831,24,04,1,
6233,00458,2022-05-25 12:22:55,25.53566,-103.4468,2,04,1,
6233,00458,2022-05-25 12:23:26,25.53566,-103.44561,0,04,1,
6233,00458,2022-05-25 12:23:56,25.53566,-103.4456,0,04,1,
6233,00458,2022-05-25 12:24:27,25.53565,-103.4442,34,04,1,
6233,00458,2022-05-25 12:24:57,25.53564,-103.4422,22,04,1,
6233,00458,2022-05-25 12:25:28,25.53564,-103.43887,44,04,1,
6233,00458,2022-05-25 12:25:58,25.53559,-103.43627,0,04,1,
6233,00458,2022-05-25 12:26:29,25.53557,-103.43419,20,04,1,
6233,00458,2022-05-25 12:26:59,25.53557,-103.43195,41,04,1,
6233,00458,2022-05-25 12:27:25,25.53556,-103.43014,36,04,1,
6233,00458,2022-05-25 12:27:55,25.53555,-103.42653,43,04,1,
6233,00458,2022-05-25 12:28:26,25.53553,-103.42493,0,04,1,
6233,00458,2022-05-25 12:28:57,25.53552,-103.424,36,04,1,
6233,00458,2022-05-25 12:29:27,25.53552,-103.4216,28,04,1,
6233,00458,2022-05-25 12:29:58,25.53551,-103.41918,21,04,1,
6233,00458,2022-05-25 12:30:28,25.53549,-103.41893,0,04,1,
6233,00458,2022-05-25 12:30:59,25.53549,-103.41836,26,04,1,
6233,00458,2022-05-25 12:31:29,25.53547,-103.41562,5,04,1,
6233,00458,2022-05-25 12:31:54,25.53546,-103.41563,0,04,1,
6233,00458,2022-05-25 12:32:25,25.53547,-103.41564,0,04,1,
6233,00458,2022-05-25 12:32:55,25.53547,-103.41428,38,04,1,
6233,00458,2022-05-25 12:33:26,25.53544,-103.41009,53,04,1,
6233,00458,2022-05-25 12:33:57,25.53528,-103.40692,24,04,1,
6233,00458,2022-05-25 12:34:27,25.53527,-103.40513,0,04,1,
6233,00458,2022-05-25 12:34:58,25.53518,-103.40377,18,04,1,
6233,00458,2022-05-25 12:35:28,25.53513,-103.40019,54,04,1,
6233,00458,2022-05-25 12:35:59,25.5351,-103.39804,34,04,1,
6233,00458,2022-05-25 12:36:29,25.5347,-103.3961,0,04,1,
6233,00458,2022-05-25 12:36:56,25.5347,-103.39612,0,04,1,
6233,00458,2022-05-25 12:37:25,25.53469,-103.39613,0,04,1,
6233,00458,2022-05-25 12:37:56,25.53469,-103.39613,0,04,1,
6233,00458,2022-05-25 12:38:26,25.53469,-103.39613,0,04,1,
6233,00458,2022-05-25 12:38:57,25.5337,-103.3961,31,04,1,
6233,00458,2022-05-25 12:39:27,25.53109,-103.39611,42,04,1,
6233,00458,2022-05-25 12:39:57,25.52871,-103.39614,41,04,1,
6233,00458,2022-05-25 12:40:28,25.52722,-103.39616,0,04,1,
6233,00458,2022-05-25 12:40:58,25.52605,-103.39616,39,04,1,
6233,00458,2022-05-25 12:41:29,25.52326,-103.39619,20,04,1,
6233,00458,2022-05-25 12:41:59,25.52188,-103.39621,27,04,1,
6233,00458,2022-05-25 12:42:25,25.52013,-103.39618,39,04,1,
6233,00458,2022-05-25 12:42:55,25.51822,-103.39619,0,04,1,
6233,00458,2022-05-25 12:43:26,25.51816,-103.39618,0,04,1,
6233,00458,2022-05-25 12:43:56,25.51756,-103.39593,11,04,1,
6233,00458,2022-05-25 12:44:27,25.51755,-103.39396,26,04,1,
6233,00458,2022-05-25 12:44:57,25.51752,-103.3901,43,04,1,
6233,00458,2022-05-25 12:45:28,25.51666,-103.3905,42,04,1,
6233,00458,2022-05-25 12:45:58,25.51406,-103.39328,58,04,1,
6233,00458,2022-05-25 12:46:29,25.51298,-103.39448,0,04,1,
6233,00458,2022-05-25 12:46:59,25.51298,-103.39446,0,04,1,
6233,00458,2022-05-25 12:47:30,25.51272,-103.39461,22,04,1,
6233,00458,2022-05-25 12:47:55,25.51152,-103.39337,42,04,1,
6233,00458,2022-05-25 12:48:26,25.51066,-103.392,8,04,1,
6233,00458,2022-05-25 12:48:56,25.51001,-103.39098,0,04,1,
6233,00458,2022-05-25 12:49:27,25.51001,-103.39099,0,04,1,
6233,00458,2022-05-25 12:49:57,25.50929,-103.38985,0,04,1,
6233,00458,2022-05-25 12:50:28,25.50888,-103.38922,29,04,1,
6233,00458,2022-05-25 12:50:58,25.50763,-103.38724,42,04,1,
6233,00458,2022-05-25 12:51:29,25.50655,-103.38556,0,04,1,
6233,00458,2022-05-25 12:51:59,25.50643,-103.38528,19,04,1,
6233,00458,2022-05-25 12:52:30,25.50831,-103.3837,39,04,1,
6233,00458,2022-05-25 12:52:55,25.50919,-103.38276,17,04,1,
6233,00458,2022-05-25 12:53:25,25.50849,-103.38171,19,04,1,
6233,00458,2022-05-25 12:53:56,25.50772,-103.38053,13,04,1,
6233,00458,2022-05-25 12:54:27,25.50614,-103.38077,37,04,1,
6233,00458,2022-05-25 12:54:57,25.50518,-103.38153,33,04,1,
6233,00458,2022-05-25 12:55:28,25.50387,-103.38127,40,04,1,
6233,00458,2022-05-25 12:55:58,25.5024,-103.38138,26,04,1,
6233,00458,2022-05-25 12:56:29,25.50104,-103.3828,23,04,1,
6233,00458,2022-05-25 12:56:59,25.50253,-103.38515,31,04,1,
6233,00458,2022-05-25 12:57:30,25.50221,-103.38613,23,04,1,
6233,00458,2022-05-25 12:57:55,25.50126,-103.38689,13,04,1,
6233,00458,2022-05-25 12:58:26,25.50017,-103.38509,29,04,1,
6233,00458,2022-05-25 12:58:56,25.49911,-103.38392,16,04,1,
6233,00458,2022-05-25 12:59:27,25.4978,-103.38204,37,04,1,
6233,00458,2022-05-25 12:59:57,25.49667,-103.3801,3,04,1,
6233,00458,2022-05-25 13:00:08,25.49669,-103.38011,0,00,1,
6233,00458,2022-05-25 13:00:38,25.49671,-103.38013,0,00,1,
6233,00458,2022-05-25 13:01:09,25.49672,-103.38013,0,00,1,
6233,00458,2022-05-25 13:01:39,25.49672,-103.38013,0,00,1,
6233,00458,2022-05-25 13:02:10,25.49639,-103.3801,13,00,1,
6233,00458,2022-05-25 13:02:40,25.49617,-103.38014,0,00,1,
6233,00458,2022-05-25 13:03:11,25.49616,-103.38015,0,00,1,
6233,00458,2022-05-25 13:03:36,25.49615,-103.38015,0,00,1,
6233,00458,2022-05-25 13:04:07,25.49615,-103.38015,0,00,1,
6233,00458,2022-05-25 13:04:37,25.49615,-103.38015,0,00,1,
6233,00458,2022-05-25 13:05:08,25.49615,-103.38015,0,00,1,
6233,00458,2022-05-25 13:05:38,25.49615,-103.38015,0,00,1,
6233,00458,2022-05-25 13:06:09,25.49615,-103.38015,0,00,1,
6233,00458,2022-05-25 13:06:39,25.49615,-103.38015,0,00,1,
6233,00458,2022-05-25 13:07:10,25.49616,-103.38015,0,00,1,
6233,00458,2022-05-25 13:07:40,25.49616,-103.38016,0,00,1,
6233,00459,2022-05-25 13:26:30,25.4962,-103.38019,0,04,1,
6233,00459,2022-05-25 13:26:56,25.49619,-103.38018,0,04,1,
6233,00459,2022-05-25 13:27:26,25.49618,-103.38017,0,04,1,
6233,00459,2022-05-25 13:27:57,25.49618,-103.38018,0,04,1,
6233,00459,2022-05-25 13:28:27,25.49617,-103.38019,0,04,1,
6233,00459,2022-05-25 13:28:58,25.49618,-103.38018,0,04,1,
6233,00459,2022-05-25 13:29:28,25.4962,-103.38018,0,04,1,
6233,00459,2022-05-25 13:29:59,25.4962,-103.38018,0,04,1,
6233,00459,2022-05-25 13:30:29,25.49619,-103.38017,0,04,1,
6233,00459,2022-05-25 13:31:00,25.49611,-103.37962,6,04,1,
6233,00459,2022-05-25 13:31:30,25.49631,-103.37958,0,04,1,
6233,00459,2022-05-25 13:31:56,25.49631,-103.37959,2,04,1,
6233,00459,2022-05-25 13:32:26,25.49675,-103.37998,0,04,1,
6233,00459,2022-05-25 13:32:57,25.49674,-103.37999,0,04,1,
6233,00459,2022-05-25 13:33:27,25.49675,-103.38,0,04,1,
6233,00459,2022-05-25 13:33:54,25.4971,-103.3806,34,04,1,
6233,00459,2022-05-25 13:34:24,25.49893,-103.38385,50,04,1,
6233,00459,2022-05-25 13:34:55,25.5009,-103.38735,0,04,1,
6233,00459,2022-05-25 13:35:25,25.5017,-103.38878,10,04,1,
6233,00459,2022-05-25 13:35:56,25.50314,-103.3916,19,04,1,
6233,00459,2022-05-25 13:36:26,25.50356,-103.39133,21,04,1,
6233,00459,2022-05-25 13:36:52,25.50525,-103.39003,40,04,1,
6233,00459,2022-05-25 13:37:22,25.50472,-103.3885,6,04,1,
6233,00459,2022-05-25 13:37:53,25.50369,-103.38695,30,04,1,
6233,00459,2022-05-25 13:38:23,25.50295,-103.38577,30,04,1,
6233,00459,2022-05-25 13:38:54,25.50214,-103.38453,39,04,1,
6233,00459,2022-05-25 13:39:25,25.50158,-103.38365,16,04,1,
6233,00459,2022-05-25 13:39:55,25.50098,-103.38272,20,04,1,
6233,00459,2022-05-25 13:40:25,25.50097,-103.38238,0,04,1,
6233,00459,2022-05-25 13:40:56,25.50193,-103.38167,42,04,1,
6233,00459,2022-05-25 13:41:26,25.50319,-103.3807,39,04,1,
6233,00459,2022-05-25 13:41:52,25.50396,-103.38101,32,04,1,
6233,00459,2022-05-25 13:42:22,25.5045,-103.38206,12,04,1,
6233,00459,2022-05-25 13:42:53,25.50585,-103.38102,0,04,1,
6233,00459,2022-05-25 13:43:23,25.50731,-103.3799,17,04,1,
6233,00459,2022-05-25 13:43:54,25.50791,-103.38082,17,04,1,
6233,00459,2022-05-25 13:44:24,25.50879,-103.38218,2,04,1,
6233,00459,2022-05-25 13:44:55,25.50925,-103.38293,3,04,1,
6233,00459,2022-05-25 13:45:25,25.50806,-103.3842,24,04,1,
6233,00459,2022-05-25 13:45:56,25.50659,-103.38534,0,04,1,
6233,00459,2022-05-25 13:46:26,25.50705,-103.38619,40,04,1,
6233,00459,2022-05-25 13:46:57,25.509,-103.38923,16,04,1,
6233,00459,2022-05-25 13:47:22,25.50954,-103.39004,22,04,1,
6233,00459,2022-05-25 13:47:53,25.5108,-103.39203,14,04,1,
6233,00459,2022-05-25 13:48:23,25.51236,-103.3945,22,04,1,
6233,00459,2022-05-25 13:48:53,25.51263,-103.3946,17,04,1,
6233,00459,2022-05-25 13:49:24,25.51532,-103.39408,48,04,1,
6233,00459,2022-05-25 13:49:54,25.5168,-103.39403,16,04,1,
6233,00459,2022-05-25 13:50:25,25.51799,-103.39402,34,04,1,
6233,00459,2022-05-25 13:50:55,25.52011,-103.39399,18,04,1,
6233,00459,2022-05-25 13:51:26,25.52235,-103.39398,0,04,1,
6233,00459,2022-05-25 13:51:56,25.52292,-103.39397,20,04,1,
6233,00459,2022-05-25 13:52:27,25.52393,-103.39396,5,04,1,
6233,00459,2022-05-25 13:52:52,25.52527,-103.39396,18,04,1,
6233,00459,2022-05-25 13:53:23,25.52662,-103.39393,11,04,1,
6233,00459,2022-05-25 13:53:53,25.5283,-103.39392,28,04,1,
6233,00459,2022-05-25 13:54:24,25.53065,-103.39391,38,04,1,
6233,00459,2022-05-25 13:54:54,25.53182,-103.3939,23,04,1,
6233,00459,2022-05-25 13:55:25,25.53266,-103.39386,29,04,1,
6233,00459,2022-05-25 13:55:55,25.53461,-103.39385,40,04,1,
6233,00459,2022-05-25 13:56:26,25.53495,-103.39381,0,04,1,
6233,00459,2022-05-25 13:56:56,25.53504,-103.39381,0,04,1,
6233,00459,2022-05-25 13:57:27,25.53535,-103.39499,0,04,1,
6233,00459,2022-05-25 13:57:52,25.53535,-103.3959,26,04,1,
6233,00459,2022-05-25 13:58:23,25.53535,-103.39737,25,04,1,
6233,00459,2022-05-25 13:58:53,25.53536,-103.4007,32,04,1,
6233,00459,2022-05-25 13:59:24,25.53536,-103.40166,11,04,1,
6233,00459,2022-05-25 13:59:54,25.53534,-103.40292,0,04,1,
6233,00459,2022-05-25 14:00:25,25.53533,-103.40322,0,04,1,
6233,00459,2022-05-25 14:00:55,25.53541,-103.40456,13,04,1,
6233,00459,2022-05-25 14:01:26,25.53542,-103.40468,0,04,1,
6233,00459,2022-05-25 14:01:56,25.53546,-103.40487,21,04,1,
6233,00459,2022-05-25 14:02:27,25.53558,-103.40753,0,04,1,
6233,00459,2022-05-25 14:02:54,25.53559,-103.4095,33,04,1,
6233,00459,2022-05-25 14:03:23,25.53561,-103.41118,1,04,1,
6233,00459,2022-05-25 14:03:53,25.53562,-103.41246,0,04,1,
6233,00459,2022-05-25 14:04:24,25.53563,-103.41366,22,04,1,
6233,00459,2022-05-25 14:04:54,25.53563,-103.41397,0,04,1,
6233,00459,2022-05-25 14:05:25,25.53563,-103.41397,0,04,1,
6233,00459,2022-05-25 14:05:55,25.53563,-103.41523,25,04,1,
6233,00459,2022-05-25 14:06:26,25.53565,-103.41745,37,04,1,
6233,00459,2022-05-25 14:06:56,25.53565,-103.41816,16,04,1,
6233,00459,2022-05-25 14:07:27,25.53566,-103.41949,15,04,1,
6233,00459,2022-05-25 14:07:57,25.53567,-103.42059,16,04,1,
6233,00459,2022-05-25 14:08:23,25.53568,-103.42233,7,04,1,
6233,00459,2022-05-25 14:08:53,25.53568,-103.42246,0,04,1,
6233,00459,2022-05-25 14:09:24,25.5357,-103.42466,0,04,1,
6233,00459,2022-05-25 14:09:54,25.5357,-103.42618,11,04,1,
6233,00459,2022-05-25 14:10:24,25.53571,-103.42857,0,04,1,
6233,00459,2022-05-25 14:10:55,25.53572,-103.43042,40,04,1,
6233,00459,2022-05-25 14:11:26,25.53573,-103.43422,0,04,1,
6233,00459,2022-05-25 14:11:56,25.5357,-103.43422,0,04,1,
6233,00459,2022-05-25 14:12:26,25.53569,-103.43422,0,04,1,
6233,00459,2022-05-25 14:12:57,25.53571,-103.43545,44,04,1,
6233,00459,2022-05-25 14:13:27,25.53576,-103.43713,35,04,1,
6233,00459,2022-05-25 14:13:53,25.53577,-103.43894,44,04,1,
6233,00459,2022-05-25 14:14:23,25.53577,-103.44082,21,04,1,
6233,00459,2022-05-25 14:14:54,25.53579,-103.44312,34,04,1,
6233,00459,2022-05-25 14:15:24,25.53581,-103.44583,17,04,1,
6233,00459,2022-05-25 14:15:55,25.53578,-103.44682,0,04,1,
6233,00459,2022-05-25 14:16:25,25.53577,-103.44684,7,04,1,
6233,00459,2022-05-25 14:16:56,25.53579,-103.44818,0,04,1,
6233,00459,2022-05-25 14:17:26,25.5358,-103.44817,0,04,1,
6233,00459,2022-05-25 14:17:57,25.53579,-103.44816,0,04,1,
6233,00459,2022-05-25 14:18:27,25.53585,-103.45052,24,04,1,
6233,00459,2022-05-25 14:18:53,25.53586,-103.4518,20,04,1,
6233,00459,2022-05-25 14:19:23,25.53584,-103.45375,0,04,1,
6233,00459,2022-05-25 14:19:54,25.53583,-103.45635,14,04,1,
6233,00459,2022-05-25 14:20:24,25.53592,-103.45746,39,04,1,
6233,00459,2022-05-25 14:20:55,25.53587,-103.45935,34,04,1,
6233,00459,2022-05-25 14:21:25,25.53581,-103.46109,23,04,1,
6233,00459,2022-05-25 14:21:56,25.5354,-103.46266,46,04,1,
6233,00459,2022-05-25 14:22:26,25.53552,-103.46524,34,04,1,
6233,00459,2022-05-25 14:22:57,25.53687,-103.46555,0,04,1,
6233,00459,2022-05-25 14:23:27,25.5372,-103.46566,0,04,1,
6233,00459,2022-05-25 14:23:53,25.53721,-103.46565,0,04,1,
6233,00459,2022-05-25 14:24:23,25.5374,-103.46572,24,04,1,
6233,00459,2022-05-25 14:24:54,25.53933,-103.46634,25,04,1,
6233,00459,2022-05-25 14:25:24,25.54129,-103.46683,2,04,1,
6233,00459,2022-05-25 14:25:55,25.54017,-103.4676,25,04,1,
6233,00459,2022-05-25 14:26:25,25.5398,-103.46748,20,04,1,
6233,00459,2022-05-25 14:26:56,25.53686,-103.46667,33,04,1,
6233,00459,2022-05-25 14:27:26,25.5356,-103.4663,16,04,1,
6233,00459,2022-05-25 14:27:57,25.53515,-103.46611,0,04,1,
6233,00459,2022-05-25 14:28:27,25.53477,-103.46567,22,04,1,
6233,00459,2022-05-25 14:28:58,25.53535,-103.46222,31,04,1,
6233,00459,2022-05-25 14:29:23,25.53559,-103.46123,37,04,1,
6233,00459,2022-05-25 14:29:54,25.53577,-103.45907,36,04,1,
6233,00459,2022-05-25 14:30:24,25.53576,-103.45737,35,04,1,
6233,00459,2022-05-25 14:30:55,25.53575,-103.45475,22,04,1,
6233,00459,2022-05-25 14:31:25,25.5357,-103.45287,0,04,1,
6233,00459,2022-05-25 14:31:56,25.53569,-103.45289,1,04,1,
6233,00459,2022-05-25 14:32:26,25.53571,-103.45034,52,04,1,
6233,00459,2022-05-25 14:32:57,25.53567,-103.44893,0,04,1,
6233,00459,2022-05-25 14:33:27,25.53568,-103.44894,0,04,1,
6233,00459,2022-05-25 14:33:58,25.53568,-103.44894,0,04,1,
6233,00459,2022-05-25 14:34:23,25.53568,-103.44749,32,04,1,
6233,00459,2022-05-25 14:34:54,25.53566,-103.44576,17,04,1,
6233,00459,2022-05-25 14:35:24,25.53566,-103.44561,0,04,1,
6233,00459,2022-05-25 14:35:55,25.53566,-103.4456,1,04,1,
6233,00459,2022-05-25 14:36:25,25.53566,-103.44368,41,04,1,
6233,00459,2022-05-25 14:36:56,25.53563,-103.44112,16,04,1,
6233,00459,2022-05-25 14:37:26,25.53564,-103.43932,41,04,1,
6233,00459,2022-05-25 14:37:57,25.5356,-103.43652,0,04,1,
6233,00459,2022-05-25 14:38:27,25.53561,-103.43619,10,04,1,
6233,00459,2022-05-25 14:38:58,25.53562,-103.43603,9,04,1,
6233,00459,2022-05-25 14:39:23,25.53558,-103.43406,28,04,1,
6233,00459,2022-05-25 14:39:54,25.53558,-103.4321,44,04,1,
6233,00459,2022-05-25 14:40:24,25.5356,-103.42836,44,04,1,
6233,00459,2022-05-25 14:40:55,25.53554,-103.42436,43,04,1,
6233,00459,2022-05-25 14:41:25,25.53553,-103.42292,0,04,1,
6233,00459,2022-05-25 14:41:56,25.53553,-103.42288,12,04,1,
6233,00459,2022-05-25 14:42:26,25.53554,-103.42218,5,04,1,
6233,00459,2022-05-25 14:42:57,25.53554,-103.42134,22,04,1,
6233,00459,2022-05-25 14:43:27,25.53553,-103.42033,16,04,1,
6233,00459,2022-05-25 14:43:58,25.53551,-103.41902,10,04,1,
6233,00459,2022-05-25 14:44:25,25.5355,-103.41699,38,04,1,
6233,00459,2022-05-25 14:44:54,25.53549,-103.41563,0,04,1,
6233,00459,2022-05-25 14:45:24,25.5355,-103.41563,0,04,1,
6233,00459,2022-05-25 14:45:55,25.53551,-103.41527,23,04,1,
6233,00459,2022-05-25 14:46:25,25.5355,-103.41238,45,04,1,
6233,00459,2022-05-25 14:46:56,25.53544,-103.40943,47,04,1,
6233,00459,2022-05-25 14:47:26,25.5353,-103.40705,0,04,1,
6233,00459,2022-05-25 14:47:57,25.53533,-103.40642,0,04,1,
6233,00459,2022-05-25 14:48:27,25.53533,-103.40638,11,04,1,
6233,00459,2022-05-25 14:48:58,25.53516,-103.40249,68,04,1,
6233,00459,2022-05-25 14:49:24,25.53513,-103.39757,61,04,1,
6233,00459,2022-05-25 14:49:54,25.53472,-103.39608,0,04,1,
6233,00459,2022-05-25 14:50:24,25.53471,-103.39611,0,04,1,
6233,00459,2022-05-25 14:50:55,25.53471,-103.39612,0,04,1,
6233,00459,2022-05-25 14:51:25,25.53453,-103.39611,19,04,1,
6233,00459,2022-05-25 14:51:56,25.53241,-103.39608,40,04,1,
6233,00459,2022-05-25 14:52:26,25.52966,-103.39611,25,04,1,
6233,00459,2022-05-25 14:52:57,25.52809,-103.39615,24,04,1,
6233,00459,2022-05-25 14:53:27,25.52622,-103.39614,46,04,1,
6233,00459,2022-05-25 14:53:58,25.52319,-103.39616,21,04,1,
6233,00459,2022-05-25 14:54:28,25.52219,-103.39618,0,04,1,
6233,00459,2022-05-25 14:54:54,25.52214,-103.39618,13,04,1,
6233,00459,2022-05-25 14:55:24,25.52025,-103.39615,38,04,1,
6233,00459,2022-05-25 14:55:55,25.51795,-103.39614,0,04,1,
6233,00459,2022-05-25 14:56:25,25.51798,-103.39615,0,04,1,
6233,00459,2022-05-25 14:56:56,25.51759,-103.39567,22,04,1,
6233,00459,2022-05-25 14:57:26,25.51758,-103.39409,16,04,1,
6233,00459,2022-05-25 14:57:57,25.51756,-103.39055,42,04,1,
6233,00459,2022-05-25 14:58:27,25.51674,-103.39044,40,04,1,
6233,00459,2022-05-25 14:58:58,25.51512,-103.39214,48,04,1,
6233,00459,2022-05-25 14:59:28,25.51298,-103.39449,0,04,1,
6233,00459,2022-05-25 14:59:54,25.51299,-103.39448,0,04,1,
6233,00459,2022-05-25 15:00:24,25.51299,-103.39448,2,04,1,
6233,00459,2022-05-25 15:00:55,25.51133,-103.39615,44,04,1,
6233,00459,2022-05-25 15:01:25,25.50889,-103.39875,45,04,1,
6233,00459,2022-05-25 15:01:56,25.50765,-103.40007,42,04,1,
6233,00459,2022-05-25 15:02:26,25.50643,-103.40154,40,04,1,
6233,00459,2022-05-25 15:02:57,25.50529,-103.40293,36,04,1,
6233,00459,2022-05-25 15:03:27,25.50419,-103.40422,38,04,1,
6233,00459,2022-05-25 15:03:58,25.50165,-103.40632,40,04,1,
6233,00459,2022-05-25 15:04:28,25.49877,-103.40889,63,04,1,
6233,00459,2022-05-25 15:04:59,25.49755,-103.40993,8,04,1,
6233,00459,2022-05-25 15:05:24,25.49665,-103.41064,0,04,1,
6233,00459,2022-05-25 15:05:54,25.49666,-103.41063,0,04,1,
6233,00459,2022-05-25 15:06:25,25.4964,-103.41065,18,04,1,
6233,00459,2022-05-25 15:06:55,25.49558,-103.40944,24,04,1,
6233,00459,2022-05-25 15:07:26,25.49633,-103.40854,0,04,1,
6233,00459,2022-05-25 15:07:56,25.49703,-103.40638,27,04,1,
6233,00459,2022-05-25 15:08:27,25.49481,-103.4038,55,04,1,
6233,00459,2022-05-25 15:08:57,25.49361,-103.40257,7,04,1,
6233,00459,2022-05-25 15:09:28,25.49297,-103.40324,21,04,1,
6233,00459,2022-05-25 15:09:58,25.49158,-103.40443,23,04,1,
6233,00459,2022-05-25 15:10:24,25.49055,-103.40376,26,04,1,
6233,00459,2022-05-25 15:10:54,25.48926,-103.40503,16,04,1,
6233,00459,2022-05-25 15:10:59,25.48903,-103.40524,27,00,1,
6233,00459,2022-05-25 15:11:30,25.48749,-103.40565,28,00,1,
6233,00459,2022-05-25 15:12:00,25.48792,-103.40483,0,00,1,
6233,00459,2022-05-25 15:12:31,25.48793,-103.40483,0,00,1,
6233,00459,2022-05-25 15:12:56,25.48794,-103.40483,0,00,1,
6233,00459,2022-05-25 15:13:27,25.48794,-103.40483,0,00,1,
6233,00459,2022-05-25 15:13:57,25.48794,-103.40483,0,00,1,
6233,00459,2022-05-25 15:14:28,25.48795,-103.40484,0,00,1,
6233,00459,2022-05-25 15:14:58,25.48796,-103.40485,0,00,1,
6233,00459,2022-05-25 15:15:29,25.48797,-103.40485,0,00,1,
6233,00459,2022-05-25 15:15:59,25.48795,-103.40485,0,00,1,
6233,00459,2022-05-25 15:16:30,25.48794,-103.40484,0,00,1,
6233,00459,2022-05-25 15:17:00,25.48793,-103.40484,0,00,1,
6233,00459,2022-05-25 15:17:31,25.48792,-103.40485,0,00,1,
6233,00460,2022-05-25 15:22:22,0,0,0,05,0,
6233,00460,2022-05-25 15:22:26,0,0,0,04,0,
6233,00460,2022-05-25 15:22:32,25.48789,-103.4049,0,04,1,
6233,00460,2022-05-25 15:22:57,25.48843,-103.40441,6,04,1,
6233,00460,2022-05-25 15:23:28,25.4891,-103.40384,12,04,1,
6233,00460,2022-05-25 15:23:58,25.49001,-103.40437,12,04,1,
6233,00460,2022-05-25 15:24:28,25.49092,-103.40352,13,04,1,
6233,00460,2022-05-25 15:24:59,25.49155,-103.40414,0,04,1,
6233,00460,2022-05-25 15:25:29,25.49155,-103.40414,0,04,1,
6233,00460,2022-05-25 15:26:00,25.49155,-103.40414,0,04,1,
6233,00460,2022-05-25 15:26:26,25.49156,-103.40413,0,04,1,
6233,00460,2022-05-25 15:26:56,25.49156,-103.40413,0,04,1,
6233,00460,2022-05-25 15:27:23,25.49156,-103.40413,0,04,1,
6233,00460,2022-05-25 15:27:52,25.49156,-103.40414,0,04,1,
6233,00460,2022-05-25 15:28:22,25.49156,-103.40414,0,04,1,
6233,00460,2022-05-25 15:28:53,25.49157,-103.40414,0,04,1,
6233,00460,2022-05-25 15:29:23,25.49157,-103.40414,0,04,1,
6233,00460,2022-05-25 15:29:53,25.49157,-103.40413,0,04,1,
6233,00460,2022-05-25 15:45:05,25.49155,-103.4041,0,04,1,
6233,00460,2022-05-25 15:45:30,25.49157,-103.40411,0,04,1,
6233,00460,2022-05-25 15:46:01,25.49156,-103.40411,0,04,1,
6233,00460,2022-05-25 15:46:31,25.49156,-103.40411,0,04,1,
6233,00460,2022-05-25 15:47:02,25.49155,-103.40411,0,04,1,
6233,00460,2022-05-25 15:47:32,25.49154,-103.40411,0,04,1,
6233,00460,2022-05-25 15:48:02,25.49154,-103.40413,0,04,1,
6233,00460,2022-05-25 15:48:32,25.49161,-103.40422,11,04,1,
6233,00460,2022-05-25 15:49:03,25.49196,-103.40429,0,04,1,
6233,00460,2022-05-25 15:49:33,25.49326,-103.40293,27,04,1,
6233,00460,2022-05-25 15:50:03,25.49406,-103.40294,4,04,1,
6233,00460,2022-05-25 15:50:29,25.49496,-103.4039,22,04,1,
6233,00460,2022-05-25 15:50:59,25.49595,-103.40511,13,04,1,
6233,00460,2022-05-25 15:51:26,25.49704,-103.40635,0,04,1,
6233,00460,2022-05-25 15:51:56,25.49703,-103.40789,2,04,1,
6233,00460,2022-05-25 15:52:26,25.49584,-103.40913,28,04,1,
6233,00460,2022-05-25 15:52:57,25.49656,-103.41036,17,04,1,
6233,00460,2022-05-25 15:53:27,25.49688,-103.41027,24,04,1,
6233,00460,2022-05-25 15:53:57,25.49953,-103.4083,52,04,1,
6233,00460,2022-05-25 15:54:28,25.50225,-103.40579,0,04,1,
6233,00460,2022-05-25 15:54:56,25.50331,-103.40496,13,04,1,
6233,00460,2022-05-25 15:55:23,25.50498,-103.40312,42,04,1,
6233,00460,2022-05-25 15:55:54,25.50743,-103.40012,21,04,1,
6233,00460,2022-05-25 15:56:24,25.50798,-103.39952,32,04,1,
6233,00460,2022-05-25 15:56:54,25.50899,-103.39848,35,04,1,
6233,00460,2022-05-25 15:57:25,25.51148,-103.39588,38,04,1,
6233,00460,2022-05-25 15:57:55,25.51276,-103.39447,5,04,1,
6233,00460,2022-05-25 15:58:25,25.51275,-103.39446,0,04,1,
6233,00460,2022-05-25 15:58:56,25.51274,-103.39447,0,04,1,
6233,00460,2022-05-25 15:59:26,25.51327,-103.39408,0,04,1,
6233,00460,2022-05-25 15:59:56,25.5143,-103.39408,0,04,1,
6233,00460,2022-05-25 16:00:26,25.51451,-103.39408,0,04,1,
6233,00460,2022-05-25 16:00:52,25.51595,-103.39408,37,04,1,
6233,00460,2022-05-25 16:01:22,25.51741,-103.39406,7,04,1,
6233,00460,2022-05-25 16:01:53,25.5198,-103.39404,37,04,1,
6233,00460,2022-05-25 16:02:23,25.52162,-103.39402,22,04,1,
6233,00460,2022-05-25 16:02:53,25.52208,-103.39402,19,04,1,
6233,00460,2022-05-25 16:03:24,25.52359,-103.39401,32,04,1,
6233,00460,2022-05-25 16:03:54,25.52472,-103.394,2,04,1,
6233,00460,2022-05-25 16:04:24,25.52663,-103.39398,33,04,1,
6233,00460,2022-05-25 16:04:54,25.52935,-103.39397,42,04,1,
6233,00460,2022-05-25 16:05:25,25.53195,-103.39394,30,04,1,
6233,00460,2022-05-25 16:05:50,25.53465,-103.39387,36,04,1,
6233,00460,2022-05-25 16:06:21,25.53501,-103.39385,2,04,1,
6233,00460,2022-05-25 16:06:51,25.53501,-103.39385,0,04,1,
6233,00460,2022-05-25 16:07:21,25.53536,-103.39529,30,04,1,
6233,00460,2022-05-25 16:07:52,25.53535,-103.39601,26,04,1,
6233,00460,2022-05-25 16:08:22,25.53536,-103.3991,44,04,1,
6233,00460,2022-05-25 16:08:52,25.53532,-103.40271,46,04,1,
6233,00460,2022-05-25 16:09:23,25.53549,-103.40494,0,04,1,
6233,00460,2022-05-25 16:09:53,25.53549,-103.40493,0,04,1,
6233,00460,2022-05-25 16:10:23,25.53559,-103.40587,38,04,1,
6233,00460,2022-05-25 16:10:54,25.53559,-103.40895,41,04,1,
6233,00460,2022-05-25 16:11:19,25.53561,-103.4114,32,04,1,
6233,00460,2022-05-25 16:11:49,25.53563,-103.41399,9,04,1,
6233,00460,2022-05-25 16:12:20,25.53563,-103.41508,0,04,1,
6233,00460,2022-05-25 16:12:50,25.53563,-103.41506,0,04,1,
6233,00460,2022-05-25 16:13:20,25.53563,-103.41509,4,04,1,
6233,00460,2022-05-25 16:13:51,25.53565,-103.4173,35,04,1,
6233,00460,2022-05-25 16:14:21,25.53565,-103.41821,0,04,1,
6233,00460,2022-05-25 16:14:51,25.53566,-103.41958,9,04,1,
6233,00460,2022-05-25 16:15:22,25.53566,-103.42016,16,04,1,
6233,00460,2022-05-25 16:15:52,25.53566,-103.42165,19,04,1,
6233,00460,2022-05-25 16:16:17,25.53567,-103.42208,0,04,1,
6233,00460,2022-05-25 16:16:48,25.53568,-103.42322,26,04,1,
6233,00460,2022-05-25 16:17:18,25.53569,-103.42619,32,04,1,
6233,00460,2022-05-25 16:17:49,25.53571,-103.42845,4,04,1,
6233,00460,2022-05-25 16:18:19,25.53571,-103.42924,35,04,1,
6233,00460,2022-05-25 16:18:49,25.53574,-103.43135,20,04,1,
6233,00460,2022-05-25 16:19:20,25.53574,-103.434,10,04,1,
6233,00460,2022-05-25 16:19:50,25.53579,-103.43401,1,04,1,
6233,00460,2022-05-25 16:20:20,25.53582,-103.43576,0,04,1,
6233,00460,2022-05-25 16:20:51,25.53582,-103.43626,11,04,1,
6233,00460,2022-05-25 16:21:16,25.53577,-103.43854,44,04,1,
6233,00460,2022-05-25 16:21:46,25.53578,-103.44179,15,04,1,
6233,00460,2022-05-25 16:22:17,25.53578,-103.44244,31,04,1,
6233,00460,2022-05-25 16:22:47,25.53582,-103.44533,0,04,1,
6233,00460,2022-05-25 16:23:18,25.53583,-103.44718,30,04,1,
6233,00460,2022-05-25 16:23:48,25.53581,-103.44776,0,04,1,
6233,00460,2022-05-25 16:24:18,25.53581,-103.44826,27,04,1,
6233,00460,2022-05-25 16:24:49,25.53585,-103.45074,16,04,1,
6233,00460,2022-05-25 16:25:19,25.53582,-103.45366,38,04,1,
6233,00460,2022-05-25 16:25:49,25.53586,-103.45616,9,04,1,
6233,00460,2022-05-25 16:26:14,25.53586,-103.45618,3,04,1,
6233,00460,2022-05-25 16:26:45,25.53592,-103.45824,1,04,1,
6233,00460,2022-05-25 16:27:15,25.53589,-103.46033,31,04,1,
6233,00460,2022-05-25 16:27:46,25.53552,-103.46225,29,04,1,
6233,00460,2022-05-25 16:28:16,25.53506,-103.46435,18,04,1,
6233,00460,2022-05-25 16:28:46,25.53647,-103.46548,36,04,1,
6233,00460,2022-05-25 16:29:17,25.53731,-103.4657,0,04,1,
6233,00460,2022-05-25 16:29:47,25.5373,-103.46569,0,04,1,
6233,00460,2022-05-25 16:30:18,25.53735,-103.46571,12,04,1,
6233,00460,2022-05-25 16:30:48,25.53898,-103.46615,13,04,1,
6233,00460,2022-05-25 16:31:13,25.54072,-103.46668,20,04,1,
6233,00460,2022-05-25 16:31:44,25.54158,-103.46706,23,04,1,
6233,00460,2022-05-25 16:32:14,25.5405,-103.46768,14,04,1,
6233,00460,2022-05-25 16:32:44,25.54039,-103.46766,0,04,1,
6233,00460,2022-05-25 16:33:15,25.54038,-103.46765,0,04,1,
6233,00460,2022-05-25 16:33:45,25.54038,-103.46765,0,04,1,
6233,00460,2022-05-25 16:34:16,25.54038,-103.46765,0,04,1,
6233,00460,2022-05-25 16:34:46,25.54004,-103.46753,1,04,1,
6233,00460,2022-05-25 16:35:16,25.5388,-103.46719,22,04,1,
6233,00460,2022-05-25 16:35:47,25.53814,-103.467,0,04,1,
6233,00460,2022-05-25 16:36:12,25.53815,-103.46701,0,04,1,
6233,00460,2022-05-25 16:36:42,25.53785,-103.46691,21,04,1,
6233,00460,2022-05-25 16:37:13,25.53681,-103.46663,16,04,1,
6233,00460,2022-05-25 16:37:43,25.53627,-103.46647,0,04,1,
6233,00460,2022-05-25 16:38:14,25.53628,-103.46649,0,04,1,
6233,00460,2022-05-25 16:38:44,25.53629,-103.4665,0,04,1,
6233,00460,2022-05-25 16:39:14,25.53531,-103.4662,20,04,1,
6233,00460,2022-05-25 16:39:45,25.53505,-103.46593,13,04,1,
6233,00460,2022-05-25 16:40:15,25.53474,-103.46517,28,04,1,
6233,00460,2022-05-25 16:40:45,25.53532,-103.46247,24,04,1,
6233,00460,2022-05-25 16:41:11,25.53565,-103.46106,30,04,1,
6233,00460,2022-05-25 16:41:41,25.53576,-103.45933,0,04,1,
6233,00460,2022-05-25 16:42:11,25.53576,-103.45854,33,04,1,
6233,00460,2022-05-25 16:42:42,25.53578,-103.45615,40,04,1,
6233,00460,2022-05-25 16:43:12,25.53575,-103.45303,28,04,1,
6233,00460,2022-05-25 16:43:43,25.53574,-103.45294,0,04,1,
6233,00460,2022-05-25 16:44:13,25.53574,-103.45211,33,04,1,
6233,00460,2022-05-25 16:44:43,25.53569,-103.44921,4,04,1,
6233,00460,2022-05-25 16:45:13,25.5357,-103.44921,0,04,1,
6233,00460,2022-05-25 16:45:44,25.5357,-103.4492,0,04,1,
6233,00460,2022-05-25 16:46:09,25.5357,-103.44907,14,04,1,
6233,00460,2022-05-25 16:46:39,25.53571,-103.44682,34,04,1,
6233,00460,2022-05-25 16:47:10,25.53567,-103.44599,0,04,1,
6233,00460,2022-05-25 16:47:40,25.53567,-103.44574,0,04,1,
6233,00460,2022-05-25 16:48:11,25.53567,-103.44564,13,04,1,
6233,00460,2022-05-25 16:48:41,25.53565,-103.44287,29,04,1,
6233,00460,2022-05-25 16:49:11,25.53566,-103.4401,41,04,1,
6233,00460,2022-05-25 16:49:42,25.53564,-103.43679,34,04,1,
6233,00460,2022-05-25 16:50:12,25.53561,-103.43613,17,04,1,
6233,00460,2022-05-25 16:50:42,25.53559,-103.43376,7,04,1,
6233,00460,2022-05-25 16:51:12,25.53558,-103.43098,43,04,1,
6233,00460,2022-05-25 16:51:38,25.53557,-103.42933,15,04,1,
6233,00460,2022-05-25 16:52:08,25.53556,-103.42647,40,04,1,
6233,00460,2022-05-25 16:52:39,25.53554,-103.42428,39,04,1,
6233,00460,2022-05-25 16:53:09,25.53555,-103.42265,7,04,1,
6233,00460,2022-05-25 16:53:40,25.53553,-103.42189,15,04,1,
6233,00460,2022-05-25 16:54:10,25.53552,-103.42028,16,04,1,
6233,00460,2022-05-25 16:54:40,25.5355,-103.41903,14,04,1,
6233,00460,2022-05-25 16:55:11,25.53552,-103.4188,0,04,1,
6233,00460,2022-05-25 16:55:41,25.53549,-103.41676,41,04,1,
6233,00460,2022-05-25 16:56:11,25.53547,-103.41337,42,04,1,
6233,00460,2022-05-25 16:56:37,25.53545,-103.4107,29,04,1,
6233,00460,2022-05-25 16:57:07,25.5353,-103.40768,34,04,1,
6233,00460,2022-05-25 16:57:38,25.5353,-103.4067,21,04,1,
6233,00460,2022-05-25 16:58:08,25.5353,-103.40646,0,04,1,
6233,00460,2022-05-25 16:58:38,25.53529,-103.40572,34,04,1,
6233,00460,2022-05-25 16:59:08,25.53515,-103.40191,45,04,1,
6233,00460,2022-05-25 16:59:39,25.5351,-103.39755,50,04,1,
6233,00460,2022-05-25 17:00:09,25.5347,-103.39609,0,04,1,
6233,00460,2022-05-25 17:00:39,25.53471,-103.3961,0,04,1,
6233,00460,2022-05-25 17:01:10,25.53471,-103.39612,0,04,1,
6233,00460,2022-05-25 17:01:35,25.53472,-103.39612,0,04,1,
6233,00460,2022-05-25 17:02:05,25.53471,-103.39612,0,04,1,
6233,00460,2022-05-25 17:02:36,25.53471,-103.39612,0,04,1,
6233,00460,2022-05-25 17:03:06,25.53458,-103.3961,0,04,1,
6233,00460,2022-05-25 17:03:36,25.53366,-103.3961,27,04,1,
6233,00460,2022-05-25 17:04:07,25.53118,-103.39608,44,04,1,
6233,00460,2022-05-25 17:04:37,25.52853,-103.39612,47,04,1,
6233,00460,2022-05-25 17:05:08,25.52532,-103.39614,3,04,1,
6233,00460,2022-05-25 17:05:38,25.52325,-103.39615,21,04,1,
6233,00460,2022-05-25 17:06:08,25.52216,-103.39616,0,04,1,
6233,00460,2022-05-25 17:06:37,25.52214,-103.39616,9,04,1,
6233,00460,2022-05-25 17:07:04,25.52051,-103.39614,34,04,1,
6233,00460,2022-05-25 17:07:34,25.51797,-103.39615,9,04,1,
6233,00460,2022-05-25 17:08:05,25.51756,-103.39542,29,04,1,
6233,00460,2022-05-25 17:08:35,25.51757,-103.39383,29,04,1,
6233,00460,2022-05-25 17:09:05,25.51754,-103.38982,23,04,1,
6233,00460,2022-05-25 17:09:36,25.51632,-103.39086,41,04,1,
6233,00460,2022-05-25 17:10:06,25.51391,-103.39346,49,04,1,
6233,00460,2022-05-25 17:10:37,25.51301,-103.39446,0,04,1,
6233,00460,2022-05-25 17:11:07,25.51301,-103.39445,0,04,1,
6233,00460,2022-05-25 17:11:32,25.51301,-103.39445,0,04,1,
6233,00460,2022-05-25 17:12:03,25.51302,-103.39447,0,04,1,
6233,00460,2022-05-25 17:12:33,25.51303,-103.39449,0,04,1,
6233,00460,2022-05-25 17:13:04,25.51264,-103.39476,0,04,1,
6233,00460,2022-05-25 17:13:34,25.51253,-103.39482,14,04,1,
6233,00460,2022-05-25 17:14:04,25.51108,-103.39267,18,04,1,
6233,00460,2022-05-25 17:14:35,25.51038,-103.39153,34,04,1,
6233,00460,2022-05-25 17:15:05,25.50999,-103.39095,0,04,1,
6233,00460,2022-05-25 17:15:35,25.50973,-103.39056,16,04,1,
6233,00460,2022-05-25 17:16:06,25.50914,-103.38963,14,04,1,
6233,00460,2022-05-25 17:16:31,25.50835,-103.38839,0,04,1,
6233,00460,2022-05-25 17:17:01,25.5078,-103.38752,0,04,1,
6233,00460,2022-05-25 17:17:32,25.50663,-103.38567,16,04,1,
6233,00460,2022-05-25 17:18:02,25.50753,-103.38428,27,04,1,
6233,00460,2022-05-25 17:18:33,25.50928,-103.38289,14,04,1,
6233,00460,2022-05-25 17:19:03,25.50846,-103.38162,22,04,1,
6233,00460,2022-05-25 17:19:33,25.50774,-103.38054,0,04,1,
6233,00460,2022-05-25 17:20:04,25.50662,-103.38042,34,04,1,
6233,00460,2022-05-25 17:20:34,25.50483,-103.38183,40,04,1,
6233,00460,2022-05-25 17:21:04,25.5038,-103.38059,11,04,1,
6233,00460,2022-05-25 17:21:30,25.50267,-103.3812,40,04,1,
6233,00460,2022-05-25 17:22:00,25.50103,-103.3825,19,04,1,
6233,00460,2022-05-25 17:22:30,25.50109,-103.38282,23,04,1,
6233,00460,2022-05-25 17:23:01,25.5022,-103.38457,31,04,1,
6233,00460,2022-05-25 17:23:31,25.50226,-103.38614,27,04,1,
6233,00460,2022-05-25 17:24:01,25.50104,-103.38664,23,04,1,
6233,00460,2022-05-25 17:24:32,25.4995,-103.38385,28,04,1,
6233,00460,2022-05-25 17:25:02,25.49826,-103.38283,45,04,1,
6233,00460,2022-05-25 17:25:33,25.4966,-103.37997,7,04,1,
6233,00460,2022-05-25 17:26:03,25.49622,-103.38051,14,04,1,
6233,00460,2022-05-25 17:26:13,25.49616,-103.38026,0,00,1,
6233,00460,2022-05-25 17:26:44,25.49614,-103.38028,0,00,1,
6233,00460,2022-05-25 17:27:14,25.49614,-103.3803,0,00,1,
6233,00460,2022-05-25 17:27:44,25.49615,-103.38029,0,00,1,
6233,00460,2022-05-25 17:28:15,25.49615,-103.38029,0,00,1,
6233,00460,2022-05-25 17:28:45,25.49615,-103.38029,0,00,1,
6233,00460,2022-05-25 17:29:11,25.49616,-103.38029,0,00,1,
6233,00460,2022-05-25 17:29:41,25.49616,-103.38028,0,00,1,
6233,00460,2022-05-25 17:30:11,25.49616,-103.38028,0,00,1,
6233,00460,2022-05-25 17:30:42,25.49616,-103.38027,0,00,1,
6233,00460,2022-05-25 17:31:12,25.49616,-103.38026,0,00,1,
6233,00460,2022-05-25 17:31:42,25.49616,-103.38026,0,00,1,
6233,00461,2022-05-25 17:42:02,25.49612,-103.38031,0,04,1,
6233,00461,2022-05-25 17:42:27,25.49612,-103.38031,0,04,1,
6233,00461,2022-05-25 17:42:58,25.49612,-103.3803,0,04,1,
6233,00461,2022-05-25 17:43:28,25.49612,-103.38029,0,04,1,
6233,00461,2022-05-25 17:43:54,25.4961,-103.37994,0,04,1,
6233,00461,2022-05-25 17:44:25,25.49611,-103.37994,0,04,1,
6233,00461,2022-05-25 17:44:55,25.49602,-103.37967,0,04,1,
6233,00461,2022-05-25 17:45:25,25.49603,-103.37968,0,04,1,
6233,00461,2022-05-25 17:45:56,25.49604,-103.37969,1,04,1,
6233,00461,2022-05-25 17:46:26,25.49637,-103.37958,0,04,1,
6233,00461,2022-05-25 17:46:56,25.49681,-103.38,0,04,1,
6233,00461,2022-05-25 17:47:22,25.4968,-103.38,0,04,1,
6233,00461,2022-05-25 17:47:52,25.4968,-103.38,0,04,1,
6233,00461,2022-05-25 17:48:22,25.4968,-103.38,0,04,1,
6233,00461,2022-05-25 17:48:53,25.49733,-103.38091,37,04,1,
6233,00461,2022-05-25 17:49:23,25.49844,-103.3829,45,04,1,
6233,00461,2022-05-25 17:49:53,25.50025,-103.38612,50,04,1,
6233,00461,2022-05-25 17:50:24,25.50144,-103.38827,43,04,1,
6233,00461,2022-05-25 17:50:54,25.5032,-103.39163,17,04,1,
6233,00461,2022-05-25 17:51:24,25.50481,-103.3904,37,04,1,
6233,00461,2022-05-25 17:51:55,25.50551,-103.38983,0,04,1,
6233,00461,2022-05-25 17:52:25,25.50551,-103.3898,7,04,1,
6233,00461,2022-05-25 17:52:50,25.50472,-103.38849,6,04,1,
6233,00461,2022-05-25 17:53:21,25.50399,-103.38735,8,04,1,
6233,00461,2022-05-25 17:53:51,25.50329,-103.38626,34,04,1,
6233,00461,2022-05-25 17:54:21,25.50266,-103.38526,27,04,1,
6233,00461,2022-05-25 17:54:52,25.50117,-103.38298,5,04,1,
6233,00461,2022-05-25 17:55:22,25.50174,-103.38182,41,04,1,
6233,00461,2022-05-25 17:55:52,25.50294,-103.38093,29,04,1,
6233,00461,2022-05-25 17:56:23,25.50429,-103.38178,41,04,1,
6233,00461,2022-05-25 17:56:53,25.50508,-103.38168,35,04,1,
6233,00461,2022-05-25 17:57:23,25.50621,-103.38079,26,04,1,
6233,00461,2022-05-25 17:57:54,25.5076,-103.38026,21,04,1,
6233,00461,2022-05-25 17:58:19,25.50824,-103.38129,25,04,1,
6233,00461,2022-05-25 17:58:49,25.50929,-103.38294,0,04,1,
6233,00461,2022-05-25 17:59:20,25.50924,-103.38334,7,04,1,
6233,00461,2022-05-25 17:59:50,25.50717,-103.3849,49,04,1,
6233,00461,2022-05-25 18:00:21,25.50672,-103.38567,28,04,1,
6233,00461,2022-05-25 18:00:51,25.50786,-103.38739,8,04,1,
6233,00461,2022-05-25 18:01:21,25.50902,-103.38921,39,04,1,
6233,00461,2022-05-25 18:01:52,25.50983,-103.39046,13,04,1,
6233,00461,2022-05-25 18:02:22,25.50997,-103.39068,0,04,1,
6233,00461,2022-05-25 18:02:52,25.51042,-103.39139,29,04,1,
6233,00461,2022-05-25 18:03:18,25.51161,-103.39329,49,04,1,
6233,00461,2022-05-25 18:03:48,25.51272,-103.39454,0,04,1,
6233,00461,2022-05-25 18:04:18,25.51282,-103.39443,0,04,1,
6233,00461,2022-05-25 18:04:48,25.5134,-103.39407,18,04,1,
6233,00461,2022-05-25 18:05:19,25.5146,-103.39406,29,04,1,
6233,00461,2022-05-25 18:05:49,25.51608,-103.39404,35,04,1,
6233,00461,2022-05-25 18:06:19,25.5174,-103.39404,0,04,1,
6233,00461,2022-05-25 18:06:50,25.51943,-103.39403,39,04,1,
6233,00461,2022-05-25 18:07:20,25.52142,-103.39401,23,04,1,
6233,00461,2022-05-25 18:07:51,25.52199,-103.394,20,04,1,
6233,00461,2022-05-25 18:08:16,25.5228,-103.39401,29,04,1,
6233,00461,2022-05-25 18:08:46,25.52413,-103.394,18,04,1,
6233,00461,2022-05-25 18:09:16,25.52549,-103.39399,2,04,1,
6233,00461,2022-05-25 18:09:47,25.52703,-103.39397,0,04,1,
6233,00461,2022-05-25 18:10:17,25.52701,-103.39397,0,04,1,
6233,00461,2022-05-25 18:10:48,25.52866,-103.39397,0,04,1,
6233,00461,2022-05-25 18:11:18,25.53135,-103.39395,33,04,1,
6233,00461,2022-05-25 18:11:48,25.53368,-103.39388,43,04,1,
6233,00461,2022-05-25 18:12:19,25.53508,-103.39388,24,04,1,
6233,00461,2022-05-25 18:12:49,25.5354,-103.39503,2,04,1,
6233,00461,2022-05-25 18:13:19,25.5354,-103.39593,24,04,1,
6233,00461,2022-05-25 18:13:45,25.5354,-103.39897,35,04,1,
6233,00461,2022-05-25 18:14:15,25.53539,-103.40335,55,04,1,
6233,00461,2022-05-25 18:14:45,25.53548,-103.40468,0,04,1,
6233,00461,2022-05-25 18:15:16,25.53551,-103.40488,21,04,1,
6233,00461,2022-05-25 18:15:46,25.5356,-103.40838,49,04,1,
6233,00461,2022-05-25 18:16:16,25.53565,-103.41255,45,04,1,
6233,00461,2022-05-25 18:16:47,25.53566,-103.41373,0,04,1,
6233,00461,2022-05-25 18:17:17,25.53566,-103.41389,14,04,1,
6233,00461,2022-05-25 18:17:47,25.53565,-103.41595,32,04,1,
6233,00461,2022-05-25 18:18:18,25.53568,-103.41802,6,04,1,
6233,00461,2022-05-25 18:18:43,25.53569,-103.41859,23,04,1,
6233,00461,2022-05-25 18:19:13,25.5357,-103.42006,0,04,1,
6233,00461,2022-05-25 18:19:44,25.53568,-103.42064,20,04,1,
6233,00461,2022-05-25 18:20:14,25.53571,-103.42223,0,04,1,
6233,00461,2022-05-25 18:20:45,25.53572,-103.42451,41,04,1,
6233,00461,2022-05-25 18:21:15,25.53572,-103.42797,37,04,1,
6233,00461,2022-05-25 18:21:45,25.53572,-103.4288,0,04,1,
6233,00461,2022-05-25 18:22:15,25.53573,-103.42984,40,04,1,
6233,00461,2022-05-25 18:22:46,25.53577,-103.43188,35,04,1,
6233,00461,2022-05-25 18:23:16,25.53579,-103.4346,0,04,1,
6233,00461,2022-05-25 18:23:47,25.53578,-103.43534,2,04,1,
6233,00461,2022-05-25 18:24:12,25.53579,-103.43533,0,04,1,
6233,00461,2022-05-25 18:24:42,25.53579,-103.43538,12,04,1,
6233,00461,2022-05-25 18:25:12,25.53579,-103.43664,19,04,1,
6233,00461,2022-05-25 18:25:43,25.53581,-103.44015,37,04,1,
6233,00461,2022-05-25 18:26:13,25.53583,-103.4415,29,04,1,
6233,00461,2022-05-25 18:26:43,25.53584,-103.44319,14,04,1,
6233,00461,2022-05-25 18:27:14,25.53583,-103.44531,43,04,1,
6233,00461,2022-05-25 18:27:44,25.53582,-103.44753,32,04,1,
6233,00461,2022-05-25 18:28:15,25.53581,-103.44809,27,04,1,
6233,00461,2022-05-25 18:28:45,25.53585,-103.45264,62,04,1,
6233,00461,2022-05-25 18:29:10,25.53587,-103.45644,57,04,1,
6233,00461,2022-05-25 18:29:41,25.53594,-103.45903,0,04,1,
6233,00461,2022-05-25 18:30:11,25.53592,-103.46007,0,04,1,
6233,00461,2022-05-25 18:30:41,25.53592,-103.46006,1,04,1,
6233,00461,2022-05-25 18:31:12,25.53585,-103.46111,0,04,1,
6233,00461,2022-05-25 18:31:42,25.53549,-103.46268,0,04,1,
6233,00461,2022-05-25 18:32:12,25.53495,-103.46503,23,04,1,
6233,00461,2022-05-25 18:32:43,25.53667,-103.46555,0,04,1,
6233,00461,2022-05-25 18:33:13,25.53861,-103.46608,56,04,1,
6233,00461,2022-05-25 18:33:43,25.54004,-103.46649,0,04,1,
6233,00461,2022-05-25 18:34:12,25.54004,-103.4665,0,04,1,
6233,00461,2022-05-25 18:34:39,25.54004,-103.46649,2,04,1,
6233,00461,2022-05-25 18:35:09,25.54122,-103.46685,0,04,1,
6233,00461,2022-05-25 18:35:40,25.54163,-103.46722,8,04,1,
6233,00461,2022-05-25 18:36:10,25.54065,-103.46773,22,04,1,
6233,00461,2022-05-25 18:36:40,25.54,-103.46756,0,04,1,
6233,00461,2022-05-25 18:37:11,25.54,-103.46756,0,04,1,
6233,00461,2022-05-25 18:37:41,25.53999,-103.46756,0,04,1,
6233,00461,2022-05-25 18:38:12,25.53999,-103.46756,0,04,1,
6233,00461,2022-05-25 18:38:42,25.53999,-103.46755,0,04,1,
6233,00461,2022-05-25 18:39:12,25.54,-103.46754,0,04,1,
6233,00461,2022-05-25 18:39:37,25.54001,-103.46754,0,04,1,
6233,00461,2022-05-25 18:40:08,25.54001,-103.46754,0,04,1,
6233,00461,2022-05-25 18:40:38,25.53914,-103.46729,30,04,1,
6233,00461,2022-05-25 18:41:08,25.53725,-103.46679,0,04,1,
6233,00461,2022-05-25 18:41:39,25.53631,-103.46652,0,04,1,
6233,00461,2022-05-25 18:42:09,25.5363,-103.46653,0,04,1,
6233,00461,2022-05-25 18:42:40,25.5363,-103.46653,0,04,1,
6233,00461,2022-05-25 18:43:10,25.53544,-103.46625,23,04,1,
6233,00461,2022-05-25 18:43:40,25.53516,-103.46604,5,04,1,
6233,00461,2022-05-25 18:44:11,25.53482,-103.46561,11,04,1,
6233,00461,2022-05-25 18:44:36,25.5352,-103.46317,46,04,1,
6233,00461,2022-05-25 18:45:07,25.53567,-103.46106,12,04,1,
6233,00461,2022-05-25 18:45:37,25.53577,-103.45939,3,04,1,
6233,00461,2022-05-25 18:46:07,25.53578,-103.45869,33,04,1,
6233,00461,2022-05-25 18:46:37,25.53576,-103.4562,40,04,1,
6233,00461,2022-05-25 18:47:08,25.53573,-103.45305,0,04,1,
6233,00461,2022-05-25 18:47:38,25.53575,-103.45284,0,04,1,
6233,00461,2022-05-25 18:48:09,25.53574,-103.4527,15,04,1,
6233,00461,2022-05-25 18:48:39,25.53574,-103.44955,41,04,1,
6233,00461,2022-05-25 18:49:09,25.53569,-103.44905,0,04,1,
6233,00461,2022-05-25 18:49:39,25.5357,-103.44907,0,04,1,
6233,00461,2022-05-25 18:50:05,25.53571,-103.44903,8,04,1,
6233,00461,2022-05-25 18:50:35,25.5357,-103.44659,38,04,1,
6233,00461,2022-05-25 18:51:06,25.53567,-103.44563,12,04,1,
6233,00461,2022-05-25 18:51:36,25.53566,-103.44318,31,04,1,
6233,00461,2022-05-25 18:52:06,25.53565,-103.44259,0,04,1,
6233,00461,2022-05-25 18:52:37,25.53565,-103.44217,19,04,1,
6233,00461,2022-05-25 18:53:07,25.53564,-103.44034,26,04,1,
6233,00461,2022-05-25 18:53:37,25.53565,-103.43852,41,04,1,
6233,00461,2022-05-25 18:54:08,25.53562,-103.43643,0,04,1,
6233,00461,2022-05-25 18:54:38,25.53562,-103.43615,8,04,1,
6233,00461,2022-05-25 18:55:03,25.53562,-103.4358,13,04,1,
6233,00461,2022-05-25 18:55:34,25.53559,-103.4338,4,04,1,
6233,00461,2022-05-25 18:56:04,25.53561,-103.43089,44,04,1,
6233,00461,2022-05-25 18:56:34,25.53559,-103.42929,0,04,1,
6233,00461,2022-05-25 18:57:05,25.5356,-103.42924,4,04,1,
6233,00461,2022-05-25 18:57:35,25.53558,-103.42638,45,04,1,
6233,00461,2022-05-25 18:58:06,25.53556,-103.42373,16,04,1,
6233,00461,2022-05-25 18:58:36,25.53554,-103.42211,0,04,1,
6233,00461,2022-05-25 18:59:06,25.53555,-103.42164,22,04,1,
6233,00461,2022-05-25 18:59:37,25.53555,-103.42033,0,04,1,
6233,00461,2022-05-25 19:00:02,25.53553,-103.41957,26,04,1,
6233,00461,2022-05-25 19:00:32,25.53553,-103.41876,0,04,1,
6233,00461,2022-05-25 19:01:03,25.53554,-103.41871,13,04,1,
6233,00461,2022-05-25 19:01:33,25.53552,-103.41655,42,04,1,
6233,00461,2022-05-25 19:02:03,25.53551,-103.41542,0,04,1,
6233,00461,2022-05-25 19:02:33,25.53551,-103.41542,0,04,1,
6233,00461,2022-05-25 19:03:04,25.53551,-103.41439,44,04,1,
6233,00461,2022-05-25 19:03:34,25.53548,-103.41073,13,04,1,
6233,00461,2022-05-25 19:04:05,25.5354,-103.40906,52,04,1,
6233,00461,2022-05-25 19:04:35,25.53534,-103.40626,1,04,1,
6233,00461,2022-05-25 19:05:00,25.53534,-103.40618,0,04,1,
6233,00461,2022-05-25 19:05:31,25.53517,-103.40357,43,04,1,
6233,00461,2022-05-25 19:06:01,25.53515,-103.40122,6,04,1,
6233,00461,2022-05-25 19:06:31,25.53512,-103.39851,40,04,1,
6233,00461,2022-05-25 19:07:02,25.53471,-103.3961,0,04,1,
6233,00461,2022-05-25 19:07:32,25.53472,-103.39613,0,04,1,
6233,00461,2022-05-25 19:08:02,25.53473,-103.39614,0,04,1,
6233,00461,2022-05-25 19:08:33,25.53474,-103.39615,0,04,1,
6233,00461,2022-05-25 19:09:03,25.53473,-103.39615,0,04,1,
6233,00461,2022-05-25 19:09:33,25.53471,-103.39615,0,04,1,
6233,00461,2022-05-25 19:10:04,25.53343,-103.39611,23,04,1,
6233,00461,2022-05-25 19:10:29,25.53172,-103.39615,18,04,1,
6233,00461,2022-05-25 19:11:00,25.5309,-103.39613,38,04,1,
6233,00461,2022-05-25 19:11:30,25.5282,-103.39616,51,04,1,
6233,00461,2022-05-25 19:12:01,25.52606,-103.39617,11,04,1,
6233,00461,2022-05-25 19:12:31,25.52431,-103.39618,6,04,1,
6233,00461,2022-05-25 19:13:01,25.52331,-103.39619,22,04,1,
6233,00461,2022-05-25 19:13:32,25.52251,-103.39621,16,04,1,
6233,00461,2022-05-25 19:14:02,25.52038,-103.39619,41,04,1,
6233,00461,2022-05-25 19:14:32,25.51821,-103.39621,0,04,1,
6233,00461,2022-05-25 19:14:58,25.51757,-103.39586,6,04,1,
6233,00461,2022-05-25 19:15:28,25.51758,-103.39447,0,04,1,
6233,00461,2022-05-25 19:15:58,25.51757,-103.39196,49,04,1,
6233,00461,2022-05-25 19:16:29,25.51753,-103.38999,0,04,1,
6233,00461,2022-05-25 19:16:59,25.51724,-103.38991,26,04,1,
6233,00461,2022-05-25 19:17:30,25.5145,-103.39283,41,04,1,
6233,00461,2022-05-25 19:18:00,25.51309,-103.39442,1,04,1,
6233,00461,2022-05-25 19:18:30,25.51309,-103.39442,0,04,1,
6233,00461,2022-05-25 19:19:01,25.51307,-103.39443,6,04,1,
6233,00461,2022-05-25 19:19:31,25.51301,-103.39446,0,04,1,
6233,00461,2022-05-25 19:20:01,25.51302,-103.39445,0,04,1,
6233,00461,2022-05-25 19:20:26,25.51302,-103.39445,0,04,1,
6233,00461,2022-05-25 19:20:57,25.51236,-103.39511,32,04,1,
6233,00461,2022-05-25 19:21:27,25.51033,-103.39721,35,04,1,
6233,00461,2022-05-25 19:21:57,25.50852,-103.39917,0,04,1,
6233,00461,2022-05-25 19:22:28,25.50798,-103.39974,0,04,1,
6233,00461,2022-05-25 19:22:58,25.50699,-103.40096,0,04,1,
6233,00461,2022-05-25 19:23:28,25.50615,-103.40195,0,04,1,
6233,00461,2022-05-25 19:23:59,25.50474,-103.4036,42,04,1,
6233,00461,2022-05-25 19:24:29,25.50227,-103.40594,10,04,1,
6233,00461,2022-05-25 19:25:00,25.50162,-103.40638,28,04,1,
6233,00461,2022-05-25 19:25:25,25.49968,-103.40818,56,04,1,
6233,00461,2022-05-25 19:25:55,25.49758,-103.40993,0,04,1,
6233,00461,2022-05-25 19:26:26,25.49668,-103.41063,0,04,1,
6233,00461,2022-05-25 19:26:56,25.49669,-103.41062,0,04,1,
6233,00461,2022-05-25 19:27:26,25.49625,-103.41046,20,04,1,
6233,00461,2022-05-25 19:27:57,25.49576,-103.40972,22,04,1,
6233,00461,2022-05-25 19:28:27,25.49626,-103.40867,34,04,1,
6233,00461,2022-05-25 19:28:57,25.49706,-103.40695,34,04,1,
6233,00461,2022-05-25 19:29:28,25.49603,-103.40518,3,04,1,
6233,00461,2022-05-25 19:29:58,25.49512,-103.40416,30,04,1,
6233,00461,2022-05-25 19:30:28,25.49376,-103.40265,26,04,1,
6233,00461,2022-05-25 19:30:54,25.49312,-103.40314,0,04,1,
6233,00461,2022-05-25 19:31:24,25.49198,-103.40439,0,00,1,
6233,00461,2022-05-25 19:31:55,25.492,-103.40438,0,00,1,
6233,00461,2022-05-25 19:32:25,25.492,-103.40438,0,00,1,
6233,00461,2022-05-25 19:32:55,25.492,-103.40437,0,00,1,
6233,00461,2022-05-25 19:33:26,25.49147,-103.40425,15,00,1,
6233,00461,2022-05-25 19:33:56,25.49033,-103.404,28,00,1,
6233,00461,2022-05-25 19:34:21,25.48941,-103.40489,8,00,1,
6233,00461,2022-05-25 19:34:52,25.48834,-103.4059,19,00,1,
6233,00461,2022-05-25 19:35:22,25.48737,-103.40545,6,00,1,
6233,00461,2022-05-25 19:35:52,25.48801,-103.40479,0,00,1,
6233,00461,2022-05-25 19:36:23,25.48801,-103.40479,0,00,1,
6233,00461,2022-05-25 19:36:53,25.48802,-103.40479,0,00,1,
6233,00461,2022-05-25 19:37:24,25.48801,-103.4048,0,00,1,
6233,00462,2022-05-25 19:40:11,25.48801,-103.40483,0,04,1,
6233,00462,2022-05-25 19:40:37,25.48801,-103.40483,0,04,1,
6233,00462,2022-05-25 19:40:52,25.48801,-103.40482,0,00,1,
6233,00462,2022-05-25 19:41:22,25.48802,-103.40482,0,00,1,
6233,00462,2022-05-25 19:41:48,25.48802,-103.40481,0,00,1,
6233,00463,2022-05-25 19:42:53,0,0,0,00,0,
6233,00463,2022-05-25 19:42:58,25.48801,-103.40482,0,00,1,
6233,00463,2022-05-25 19:43:24,25.48799,-103.40478,0,00,1,
6233,00463,2022-05-25 19:43:54,25.48801,-103.40477,0,00,1,
6233,00463,2022-05-25 19:44:24,25.48802,-103.40476,0,00,1,
6233,00463,2022-05-25 19:44:55,25.488,-103.40478,0,00,1,
6233,00463,2022-05-25 19:45:25,25.48799,-103.40478,0,00,1,
6233,00463,2022-05-25 19:45:56,25.48799,-103.40477,0,00,1,
6233,00463,2022-05-25 19:46:26,25.48801,-103.40476,0,00,1,
6233,00463,2022-05-25 19:46:56,25.48802,-103.40476,0,00,1,
6233,00463,2022-05-25 19:47:27,25.48803,-103.40476,0,00,1,
6233,00463,2022-05-25 19:47:57,25.48802,-103.40478,0,00,1,
6233,00463,2022-05-25 19:48:22,25.48802,-103.40479,0,00,1,
6233,00464,2022-05-25 20:23:13,25.48803,-103.40481,0,04,1,
6233,00464,2022-05-25 20:23:39,25.48802,-103.40481,0,04,1,
6233,00464,2022-05-25 20:24:09,25.48801,-103.4048,0,04,1,
6233,00464,2022-05-25 20:25:37,25.48801,-103.40482,0,04,1,
6233,00464,2022-05-25 20:26:02,25.488,-103.40482,0,04,1,
6233,00464,2022-05-25 20:26:28,25.488,-103.40478,0,04,1,
6233,00464,2022-05-25 20:26:59,25.48799,-103.40475,0,04,1,
6233,00464,2022-05-25 20:27:29,25.48798,-103.40474,0,04,1,
6233,00464,2022-05-25 20:27:59,25.48798,-103.40473,0,04,1,
6233,00464,2022-05-25 20:28:30,25.48798,-103.40474,0,04,1,
6233,00464,2022-05-25 20:29:00,25.48798,-103.40474,0,04,1,
6233,00464,2022-05-25 20:29:30,25.48798,-103.40474,0,04,1,
6233,00464,2022-05-25 20:30:01,25.48798,-103.40474,0,04,1,
6233,00464,2022-05-25 20:36:37,25.48798,-103.4048,0,04,1,
6233,00464,2022-05-25 20:37:02,25.48799,-103.4048,0,04,1,
6233,00464,2022-05-25 20:37:33,25.48799,-103.4048,0,04,1,
6233,00464,2022-05-25 20:38:03,25.48799,-103.4048,0,04,1,
6233,00464,2022-05-25 20:38:34,25.488,-103.4048,0,04,1,
6233,00464,2022-05-25 20:39:00,25.48799,-103.40477,0,04,1,
6233,00464,2022-05-25 20:39:30,25.48799,-103.40475,0,04,1,
6233,00464,2022-05-25 20:40:01,25.48798,-103.40475,0,04,1,
6233,00464,2022-05-25 20:40:31,25.48798,-103.40474,0,04,1,
6233,00464,2022-05-25 20:41:01,25.48797,-103.40473,0,04,1,
6233,00464,2022-05-25 20:51:55,25.48803,-103.40481,0,04,1,
6233,00464,2022-05-25 20:52:20,25.48803,-103.40482,0,04,1,
6233,00464,2022-05-25 20:52:51,25.48804,-103.40483,0,04,1,
6233,00464,2022-05-25 20:54:24,25.48794,-103.40478,0,04,1,
6233,00464,2022-05-25 20:54:49,25.48799,-103.40479,0,04,1,
6233,00464,2022-05-25 20:55:19,25.488,-103.4048,0,04,1,
6233,00464,2022-05-25 20:55:50,25.488,-103.4048,0,04,1,
6233,00464,2022-05-25 20:56:20,25.488,-103.40481,0,04,1,
6233,00464,2022-05-25 20:56:51,25.48801,-103.40481,0,04,1,
6233,00464,2022-05-25 20:57:21,25.488,-103.40481,0,04,1,
6233,00464,2022-05-25 20:57:51,25.48801,-103.40482,0,04,1,
6233,00464,2022-05-25 20:58:21,25.48801,-103.40481,0,04,1,
6233,00464,2022-05-25 20:58:52,25.48801,-103.40481,0,04,1,
6233,00464,2022-05-25 20:59:22,25.48801,-103.40481,0,04,1,
6233,00464,2022-05-25 21:01:34,25.48804,-103.40479,0,04,1,
6233,00464,2022-05-25 21:01:59,25.48804,-103.40479,0,04,1,
6233,00464,2022-05-25 21:02:30,25.48803,-103.40479,0,04,1,
6233,00464,2022-05-25 21:03:00,25.48802,-103.40479,0,04,1,
6233,00464,2022-05-25 21:03:30,25.48801,-103.40478,0,04,1,
6233,00464,2022-05-25 21:03:57,25.48798,-103.40476,0,04,1,
6233,00464,2022-05-25 21:04:27,25.48794,-103.40473,0,04,1,
6233,00464,2022-05-25 21:04:57,25.48793,-103.40472,0,04,1,
6233,00464,2022-05-25 21:05:28,25.48793,-103.40472,0,04,1,
6233,00464,2022-05-25 21:05:58,25.48793,-103.40472,0,04,1,
6233,00464,2022-05-25 21:06:28,25.48792,-103.40471,0,04,1,
6233,00464,2022-05-25 21:09:37,25.48803,-103.40479,0,04,1,
6233,00464,2022-05-25 21:10:02,25.48801,-103.40479,0,04,1,
6233,00464,2022-05-25 21:10:33,25.488,-103.40479,0,04,1,
6233,00464,2022-05-25 21:11:03,25.48801,-103.40481,0,04,1,
6233,00464,2022-05-25 21:11:34,25.48801,-103.40483,0,04,1,
6233,00464,2022-05-25 21:12:04,25.48802,-103.40483,0,04,1,
6233,00464,2022-05-25 21:12:34,25.48804,-103.40483,0,04,1,
6233,00464,2022-05-25 21:13:05,25.48803,-103.40482,0,04,1,
6233,00464,2022-05-25 21:13:35,25.48802,-103.40481,0,04,1,
6233,00464,2022-05-25 21:14:06,25.48799,-103.4048,0,04,1,
6233,00464,2022-05-25 21:14:36,25.48798,-103.40479,0,04,1,
6233,00464,2022-05-26 01:05:45,25.4878,-103.40478,0,04,1,
6233,00464,2022-05-26 01:06:11,25.48783,-103.40477,0,04,1,
6233,00464,2022-05-26 01:06:41,25.48789,-103.40478,0,04,1,
6233,00464,2022-05-26 01:07:13,25.48801,-103.4048,0,04,1,
6233,00464,2022-05-26 01:07:43,25.48803,-103.40481,0,04,1,
6233,00464,2022-05-26 01:08:13,25.48804,-103.40481,0,04,1,
6233,00464,2022-05-26 01:08:43,25.48802,-103.4048,0,04,1,
6233,00464,2022-05-26 01:09:14,25.48801,-103.4048,0,04,1,
6233,00464,2022-05-26 01:09:44,25.48801,-103.4048,0,04,1,
6233,00464,2022-05-26 01:10:11,25.48802,-103.4048,0,04,1,
6233,00464,2022-05-26 01:10:40,25.48803,-103.40481,0,04,1,
